500 0 289
9 210 0
92 418 4
429 497 10
416 425 7
174 83 1
340 103 4
161 155 2
107 301 10
171 328 7
29 308 7
49 212 2
479 429 9
457 136 6
207 349 7
0 252 6
180 130 3
121 12 8
151 184 0
166 232 6
100 403 5
174 290 7
467 161 7
443 389 5
101 219 6
143 462 10
368 329 10
119 250 10
111 16 0
311 231 9
339 402 8
455 476 10
259 214 5
366 236 6
358 146 7
246 300 1
316 294 2
155 461 9
495 124 3
415 438 8
230 246 4
398 283 9
454 398 0
257 267 8
360 26 6
53 264 7
46 370 6
295 239 5
498 209 9
59 461 10
441 14 9
255 231 9
366 87 9
6 489 9
112 208 9
239 414 0
71 404 2
481 123 4
459 477 2
394 344 3
140 18 9
484 483 2
415 54 9
143 139 2
411 384 5
498 317 8
69 238 10
424 229 0
322 127 4
152 6 8
341 429 3
181 99 2
390 375 6
356 19 2
205 450 6
410 210 10
303 90 0
99 255 7
496 334 8
400 325 7
317 100 0
212 156 9
98 109 3
292 203 2
225 161 1
430 447 2
447 291 2
229 204 6
70 320 5
192 392 7
106 147 9
200 458 0
405 250 7
385 439 3
213 35 8
491 426 6
338 50 8
346 400 4
318 293 8
18 239 9
38 100 6
325 399 1
261 495 1
157 87 5
316 354 9
309 268 10
84 214 9
312 154 5
272 227 10
303 204 8
367 147 3
390 150 8
348 177 4
110 201 3
220 70 9
57 89 5
422 97 6
454 453 4
380 13 1
57 44 3
372 157 6
471 158 5
296 140 10
402 195 10
81 278 0
279 320 10
123 442 3
113 58 5
108 390 2
78 290 1
153 84 7
307 488 5
468 482 8
408 263 2
245 83 9
197 241 6
277 13 8
2 151 5
344 96 3
209 238 10
39 35 8
436 285 8
455 82 4
318 168 5
69 341 3
163 206 4
159 392 3
404 247 5
4 335 5
116 71 1
437 309 6
486 328 10
169 7 10
440 74 9
147 245 4
445 378 8
239 58 8
486 311 0
195 472 9
58 259 10
147 465 9
368 229 4
7 310 0
57 312 7
300 293 8
299 27 1
134 441 10
31 164 0
434 115 10
94 357 4
300 43 7
286 64 10
459 84 8
368 211 2
235 296 5
191 247 6
137 49 6
8 401 10
304 13 6
50 70 7
270 259 9
367 271 8
105 358 3
437 192 10
329 294 3
63 0 5
138 460 8
232 475 8
310 227 5
191 179 1
353 292 1
17 424 3
308 91 7
413 166 9
145 467 8
179 44 3
320 59 10
64 421 7
65 478 0
428 199 5
180 231 0
218 335 10
313 397 10
133 460 3
271 286 7
394 396 5
116 466 6
402 363 6
239 287 4
37 440 8
29 261 10
268 38 3
391 98 6
81 480 1
282 200 9
451 86 4
251 404 7
245 71 7
160 154 3
383 67 2
78 160 8
469 18 5
392 129 8
235 325 3
399 370 0
281 338 1
493 446 3
287 63 5
488 72 6
459 178 1
281 479 5
335 200 9
402 349 10
490 486 3
237 312 4
381 364 4
169 131 5
250 21 4
354 479 1
320 119 7
107 103 6
374 262 10
192 207 6
409 340 8
223 210 0
311 482 1
306 190 9
388 5 10
201 85 7
231 161 3
210 174 7
493 57 5
363 308 0
335 497 6
131 73 7
170 179 1
448 396 5
352 145 2
374 103 5
33 3 10
473 30 0
428 38 7
40 467 3
372 169 1
247 363 10
243 208 3
435 80 4
163 70 8
378 84 7
36 360 0
42 396 0
323 493 1
175 284 2
56 361 1
41 492 10
183 246 9
436 122 1
450 152 8
198 370 4
142 137 8
189 348 3
497 46 7
211 366 10
79 130 8
66 415 2
84 407 2
14 239 8
277 375 0
431 360 2
145 15 4
129 326 3
23 72 2
149 66 8
472 6 2
63 118 0
157 207 0
225 277 10
97 181 7
59 58 4
268 195 6
377 407 7
430 471 10
101 443 0
242 69 8
47 243 4
185 124 9
460 16 0
99 164 9
324 172 6
163 256 8
2 295 4
196 487 9
477 103 9
298 213 0
354 117 1
489 161 4
145 449 6
137 13 5
104 336 3
144 444 1
308 166 6
18 142 8
403 347 3
333 428 9
475 7 2
293 326 6
233 373 9
313 194 9
206 136 1
0 353 8
352 72 0
495 253 7
245 398 8
174 430 5
376 468 9
315 272 0
339 245 3
136 476 7
448 271 9
83 17 9
347 289 3
291 209 1
267 203 10
342 215 2
95 340 7
78 23 9
25 191 1
290 467 4
225 64 2
463 120 5
362 42 3
130 117 5
110 403 8
108 402 1
292 326 7
267 31 9
75 209 1
449 5 0
193 438 10
63 4 10
189 188 9
425 16 8
15 146 1
20 86 6
279 485 0
451 167 2
13 288 9
399 151 2
121 334 0
85 459 0
241 138 5
472 160 2
25 7 6
494 184 4
265 489 2
27 120 8
482 250 0
319 379 4
442 220 9
418 193 7
178 347 7
406 130 2
497 479 4
363 494 10
219 483 2
12 130 0
43 206 0
269 441 8
123 200 9
146 412 1
202 410 1
495 270 4
281 265 3
265 1 5
104 22 7
91 399 1
67 44 8
7 462 6
111 270 7
436 187 9
443 426 9
122 226 7
462 474 0
132 97 8
314 405 7
364 318 6
100 249 8
347 3 4
482 274 1
164 276 7
325 349 4
433 477 4
321 106 2
236 424 9
438 2 6
53 243 3
150 260 9
68 427 4
206 93 6
487 41 6
355 401 8
301 36 4
463 398 5
250 4 0
347 10 5
153 279 3
104 71 6
297 211 4
50 393 1
387 51 4
365 352 4
321 96 1
131 408 1
177 481 4
256 10 4
118 58 1
215 366 5
123 421 0
190 396 7
22 268 5
116 221 1
199 8 6
223 353 1
370 274 1
395 11 0
20 452 9
395 428 6
214 488 1
139 68 7
202 316 5
94 77 5
447 451 3
496 228 7
5 417 1
9 282 0
263 327 4
15 357 8
176 4 6
288 396 1
57 28 0
216 278 9
14 30 1
273 330 8
208 364 6
250 301 0
238 219 0
240 264 3
480 163 8
231 66 4
373 380 4
485 176 10
371 491 3
114 88 6
124 472 3
113 132 9
129 468 0
395 427 10
244 294 4
273 126 4
80 376 6
139 5 8
105 431 0
309 37 9
392 194 10
403 254 7
156 368 0
109 18 0
44 441 2
351 201 5
73 143 7
483 337 3
184 84 9
141 482 5
360 88 9
67 122 4
229 312 1
188 27 0
302 71 9
476 461 4
90 422 9
349 164 8
7 155 5
308 411 0
50 410 6
179 303 5
135 187 10
70 137 9
142 191 6
107 55 2
330 81 4
419 359 5
162 357 4
73 441 2
340 6 4
202 249 0
172 332 5
446 431 6
383 340 0
8 495 1
363 95 4
149 458 2
48 212 1
335 22 3
69 9 6
417 435 6
285 402 6
135 382 1
388 380 10
203 239 6
42 101 9
393 286 7
361 467 1
222 76 7
144 418 6
387 167 2
490 415 10
28 436 0
194 228 5
76 483 0
282 16 1
254 22 2
177 370 10
87 210 10
435 456 10
141 375 4
67 333 4
281 66 0
399 448 7
401 226 3
460 354 8
173 431 4
52 101 5
286 465 9
3 251 5
484 489 2
68 235 0
79 445 0
433 450 9
2 376 9
360 241 5
286 336 10
91 191 6
8 323 3
249 214 3
109 104 10
93 142 10
180 454 4
206 440 6
191 409 4
426 288 8
413 448 1
317 28 4
238 333 6
461 10 2
133 109 8
302 147 4
301 58 0
254 453 7
42 372 3
24 48 2
294 305 6
119 48 8
88 24 2
108 105 10
140 472 9
375 176 1
51 243 6
188 169 5
265 313 2
265 84 6
481 217 5
346 469 8
174 39 3
234 14 9
21 126 6
116 340 6
199 250 7
450 161 5
4 434 7
43 200 8
312 306 3
485 226 2
170 494 7
461 94 9
328 161 3
126 149 3
13 322 7
492 75 1
412 419 4
223 146 9
357 429 0
83 394 8
87 182 2
190 93 0
27 173 10
126 142 5
236 250 7
100 439 6
187 424 1
147 376 8
285 414 10
93 470 10
41 15 1
157 105 5
414 439 4
144 383 4
328 179 0
236 60 0
233 468 0
151 402 4
409 252 5
432 190 9
68 233 5
184 432 6
6 281 3
399 357 8
346 433 10
49 237 10
464 176 1
150 459 5
293 212 8
229 295 7
356 213 0
217 22 4
264 17 7
353 184 10
231 188 4
365 300 0
21 145 7
274 118 4
167 312 0
228 63 0
488 157 4
440 132 2
436 20 8
182 109 0
150 336 7
160 63 9
29 171 9
146 250 5
28 25 10
210 75 7
90 447 6
258 491 6
71 365 3
275 434 3
168 50 3
106 373 9
214 429 7
456 288 0
175 457 7
407 123 9
365 315 9
340 138 8
287 264 2
431 91 8
5 433 2
218 381 10
31 14 5
35 185 1
220 381 0
72 449 1
193 337 10
439 450 6
48 169 2
81 39 3
472 492 6
187 401 6
434 7 7
122 273 4
279 381 10
128 55 3
89 495 5
156 238 4
477 168 5
348 4 10
198 489 1
163 258 0
49 288 2
275 207 2
71 21 9
383 352 8
85 258 1
349 287 10
86 88 5
288 233 9
445 149 0
376 118 9
212 482 0
331 113 4
306 257 4
409 417 6
172 466 7
139 422 6
120 232 7
213 84 4
173 315 2
476 364 7
149 242 9
334 377 5
412 152 4
277 109 3
457 403 4
204 447 0
266 216 10
465 40 1
79 81 6
331 220 7
378 87 6
378 88 4
319 472 2
28 473 8
442 57 9
373 261 1
487 497 8
477 153 6
398 135 5
454 498 5
290 376 1
20 445 9
208 148 4
321 412 8
180 242 6
496 486 0
223 303 2
86 188 5
376 163 8
481 128 10
372 450 4
373 214 2
234 268 0
32 327 8
296 354 1
119 274 8
211 104 8
463 52 10
280 394 6
481 421 4
304 82 1
143 106 1
216 21 3
420 452 7
9 32 4
296 351 8
107 129 4
320 214 6
494 399 7
129 133 7
441 0 10
28 453 9
337 114 7
242 272 4
75 451 5
457 248 4
418 24 6
184 60 9
470 373 7
252 461 10
380 143 0
252 470 10
63 155 9
27 372 3
81 27 9
351 475 4
189 112 10
366 399 1
421 99 7
429 255 3
328 38 2
35 341 4
276 205 5
438 101 9
225 174 2
422 207 0
466 42 5
438 324 10
427 31 1
186 54 7
312 313 8
231 441 0
12 43 4
310 9 5
331 158 8
93 13 5
136 54 1
487 446 2
415 163 3
315 88 2
338 157 6
103 108 4
141 42 7
108 101 5
11 360 5
272 46 5
205 87 0
262 28 6
410 254 2
445 73 2
488 133 5
126 296 4
370 176 7
5 160 8
464 338 0
266 481 2
31 146 1
210 171 1
331 443 8
424 121 4
162 178 1
138 388 8
447 421 5
243 285 3
153 165 6
196 75 10
466 255 8
458 56 0
327 407 4
26 355 5
106 452 10
364 392 6
74 391 5
389 396 10
305 228 4
435 41 6
215 110 2
483 100 5
76 201 10
345 7 3
305 442 6
212 52 3
270 156 10
406 207 6
52 229 3
24 30 0
392 166 8
292 213 1
24 39 3
489 38 10
60 181 7
411 105 5
336 153 10
1 274 9
125 258 2
206 111 7
92 451 3
59 493 10
33 72 0
257 235 9
304 28 4
53 286 4
297 296 9
441 371 6
166 321 3
426 407 4
97 346 8
41 130 4
457 375 4
278 350 4
82 409 2
422 66 5
334 188 3
307 313 5
70 461 9
384 4 7
383 495 10
444 125 3
72 177 0
121 274 3
120 196 10
90 328 3
327 320 0
474 334 4
203 236 0
384 489 5
446 267 5
25 144 7
486 476 5
492 45 0
149 174 2
364 424 3
76 350 2
397 418 1
337 205 9
469 345 1
45 489 0
2 190 3
284 82 2
406 362 5
209 217 10
140 483 3
71 366 0
271 340 5
194 46 4
333 165 10
379 96 4
289 228 0
182 47 3
137 112 1
482 189 0
386 498 5
154 463 1
394 237 3
474 473 4
161 337 4
410 149 5
3 142 1
274 350 8
414 392 3
217 435 0
324 225 0
130 102 4
369 119 1
118 399 7
165 236 6
85 296 5
288 33 6
7 227 2
498 66 0
32 130 0
172 46 7
430 129 10
136 281 7
295 389 5
433 395 7
256 391 2
264 281 2
141 431 0
487 458 4
151 99 4
420 222 7
359 1 8
41 442 9
115 215 1
74 369 9
300 283 9
494 84 9
450 209 8
49 38 9
359 216 3
316 281 6
288 483 4
323 455 4
319 46 9
491 127 8
266 403 4
125 91 10
260 401 7
332 94 7
309 282 7
468 263 0
241 36 6
0 40 2
21 366 7
289 121 0
342 69 2
341 248 8
498 341 4
75 150 1
474 437 0
273 237 10
471 191 1
443 91 9
236 413 4
114 206 2
19 237 1
53 61 5
493 290 7
96 465 9
396 284 6
155 176 1
183 328 0
232 303 10
152 78 10
222 314 4
437 394 1
118 221 5
134 382 2
151 324 9
165 104 1
274 470 1
478 420 8
127 26 8
329 142 4
343 165 4
34 303 4
68 357 2
421 347 9
440 249 4
164 435 6
385 456 1
258 259 10
341 338 3
386 486 9
385 446 2
355 476 9
374 459 9
370 46 5
275 227 10
164 355 8
39 181 7
468 247 3
480 306 2
386 262 9
356 106 2
64 56 7
19 412 9
61 269 10
374 463 2
214 442 8
412 446 6
195 321 4
31 429 2
317 389 4
62 330 5
382 140 3
55 373 0
289 48 10
235 417 0
167 408 4
114 365 4
219 128 5
386 452 8
449 479 0
387 313 6
330 126 0
362 10 6
132 294 8
446 317 3
153 237 7
34 339 4
45 269 2
302 268 3
4 160 8
158 488 10
419 403 6
283 127 3
25 63 7
9 291 2
242 119 10
98 185 6
95 156 8
0 393 5
416 471 8
490 108 1
92 416 10
139 227 0
315 195 4
319 448 10
426 314 4
254 398 3
393 464 6
439 225 10
343 45 10
248 318 9
19 298 9
465 136 3
219 433 9
432 314 10
26 460 7
304 125 2
172 87 6
269 27 8
239 260 7
117 206 8
100 197 1
354 110 6
293 32 5
154 191 4
84 319 2
52 469 3
229 305 5
6 326 1
484 88 2
145 96 9
24 353 1
496 335 8
218 141 5
272 164 5
465 287 4
214 65 6
391 400 4
423 95 4
205 152 0
264 60 1
339 206 4
422 275 9
396 446 2
355 404 1
20 156 1
4 243 9
131 273 8
473 177 2
134 100 8
156 295 0
261 29 6
284 453 0
301 19 1
30 426 8
394 189 8
285 288 8
393 11 5
266 318 4
458 116 2
44 104 4
233 63 5
48 426 4
224 349 10
353 117 7
130 43 4
187 318 3
208 399 6
61 234 6
167 340 1
344 302 9
485 147 0
187 274 10
405 432 6
34 498 6
291 167 5
480 402 9
176 98 0
467 112 3
220 37 0
472 269 3
255 472 2
42 19 5
271 442 9
177 213 9
22 75 2
317 267 8
305 188 0
478 209 8
1 129 9
147 161 4
74 388 8
388 368 6
428 377 7
55 329 3
175 125 5
192 405 5
484 342 1
156 246 10
83 153 9
40 10 8
222 123 9
152 323 7
291 224 5
55 230 4
123 191 5
431 466 6
414 309 10
95 332 6
324 23 6
168 188 5
92 65 2
444 144 5
82 146 3
111 23 1
425 253 10
150 173 1
453 62 9
384 205 4
16 314 4
109 291 8
307 48 0
72 388 1
96 52 1
491 14 7
299 279 10
405 275 5
224 60 10
16 207 3
80 70 6
468 73 9
207 279 6
221 353 0
14 9 5
88 0 4
284 123 9
287 323 3
263 243 0
333 284 5
159 250 4
185 345 6
60 102 2
364 417 2
125 450 9
58 427 10
453 97 4
128 58 0
348 13 5
289 400 10
6 156 2
391 246 7
146 401 8
350 118 2
185 469 4
385 264 6
340 14 0
86 334 10
27 493 7
467 21 4
401 457 4
264 425 2
322 495 3
148 314 10
438 390 4
417 272 9
240 436 9
142 219 6
169 187 2
381 436 6
10 268 4
379 59 8
244 264 3
183 262 1
343 169 2
227 229 7
171 16 8
167 308 6
489 114 6
351 284 6
43 31 7
427 182 7
446 62 7
246 442 7
442 124 10
132 271 4
39 142 8
290 201 7
290 306 5
26 399 5
283 396 3
390 200 10
499 325 10
3 273 7
367 457 5
165 328 7
40 94 6
458 99 9
430 30 10
309 38 8
252 256 2
226 66 2
441 312 2
179 404 3
228 389 7
499 364 6
258 83 7
334 299 6
161 30 8
203 442 7
462 434 2
260 193 1
182 37 1
470 391 0
398 371 6
247 303 1
475 401 9
360 310 2
478 22 8
234 239 0
251 56 10
403 263 6
94 221 5
244 120 8
253 44 2
221 185 5
226 282 9
361 427 7
330 84 1
488 372 5
458 189 0
103 199 10
98 153 3
287 84 10
154 202 9
115 220 5
338 282 1
378 92 2
435 184 5
13 377 10
209 308 9
142 250 8
286 207 7
316 293 9
321 460 3
349 369 1
465 353 8
221 218 10
413 419 10
196 186 3
199 158 6
452 464 10
298 428 4
227 326 5
122 282 4
467 462 2
38 301 3
408 463 9
409 369 6
12 262 0
479 47 10
416 291 4
137 291 6
95 80 4
412 490 6
13 479 2
211 124 6
216 196 0
381 234 6
453 58 9
297 161 2
47 269 2
330 17 8
44 231 8
475 26 8
106 48 6
61 250 7
171 17 0
46 273 4
263 308 3
48 115 6
219 370 2
38 354 3
445 204 7
251 313 10
127 346 7
451 437 8
35 478 9
406 88 3
417 74 3
449 139 7
5 368 6
469 256 10
22 446 10
268 187 9
362 296 9
377 111 6
469 356 7
37 382 10
38 269 5
78 13 0
176 204 9
352 471 10
460 185 2
419 423 7
186 443 3
232 355 10
347 0 9
254 180 1
257 146 10
440 295 10
411 225 4
112 437 1
455 113 8
425 131 1
404 124 10
359 270 7
205 32 5
199 46 8
207 79 10
432 216 8
253 394 1
336 218 2
247 79 5
197 242 10
73 58 1
30 253 10
398 329 4
237 14 8
105 56 10
33 28 8
342 385 4
128 397 7
341 103 2
69 443 0
73 419 4
115 227 7
355 451 9
372 203 8
492 38 3
367 393 1
295 173 10
197 289 1
188 78 2
75 69 6
420 113 3
46 185 10
118 253 3
158 255 1
397 314 0
102 369 9
295 286 2
54 241 1
160 143 1
431 103 0
12 240 9
117 327 8
306 378 4
414 295 7
408 94 9
62 166 5
65 236 3
294 142 5
380 42 2
138 257 3
452 53 7
213 344 5
190 42 4
473 467 0
1 303 8
370 336 7
400 201 1
369 292 0
452 58 9
494 382 6
461 315 8
423 373 1
248 492 0
407 58 2
200 145 10
392 464 3
196 4 3
439 395 4
79 404 10
40 215 3
396 220 0
326 301 1
10 11 4
195 482 7
45 154 2
37 227 5
226 250 4
222 367 9
338 352 9
300 458 10
269 438 6
415 75 6
366 386 9
96 60 9
59 21 10
470 308 8
221 67 4
89 413 2
132 255 4
34 299 10
256 13 5
349 170 10
15 174 10
259 405 3
238 120 6
76 157 8
451 73 0
23 304 9
343 481 5
98 144 2
423 127 9
198 421 5
353 438 5
39 25 4
371 355 8
112 32 1
87 158 8
351 148 6
181 428 0
270 384 4
489 294 0
77 473 8
97 156 7
346 273 10
279 263 6
326 160 6
11 376 7
240 126 1
233 478 7
302 331 1
166 491 7
47 103 7
185 157 6
60 344 7
389 339 6
16 148 9
23 412 10
326 208 0
171 388 7
493 210 2
283 434 9
235 119 1
32 2 10
194 409 3
403 120 3
66 124 8
243 217 1
192 98 7
93 272 0
490 430 3
103 116 1
389 256 5
447 381 10
379 173 0
277 452 2
77 374 8
247 140 4
492 474 5
131 422 2
91 10 1
64 182 2
402 21 1
478 497 1
262 235 6
417 193 2
130 5 7
335 49 4
256 281 2
294 320 2
332 426 2
375 477 6
65 326 1
110 101 3
361 45 8
471 324 0
259 120 6
89 37 9
103 294 6
336 147 5
186 193 4
275 490 3
296 101 6
267 350 8
315 106 4
253 40 5
461 221 2
56 163 6
456 445 1
183 45 7
276 54 4
127 304 5
345 491 4
129 361 3
17 122 5
429 163 6
175 221 1
217 455 3
207 455 10
115 6 1
253 469 10
282 163 3
179 274 9
282 2 8
311 242 8
230 79 7
158 12 0
328 403 4
466 48 4
382 395 7
72 374 2
421 244 0
407 66 3
357 477 6
298 251 1
327 8 7
54 90 3
337 119 6
112 131 4
475 382 3
203 405 5
99 313 0
140 191 2
17 73 0
82 468 4
1 128 4
420 458 0
200 216 2
259 431 4
88 180 1
306 409 4
215 121 8
344 92 4
322 88 5
442 250 3
3 30 0
189 295 4
248 274 10
294 364 10
326 416 5
358 104 9
133 144 1
50 211 0
181 88 3
336 488 6
407 19 7
318 339 1
190 143 10
437 90 4
278 264 8
121 138 10
60 257 2
215 483 2
120 1 9
213 46 0
66 318 7
227 44 2
44 286 5
101 280 0
428 260 10
327 225 6
454 274 5
323 146 6
64 175 3
433 418 7
99 493 2
97 393 1
273 388 3
292 372 5
240 375 1
444 259 5
313 270 4
204 207 6
448 198 7
224 175 9
283 11 3
178 37 9
16 435 5
483 183 7
246 154 10
66 83 7
198 109 7
375 270 2
80 440 6
332 393 8
443 18 1
237 77 8
477 237 4
164 104 7
499 106 2
22 281 10
255 491 1
104 181 9
314 80 2
426 134 3
404 276 7
325 406 5
388 82 8
391 18 8
276 335 4
212 282 1
105 36 1
243 201 8
11 174 8
62 200 9
124 275 7
466 375 4
324 99 6
350 285 8
241 77 6
161 475 2
453 413 4
238 132 4
74 19 8
26 421 10
133 445 6
209 403 3
77 254 2
244 67 8
393 486 5
47 301 0
124 455 2
390 391 2
246 167 10
168 355 5
380 147 6
36 127 2
230 150 3
464 424 6
345 235 10
122 165 2
371 173 9
37 393 0
350 406 7
126 1 3
204 457 7
434 364 0
46 452 10
18 337 1
427 76 10
485 183 2
52 181 6
228 73 9
208 107 8
29 301 4
110 160 10
450 297 2
299 276 3
226 337 9
358 92 0
258 245 10
210 166 0
15 34 1
134 407 4
322 260 4
51 471 0
280 42 4
497 96 5
138 465 9
159 27 6
154 198 3
186 377 9
272 22 9
249 416 9
382 355 3
191 101 5
363 202 2
299 106 3
102 215 6
117 64 1
473 120 4
268 272 4
143 27 0
373 288 1
389 353 6
227 449 9
251 173 3
114 361 5
284 201 10
260 18 10
297 61 5
89 445 9
159 391 1
333 339 9
421 462 0
308 123 3
365 194 4
83 12 0
234 478 10
218 404 9
476 493 9
352 308 10
310 312 4
178 316 6
32 334 7
173 355 9
379 99 3
178 53 6
479 14 1
274 126 2
325 286 10
271 318 10
424 398 8
471 112 2
165 458 0
255 83 5
245 212 0
51 324 5
87 308 0
293 322 10
320 57 8
102 258 0
232 238 4
82 74 9
177 267 4
329 106 5
144 369 5
362 232 6
358 398 10
160 342 8
460 151 6
224 174 7
182 282 6
80 110 8
449 484 4
125 330 4
86 266 4
157 260 3
202 257 10
359 220 9
424 421 8
169 358 2
242 498 8
455 125 8
491 33 1
298 458 6
211 86 10
84 300 4
201 368 7
444 413 2
311 404 4
96 394 5
119 36 5
127 216 3
432 120 5
480 441 6
58 443 8
8 482 10
166 8 8
464 280 1
334 399 4
356 156 5
267 470 6
371 265 3
220 23 0
280 354 4
35 343 2
310 317 5
280 94 10
170 125 6
262 248 6
354 381 9
102 363 5
278 275 6
197 355 0
56 53 3
369 295 2
85 399 4
152 225 0
58 41 2
395 449 3
120 144 8
479 145 10
113 131 6
312 334 2
193 445 8
155 159 4
411 375 2
342 331 5
14 298 3
387 404 4
459 2 1
113 389 3
344 262 2
117 141 8
261 73 6
216 279 6
375 255 7
43 95 3
305 475 5
128 65 8
314 299 3
70 223 0
396 38 9
462 261 4
416 473 10
419 29 4
495 76 5
384 430 10
200 411 3
260 377 8
361 72 5
291 397 1
124 247 2
456 375 5
148 345 9
270 45 7
155 150 9
263 441 3
21 117 2
36 415 4
429 101 9
195 386 0
19 262 3
397 440 3
376 490 4
18 461 9
146 246 5
427 52 3
148 450 1
425 160 2
61 241 1
482 230 8
136 393 1
462 454 3
408 235 8
486 278 2
323 23 8
176 265 9
499 404 6
158 339 1
303 124 1
194 434 5
252 109 9
423 290 10
10 420 5
17 421 7
10 200 1
404 334 10
463 281 5
257 393 0
483 258 2
168 345 6
250 153 0
201 382 10
418 337 8
456 332 8
339 258 8
109 103 6
135 326 0
54 56 0
313 177 9
261 41 0
400 351 10
329 25 9
77 220 4
188 153 7
62 431 5
67 93 8
262 209 9
369 132 9
162 175 0
111 168 6
413 399 0
241 374 2
23 36 1
314 133 0
332 362 2
135 176 3
228 420 9
249 301 1
382 474 1
400 261 2
448 80 8
381 206 2
301 193 7
56 472 8
45 454 5
269 125 6
170 441 4
410 81 4
434 243 2
90 109 8
276 383 4
452 305 0
318 382 10
33 6 8
397 371 5
51 26 0
193 373 1
249 239 10
307 166 4
230 38 6
11 19 4
65 400 9
36 219 9
91 136 6
162 62 8
248 9 5
30 474 2
348 71 1
94 106 0
303 77 4
201 263 8
345 3 10
357 118 0
476 246 6
181 184 6
357 74 6
184 142 5
474 416 5
337 66 3
237 394 10
148 402 7
54 338 4
173 37 4
401 95 9
350 319 9
377 462 10
30 385 2
418 457 4
204 16 3
55 456 1
101 143 2
217 490 8
405 464 4
401 444 2
278 411 3
285 146 3
470 223 5
377 198 9
439 159 9
88 429 2
497 180 6
368 489 9
