1000
301 464 1795
643 330 791
636 720 816
363 485 399
38 451 1085
689 867 1448
727 907 1103
19 8 895
333 394 210
265 681 1784
381 486 712
865 736 325
712 604 1406
504 945 14
702 457 308
305 174 1023
16 37 334
447 834 1305
175 154 480
572 657 656
250 117 1114
944 598 1183
476 490 1567
26 39 1677
815 133 1032
307 305 583
334 231 939
469 406 231
951 348 986
335 954 1035
278 819 330
927 177 233
92 246 1248
178 364 1111
718 888 443
832 590 1241
394 605 990
682 243 982
577 299 727
892 395 321
274 390 1276
353 295 220
211 750 1157
280 483 377
983 172 371
978 12 245
396 581 1810
140 546 1028
520 191 1016
536 469 484
492 425 974
482 34 1317
409 755 1239
396 801 1508
314 886 1007
577 619 1655
261 332 1424
964 399 1577
235 699 1880
170 616 1829
808 76 1023
588 638 674
19 578 1740
760 804 772
152 559 1121
510 15 513
289 367 1714
239 613 1120
479 619 784
838 564 531
929 730 231
715 741 84
840 900 348
378 861 188
922 301 412
249 408 19
136 58 1035
242 162 663
382 752 33
740 136 87
342 462 959
961 685 128
804 424 269
20 571 729
380 794 142
621 695 174
762 235 1140
418 996 137
431 240 423
308 603 1648
100 930 1746
139 419 1146
494 80 1540
395 86 1922
625 667 682
846 756 869
633 390 1057
597 434 208
67 627 901
610 570 909
119 331 1271
308 114 1158
151 455 599
370 653 262
687 984 787
594 855 519
666 757 1304
727 386 1454
332 41 1082
188 97 535
669 637 1897
354 828 1746
69 928 310
413 504 1932
796 534 26
906 981 1678
838 667 1333
169 606 1976
569 823 111
991 312 1335
339 53 349
809 206 1582
707 681 1948
443 127 10
862 141 1170
915 441 547
331 78 841
588 482 1981
313 887 1159
724 313 1866
3 18 1596
965 362 1168
347 421 590
493 890 1565
539 26 1677
711 940 837
448 103 195
244 815 1289
65 914 1422
742 341 651
612 389 204
347 89 869
658 824 1701
968 724 1354
385 685 268
787 790 1010
195 213 718
367 707 1923
24 993 1912
478 701 1384
731 362 852
16 965 685
450 187 949
474 685 752
662 380 1574
350 515 1914
422 243 1369
222 930 1986
453 42 483
847 222 542
218 459 1616
975 226 920
948 788 120
460 845 1427
811 752 269
197 19 24
619 236 1116
132 47 490
427 305 503
280 519 1992
489 772 1320
141 609 325
794 117 482
319 261 251
574 772 42
902 897 38
436 669 936
416 468 896
58 949 1941
698 542 900
525 23 1670
332 116 1945
747 283 1492
974 696 1000
553 774 1245
61 653 503
741 975 858
505 51 161
427 288 1825
529 530 523
673 787 642
466 103 588
265 968 751
52 233 987
732 139 1901
140 645 778
857 463 1537
886 230 347
434 107 481
600 146 1208
770 543 1380
84 649 1518
616 489 1290
775 821 1144
446 975 469
59 664 1809
851 262 159
930 682 1181
609 315 995
764 387 375
821 158 1541
305 86 1708
771 670 1782
431 276 966
752 869 1655
25 156 564
946 608 646
201 596 602
649 8 862
576 330 121
735 501 826
782 737 1787
370 118 75
211 549 714
427 12 39
234 872 493
83 921 486
786 193 363
544 85 462
517 484 177
439 703 1390
924 249 205
769 182 1883
499 168 1512
171 940 1123
5 695 1940
192 759 424
197 546 624
920 759 883
967 930 925
521 760 1972
175 547 1573
585 992 308
400 248 1008
455 205 1867
984 573 162
111 620 1043
973 985 249
785 5 306
601 332 1420
363 501 645
595 287 236
556 710 1969
188 695 1764
111 719 666
799 217 1897
259 42 939
425 822 449
932 494 724
272 313 357
59 140 379
149 963 1189
439 515 1262
216 554 1886
373 979 53
12 116 185
598 735 1421
628 625 1554
588 132 783
84 751 1913
764 323 1129
530 697 759
705 750 4
611 53 845
811 478 789
439 554 1798
184 75 621
150 453 920
941 776 385
864 8 83
28 440 1601
659 887 837
623 580 289
467 211 1239
292 70 1973
375 301 230
522 491 1923
515 939 1630
378 492 710
726 153 972
424 635 265
566 306 1370
35 357 1798
198 531 1514
636 910 1303
194 483 1746
40 322 342
626 960 426
862 423 1494
932 560 1854
909 696 1376
270 793 1084
310 545 1771
214 948 1669
762 608 851
887 180 132
438 590 1926
170 534 1920
444 441 1942
97 530 266
379 137 1002
802 977 1572
858 261 15
823 521 559
90 84 240
188 922 987
237 552 682
853 353 432
774 483 1330
950 467 175
507 630 330
646 714 1015
136 93 30
841 674 758
95 627 1464
788 211 475
907 7 1685
163 725 1370
148 296 1693
682 213 142
692 379 1015
778 825 1824
574 924 1823
451 236 30
734 510 485
573 595 540
975 859 663
936 413 1053
891 482 460
546 930 1774
892 905 1892
250 245 701
475 807 1025
936 114 1186
684 116 1493
751 38 56
294 403 49
787 874 808
417 889 580
637 25 763
444 396 651
953 444 1118
206 590 1965
344 497 1512
112 57 232
937 7 210
650 439 255
359 267 682
252 258 723
233 102 86
405 163 268
951 960 430
20 834 672
942 518 1391
527 679 1729
459 692 713
904 893 451
931 389 845
303 662 1494
695 946 285
625 211 759
442 565 1087
885 680 1130
220 881 387
47 479 225
728 163 251
245 740 1082
389 462 783
311 56 1284
479 86 1533
11 288 119
43 299 941
626 592 1969
759 824 655
422 615 1175
462 654 306
361 558 1483
662 980 1954
715 317 93
169 245 1878
947 157 2000
442 746 1203
248 33 550
803 534 1725
708 891 273
230 426 699
827 199 1851
989 177 508
786 367 1490
453 348 1519
107 839 1268
629 339 1812
393 632 1359
954 974 835
970 415 1129
790 915 354
362 222 435
65 303 1960
435 195 707
738 334 1624
804 363 1425
299 91 1749
649 262 1745
247 979 712
783 887 722
255 6 1761
541 82 304
567 360 1051
317 916 428
284 40 302
348 562 1644
61 516 182
251 82 1960
639 3 1698
529 800 650
557 643 181
528 874 396
416 119 957
586 891 778
707 79 1026
48 775 331
532 589 297
856 779 1205
887 458 850
115 543 249
438 979 1454
646 466 63
229 716 431
445 607 1234
549 619 689
389 614 659
826 538 1746
591 964 834
34 479 1668
876 871 114
883 846 1943
421 573 1169
774 691 319
428 347 1443
399 623 1585
845 303 519
495 154 1931
985 162 380
485 308 655
291 952 1583
802 165 297
266 871 1832
74 356 771
299 676 615
11 344 1439
877 304 1835
423 760 1361
893 770 1206
548 264 1734
304 293 787
692 36 198
32 37 1388
998 251 484
538 619 188
184 765 1609
981 42 600
227 306 1696
330 569 587
13 132 631
240 712 1904
604 718 562
465 874 1904
489 789 1694
312 855 1213
799 604 675
893 254 583
107 958 1970
62 820 972
976 673 471
567 153 1305
895 380 142
868 245 244
537 113 1859
215 647 677
870 769 1327
534 566 569
933 350 26
821 336 1744
772 366 855
996 411 1714
332 711 1131
996 256 613
45 794 285
51 709 866
168 925 1334
282 524 1018
967 565 1114
356 909 1607
123 253 995
752 302 363
68 22 1311
679 904 1700
967 498 42
690 320 1709
493 834 1808
499 370 379
697 309 1280
989 90 302
918 649 627
670 543 598
941 133 1273
343 955 440
352 553 1507
98 541 679
500 435 712
329 292 599
531 84 90
964 776 338
939 997 175
832 893 445
810 258 748
270 73 1541
452 773 606
939 170 576
121 619 762
315 887 1660
383 640 499
165 127 1466
342 42 1362
145 349 54
122 63 810
728 688 1375
334 397 1540
148 793 922
839 273 1711
86 909 706
45 76 90
841 805 1173
362 903 1850
78 497 1626
720 427 1420
205 951 1924
753 494 304
50 887 498
926 373 222
783 141 267
819 546 1384
69 358 1680
466 101 832
58 556 444
86 460 754
207 829 1410
315 455 1858
650 847 908
410 623 1570
988 557 426
701 893 233
465 638 1357
354 681 409
329 498 383
830 784 883
409 561 103
203 409 914
165 734 1365
593 898 432
511 826 1227
529 719 141
855 493 404
475 747 932
399 602 534
164 362 259
826 783 131
675 101 1918
487 561 922
420 743 230
68 456 256
449 697 706
200 546 1828
5 997 673
813 187 1708
894 875 402
725 915 182
222 754 236
767 810 796
890 286 119
500 572 1603
46 674 247
733 610 657
803 759 481
624 689 1008
925 588 326
781 99 1473
345 375 1240
952 355 921
978 492 740
668 188 375
138 347 798
667 270 1190
822 152 1021
176 806 512
273 25 581
526 273 1612
531 786 1223
494 697 1167
37 617 1177
708 509 605
385 86 268
238 241 676
272 892 1023
17 225 752
63 600 1579
98 474 294
154 316 403
687 698 1845
697 24 696
928 785 1080
174 234 1697
239 736 1708
578 14 1696
618 265 1989
608 526 1464
307 783 331
825 747 1360
103 783 1662
661 230 1721
976 273 244
632 688 1421
415 857 110
901 110 1413
336 8 1033
42 612 25
92 897 469
769 310 695
899 109 1059
509 836 1947
330 539 1828
401 457 1594
185 411 589
529 54 1001
321 101 644
767 788 1510
302 678 1742
161 277 453
865 157 1344
806 260 1612
1 511 554
565 824 791
427 377 110
446 218 601
105 595 1163
203 428 331
246 705 917
591 531 1835
38 872 1321
726 228 77
894 837 912
96 472 1491
534 993 186
625 974 1658
705 298 1043
809 810 207
143 535 1844
322 877 1530
600 370 1228
488 651 1316
428 602 1385
18 166 38
356 562 1327
995 425 1918
371 374 1890
849 161 1722
576 311 61
615 69 1500
395 319 614
210 729 1335
833 952 800
637 579 1757
205 403 498
458 642 1110
848 573 10
521 82 371
406 770 1844
985 522 1254
554 830 152
610 813 1440
267 18 382
110 887 1136
88 988 642
830 226 1407
164 345 1817
778 897 1136
539 316 497
373 656 61
190 749 1009
725 787 1434
619 388 374
664 415 346
994 835 320
123 811 1628
476 7 1747
558 744 961
109 786 1402
306 599 602
161 203 1033
442 542 165
116 587 1316
733 42 78
292 839 184
783 913 548
203 563 193
641 453 203
583 728 130
195 933 1114
489 188 1798
870 101 1127
614 92 423
800 157 532
55 648 1024
258 856 1903
365 792 19
57 56 1861
281 318 159
239 485 1436
699 921 911
432 809 928
15 274 1370
603 86 1079
223 331 10
260 965 447
636 530 514
317 695 1567
481 252 149
672 126 408
336 435 969
839 577 1064
937 88 759
722 416 206
19 651 885
623 4 980
657 349 69
125 466 1709
806 236 1137
249 817 1180
290 955 1677
593 889 860
520 998 975
883 693 1315
335 709 1487
836 516 1510
719 394 714
866 27 1531
812 404 522
645 798 581
149 703 1307
970 299 1864
346 12 70
524 82 724
384 900 1486
466 374 378
430 434 1433
976 907 1261
938 601 130
580 986 1864
607 574 917
950 970 1101
504 499 920
46 297 1678
510 459 1522
410 326 987
380 516 1309
629 682 378
694 714 1592
773 389 884
423 288 1064
653 253 663
943 655 878
484 402 1508
895 240 1133
710 987 600
951 819 547
941 186 1733
256 124 1740
204 609 1350
784 317 675
888 651 1145
582 659 1361
574 278 830
914 340 1468
55 539 943
742 953 1690
679 833 703
904 833 351
4 85 860
589 440 798
645 353 1202
30 853 760
244 968 876
441 614 1925
926 797 839
909 511 793
37 794 683
295 223 971
587 461 68
581 251 59
314 834 1633
322 818 452
179 242 1293
991 285 510
559 146 1602
916 356 1276
457 557 20
502 878 1717
1 52 1651
871 132 1863
560 605 471
949 502 1159
522 753 1344
278 416 1608
583 873 1016
80 595 1726
224 118 1718
226 548 1161
440 687 1369
132 904 892
115 525 933
888 816 61
921 861 1459
180 105 1897
833 341 480
865 338 734
993 846 714
369 914 987
215 865 843
907 468 1834
770 214 1349
759 635 345
414 258 1859
269 70 241
865 666 160
585 577 1059
732 976 286
740 466 1166
162 61 327
943 266 1459
6 241 1538
449 427 708
281 512 876
483 862 1220
243 426 1127
678 504 1044
613 468 1492
798 859 825
709 482 1281
860 740 1046
768 299 1651
909 78 272
666 330 1185
748 781 1437
138 754 1701
891 464 1943
11 286 397
62 455 1005
297 752 1613
946 26 1443
7 995 1881
481 917 1042
504 735 770
526 340 1528
202 347 1806
791 405 564
360 625 84
780 266 693
173 309 1148
342 498 1015
122 132 197
127 399 1467
370 943 4
321 790 866
21 9 1723
234 995 603
988 265 932
771 370 398
982 693 1539
867 762 652
190 304 790
563 833 1066
756 571 403
692 328 229
544 472 193
209 563 217
530 223 518
971 421 1074
800 788 292
586 640 1045
893 153 253
489 253 689
355 973 1154
777 321 1471
321 492 466
382 165 1359
480 321 1830
120 323 1607
311 120 1869
535 776 1196
990 645 68
263 987 52
209 35 1762
71 352 1020
24 800 339
850 366 82
105 514 1970
103 638 356
338 737 1169
654 406 1147
387 274 488
645 684 1819
917 279 1616
739 688 1867
955 771 1944
938 316 1430
813 381 1424
295 821 178
392 42 1917
253 96 796
460 502 1399
517 95 841
653 408 64
550 2 1916
963 463 1478
102 910 195
21 841 1928
338 66 274
909 927 1026
542 713 1484
101 297 1874
393 508 1099
459 294 1028
618 386 1445
713 206 25
744 92 249
362 94 102
616 868 35
450 54 298
295 288 192
358 570 691
235 542 338
181 12 590
87 194 1591
578 893 1197
530 448 136
63 225 1524
949 262 1143
256 639 1187
131 751 1811
968 45 1839
906 416 1249
693 369 1462
340 669 1037
961 546 1395
499 904 1767
800 108 1819
318 433 1675
196 463 1693
670 490 1089
899 196 1355
594 241 1565
381 860 1811
903 492 876
189 933 1613
679 217 1413
603 989 656
642 207 216
875 72 1897
863 511 1941
532 662 888
181 306 1292
492 324 1998
868 524 721
894 940 1751
977 362 922
22 562 865
871 150 1611
656 729 1291
487 302 1890
878 502 1612
814 597 716
298 623 1922
683 563 453
864 967 1122
917 311 1772
606 568 1456
266 522 1243
173 444 1257
218 408 588
590 106 1178
349 18 343
213 800 1208
200 460 143
285 293 1188
648 407 440
674 19 1424
854 450 1210
641 685 944
367 642 1508
927 490 1906
43 330 1851
261 826 669
506 675 1176
977 46 690
549 734 1735
230 390 693
7 871 1922
271 160 1556
762 342 803
856 968 1530
350 946 1477
602 200 1354
391 448 1198
636 413 1280
211 604 173
475 831 1870
31 598 724
548 969 1569
997 796 285
294 442 42
158 910 294
444 815 1136
146 709 1055
776 428 393
986 836 1333
220 109 1789
595 537 956
121 133 1935
640 372 849
846 502 395
337 61 1417
398 452 298
112 912 1602
752 862 1785
465 569 1872
661 963 987
168 729 1057
716 318 927
708 169 1008
167 760 1510
208 354 10
735 500 238
304 445 243
644 533 1006
791 91 859
842 73 75
33 879 38
540 838 417
453 816 277
815 279 609
316 244 1361
873 110 309
828 260 1635
344 213 213
300 818 1432
729 919 110
289 256 339
564 974 1757
259 544 254
17 331 912
755 74 1841
441 109 1108
708 496 1909
179 295 669
8 234 906
972 514 1016
533 640 1941
754 595 1899
959 487 1841
864 691 1409
223 678 1721
228 814 416
992 606 838
434 515 844
785 984 1444
766 529 1030
867 0 638
729 929 1954
54 625 740
522 703 740
729 800 1177
634 750 1195
268 244 369
680 5 1312
580 108 1733
782 727 1035
823 660 588
511 732 883
958 715 191
421 24 387
786 345 248
850 537 228
673 276 702
416 14 82
801 73 1979
980 543 739
96 184 1586
326 796 1672
507 482 380
364 891 1001
501 795 1694
921 520 1143
715 726 762
901 335 1154
801 254 1394
676 695 1293
838 682 1480
287 951 1666
972 382 1700
796 496 824
687 777 1328
89 607 755
526 319 943
808 54 1623
771 433 1774
316 66 882
691 388 806
383 932 540
717 146 1480
544 927 319
176 636 1637
609 554 1856
985 825 1962
114 138 1245
596 560 306
776 260 598
564 971 1814
377 316 1634
312 959 1251
722 747 972
64 430 238
191 341 917
800 781 1489
144 357 1348
958 959 583
286 473 244
799 960 1434
120 157 1319
821 243 583
129 820 1764
925 899 616
764 4 628
301 150 1027
485 425 1669
168 39 900
957 310 517
848 696 918
366 175 1047
614 63 294
96 877 1221
141 289 283
554 462 1999
511 621 129
349 139 1669
774 265 67
31 554 329
205 720 825
528 990 436
655 461 1680
478 705 573
156 926 413
775 902 593
471 223 509
418 422 222
603 913 735
509 542 1067
966 170 1298
886 865 1542
984 500 283
923 622 33
750 983 57
227 210 1153
50 431 1204
267 948 1326
942 423 717
720 242 1386
818 462 1282
151 29 756
403 132 299
647 520 1014
61 550 949
468 19 1436
744 745 860
928 712 748
317 223 1390
606 538 1197
60 730 1869
604 474 1131
389 176 1807
824 350 657
100 868 361
6 563 84
413 161 1077
307 517 1978
759 205 1277
196 169 885
516 238 51
130 432 458
282 389 1626
472 735 1350
426 407 1829
8 757 490
957 703 762
210 995 860
676 73 383
151 924 1259
990 595 195
309 834 1885
809 51 1146
167 26 808
682 880 1203
918 829 171
90 87 471
831 956 1244
439 276 1673
547 691 195
345 522 1896
665 189 1125
436 921 552
406 748 1323
567 812 1424
870 881 747
656 113 1618
930 797 1784
854 198 605
298 649 763
583 305 1134
124 75 1574
919 974 1493
143 847 456
404 380 868
655 673 167
849 8 1240
345 25 947
434 303 1401
623 716 126
933 989 0
132 55 1218
484 694 214
881 573 729
842 522 1011
142 423 828
829 56 1634
304 524 771
425 24 1271
498 334 1389
445 51 1730
817 406 1409
395 901 1872
896 335 452
397 141 1962
557 530 293
428 498 284
595 367 1673
400 186 1731
811 119 157
334 754 1167
814 390 943
352 657 1188
641 210 1327
953 538 764
762 721 532
147 35 484
77 223 657
657 191 623
559 791 794
105 884 805
276 706 174
59 615 373
558 904 1028
784 519 1138
38 642 1459
758 435 1660
827 859 436
696 871 419
910 429 1192
418 856 1610
568 790 1838
93 647 1045
111 321 1914
790 355 520
187 431 1531
491 249 711
793 85 1327
657 769 731
940 275 917
356 640 1671
852 976 265
955 42 861
187 297 1430
502 375 851
744 517 1331
78 441 1867
373 335 1336
623 366 1859
137 903 653
433 312 1698
135 152 880
374 940 1051
743 827 1531
419 850 1339
383 565 1539
757 36 756
795 936 204
884 766 897
659 304 1200
253 980 1208
538 775 679
472 742 1759
486 209 421
652 267 1626
911 834 1875
158 950 542
207 413 1026
390 718 411
14 115 1972
591 469 313
716 538 866
187 689 473
749 754 1293
300 995 854
813 287 1592
648 26 1982
502 797 1702
289 146 684
934 38 323
209 604 221
125 815 809
338 449 1262
114 113 465
292 124 1964
407 781 1254
364 405 1376
190 290 167
747 950 394
910 176 876
139 409 140
644 274 303
280 305 1458
4 22 1731
837 281 434
172 351 603
101 699 1095
225 875 641
208 545 1914
840 601 397
44 867 867
956 705 1087
554 39 1691
464 366 680
235 16 821
845 52 1099
569 989 267
388 600 1181
617 13 1778
932 550 1902
904 89 1730
477 335 66
757 39 1261
565 873 1030
54 183 1193
403 502 738
335 87 902
558 507 988
929 516 564
849 545 1149
853 605 496
647 190 99
194 505 1173
874 428 705
956 595 605
714 41 129
596 792 1898
907 482 157
306 5 278
710 994 1505
57 375 1352
455 901 1490
227 229 1324
170 161 1157
806 770 698
816 959 835
81 309 1867
783 600 30
853 220 1184
399 636 1780
587 320 1578
777 580 1348
204 962 301
394 824 111
8 22 1994
348 958 950
408 561 842
180 502 358
835 265 1251
398 71 1853
688 381 1411
971 841 1464
0 385 1562
901 521 1652
64 791 1822
550 662 1619
860 920 1764
123 506 602
638 259 920
249 837 1250
667 405 440
129 814 741
57 714 597
757 476 1947
368 740 332
314 983 932
739 963 1063
900 578 1901
297 783 863
231 427 318
877 834 182
429 544 89
737 938 290
51 818 1192
71 386 1396
605 491 888
6 439 797
79 359 1691
951 275 1477
63 450 864
630 282 134
222 72 360
678 415 468
787 35 1745
714 254 1322
21 171 1335
6 36 1152
887 513 1260
16 230 301
964 229 677
974 779 1377
701 632 1354
226 450 1577
861 898 1134
847 617 1741
737 971 942
699 996 174
217 474 1451
537 209 1286
537 524 163
280 474 457
82 631 1178
473 304 64
760 74 1181
714 668 1147
466 821 1163
521 28 352
513 958 1108
301 210 1615
257 748 898
106 577 450
109 566 1019
281 347 1739
627 420 1015
683 430 1814
42 94 1295
578 715 833
957 453 48
359 410 1473
458 360 479
77 699 970
303 349 537
787 30 116
855 904 1660
911 689 1368
842 349 1915
4 836 1473
551 354 12
184 141 1289
426 342 383
202 701 1718
415 825 1358
592 17 1127
642 932 832
112 136 605
310 434 120
665 89 854
573 7 1764
448 340 861
769 430 1237
581 25 1576
960 306 189
605 876 403
518 751 1739
352 603 1626
744 659 1607
467 501 1378
536 68 1525
2 722 449
960 490 1352
83 318 212
162 993 109
396 508 1017
437 402 1105
306 792 1837
596 84 920
75 327 1463
602 665 178
843 925 457
366 396 176
989 180 1927
200 29 440
722 640 1699
684 905 1703
334 539 970
898 84 712
522 270 321
238 777 1143
139 733 797
875 356 483
322 540 1855
406 570 584
942 743 1978
417 370 1908
53 981 1840
142 172 796
157 439 450
477 968 946
15 395 497
766 493 1432
296 454 479
245 752 316
82 999 877
641 251 246
407 6 649
14 608 652
74 313 1027
908 219 1408
487 978 1984
371 147 1958
638 604 1498
97 558 1496
511 753 711
421 721 59
931 689 1542
278 211 1836
56 617 675
350 154 640
732 477 1186
745 721 744
869 352 537
804 874 1328
92 739 759
651 487 817
632 591 1666
45 819 581
431 517 878
825 277 963
584 309 39
863 210 385
436 545 1147
386 706 1448
765 13 1213
965 860 245
817 301 1041
960 667 1200
779 416 1884
551 277 1991
44 421 225
437 25 1485
293 941 177
607 453 47
3 865 588
794 412 297
126 208 383
327 343 1681
660 526 1810
152 303 961
515 145 602
751 380 218
570 641 636
995 664 258
755 575 1571
599 834 361
614 56 1954
875 500 930
225 460 1074
610 952 192
812 384 1316
255 769 1107
268 154 280
560 859 1416
144 600 637
934 138 1730
357 132 1605
219 853 30
468 658 1890
49 310 735
493 397 737
182 427 1938
644 481 193
628 617 202
315 46 1339
898 783 931
984 246 672
157 412 1170
948 896 1148
482 108 909
837 873 245
513 751 124
903 632 526
991 477 1997
377 341 1749
850 484 1470
285 119 1940
47 529 153
430 387 168
132 54 1020
420 348 1814
824 397 1499
943 776 1765
658 977 1160
145 233 1662
469 442 1817
462 119 1905
470 347 856
183 314 1163
699 899 1514
67 192 363
140 990 240
907 621 1710
987 725 1404
125 238 1698
56 580 1418
190 415 1650
642 849 667
510 983 1346
680 62 1264
656 756 431
146 510 681
53 822 673
95 616 1685
902 784 1530
765 307 319
706 132 560
138 167 1548
290 59 344
346 285 170
871 343 183
159 860 1918
694 882 147
76 211 689
507 77 1844
417 838 11
0 654 339
859 761 1718
348 544 892
611 834 1895
174 855 236
302 605 1260
214 470 1846
451 234 142
431 185 420
914 399 1203
483 501 184
925 352 550
784 942 1001
784 569 424
256 975 922
793 265 1992
571 111 1840
130 815 1640
997 973 1944
482 657 121
215 792 1029
271 348 611
90 585 892
986 385 121
981 766 1660
399 443 1220
586 370 931
590 933 14
226 437 510
856 553 181
180 879 1741
255 168 1845
983 716 1893
414 736 1815
911 13 1848
241 793 1803
17 425 1478
988 954 1516
278 188 1676
456 396 1751
871 707 1975
825 925 131
417 571 251
394 831 37
275 688 290
810 95 764
232 486 1462
994 881 31
21 637 1074
888 161 431
906 399 1817
440 476 422
730 655 772
608 127 912
388 138 1699
512 705 177
882 916 1509
903 908 1092
921 852 1747
26 894 1643
331 808 313
390 206 1100
965 842 1372
276 516 1955
76 547 429
320 518 1391
193 203 723
945 935 1662
287 197 193
252 244 1355
384 376 1015
789 135 437
933 569 1812
954 740 1762
244 929 437
255 640 921
592 960 200
993 358 1985
698 576 514
67 493 332
802 951 1199
766 121 447
30 770 451
878 569 973
798 704 1883
295 827 1397
505 538 738
95 301 396
579 364 1391
441 385 238
775 332 1219
846 129 274
434 74 1847
319 446 1011
180 247 1785
857 93 1300
290 631 751
974 540 487
746 100 1866
866 657 1706
654 124 1891
756 390 1312
379 990 1762
283 452 1051
274 165 1491
977 170 489
879 13 1965
193 747 772
718 249 1798
866 855 219
412 808 92
838 154 1658
993 389 1507
519 899 743
52 393 415
443 57 1515
640 298 1547
332 678 1893
621 693 711
628 841 1617
726 913 1864
131 984 982
818 174 1256
25 34 788
500 373 188
366 663 1172
471 407 188
266 477 1828
60 887 72
28 143 43
131 86 132
659 424 1372
984 524 1114
113 43 1544
827 371 412
796 495 389
673 8 1363
564 473 1818
47 897 1923
833 553 1817
282 441 1505
129 575 187
101 173 1818
549 600 1174
921 911 1627
185 892 1060
469 28 1920
519 937 1667
706 756 985
556 460 1970
599 895 328
843 107 579
696 549 792
455 132 1518
392 815 647
713 530 892
432 965 1275
861 499 1713
149 248 1116
900 883 350
510 850 585
879 925 857
754 875 1030
186 497 1553
13 174 365
217 898 1909
839 131 677
312 555 94
557 806 462
939 460 42
479 952 1292
579 584 1940
685 864 37
412 238 981
128 435 1865
531 881 1254
243 870 1159
612 619 836
749 867 1719
509 641 1989
927 283 250
259 212 887
592 660 689
328 848 1924
605 466 1244
859 959 746
237 756 1458
305 484 582
728 861 131
730 725 1992
327 504 1391
735 19 1192
430 406 1715
213 146 7
438 969 1690
37 727 880
240 379 1195
755 759 1009
745 758 1005
337 167 465
65 815 755
2 571 730
934 55 1564
545 220 1280
155 55 148
171 68 1596
40 753 620
27 616 1368
19 736 810
920 300 704
31 937 1620
961 575 458
755 714 448
361 82 37
691 781 1678
811 574 66
805 776 64
32 486 176
105 342 690
291 737 198
128 653 188
884 386 1769
91 276 506
263 458 1430
781 132 280
231 697 677
560 120 900
539 274 300
51 639 1209
314 472 579
161 644 979
716 958 1584
18 974 1446
158 554 661
547 573 765
887 91 1460
206 40 1746
9 330 717
127 760 1
81 584 1643
969 468 78
166 955 1889
53 796 1599
415 746 475
91 553 510
697 913 964
133 961 6
49 337 1987
566 342 1906
702 131 1390
304 195 878
363 509 1866
327 193 186
946 39 1409
440 527 976
834 576 1331
148 380 805
543 459 1555
772 275 1843
768 749 634
135 618 1565
458 14 525
646 506 1965
264 980 838
130 475 1393
114 458 1068
654 330 728
344 781 1487
917 397 731
757 874 1191
915 211 1925
955 27 271
212 973 702
476 515 1547
298 139 1742
558 575 8
966 402 1271
582 921 526
594 74 1522
836 711 1240
652 628 523
315 513 1413
820 886 1071
797 474 1790
386 698 1716
470 290 1326
705 849 786
98 118 1425
650 619 247
233 81 533
232 411 979
116 340 859
533 120 379
116 430 441
690 749 263
360 104 1064
268 283 1807
517 942 582
49 837 717
472 423 1822
492 585 1174
929 57 406
15 691 585
686 272 1683
815 355 601
106 322 1473
35 326 1178
468 805 641
819 582 236
92 939 1980
30 998 1364
87 108 1139
644 57 1643
956 675 201
142 102 837
655 160 863
936 362 1757
131 974 412
208 278 354
718 626 1881
916 502 1080
311 828 1090
958 254 744
405 27 1852
633 895 1687
352 418 85
493 628 1506
302 94 1396
238 249 1162
176 737 1186
369 129 1776
94 459 754
600 0 1836
889 195 376
429 319 626
183 123 1852
214 193 339
890 996 1880
567 435 1556
704 205 485
560 60 1598
228 34 1055
459 288 370
882 402 1875
816 583 1835
531 517 1963
924 70 723
962 446 1327
683 819 1940
360 22 923
646 387 1451
328 560 578
515 978 517
684 768 1798
28 608 1454
20 968 1497
518 381 535
480 862 526
238 972 1708
378 409 1835
820 279 1835
821 642 1411
720 580 314
893 492 221
781 61 58
846 131 1783
840 706 745
535 441 976
317 46 335
525 768 704
937 401 790
720 625 1849
968 802 1414
2 76 747
925 82 1046
657 355 1004
333 292 1146
828 343 1792
791 796 1802
171 116 1335
524 636 1306
663 869 1577
612 258 8
672 638 1950
44 509 1125
75 237 840
35 933 1335
550 80 1129
565 24 280
945 533 1922
330 380 1612
763 138 1384
642 419 204
484 161 1395
407 788 1734
548 808 1137
414 609 1849
676 903 870
681 1 143
802 162 322
763 820 1960
269 492 1310
652 595 946
897 967 1021
919 380 1879
150 807 826
467 929 568
917 108 1870
627 912 964
706 456 539
979 261 936
889 834 604
497 89 1753
738 463 970
854 997 1767
953 227 1303
688 753 1291
155 45 473
736 805 1631
470 433 619
872 464 1559
474 728 465
982 757 1435
341 388 1403
229 378 1570
415 714 1013
325 394 1471
525 608 1441
124 704 1993
374 280 1300
606 182 1604
764 750 1724
119 692 1057
794 968 1650
885 846 1389
452 684 569
632 159 1970
851 792 1954
540 849 724
872 831 1236
622 999 1924
911 999 67
38 209 1452
930 506 618
674 433 188
745 788 678
793 957 1681
824 660 1699
101 415 933
512 288 17
496 170 1365
690 766 1372
287 635 1497
86 419 1954
198 964 35
224 594 737
613 707 302
356 427 419
29 790 871
723 332 242
885 33 1930
368 627 934
819 761 520
97 525 602
29 28 483
562 679 1361
747 241 855
299 659 1765
912 419 1291
218 295 1680
979 599 528
734 447 210
691 247 1287
798 201 1641
50 704 290
733 716 1621
490 127 1812
357 597 93
557 169 1645
389 365 327
550 818 157
275 888 1302
447 248 1489
631 430 1496
899 392 174
580 600 882
538 914 1146
435 445 409
575 31 696
881 891 34
14 156 1053
464 884 1398
322 514 1406
758 34 602
99 523 521
767 852 1232
721 746 760
299 191 445
596 51 1156
183 218 1181
916 777 1985
978 205 1057
281 992 157
156 389 280
834 406 1133
714 514 1793
95 996 291
207 246 847
754 339 730
604 162 26
27 759 35
262 15 1052
103 421 76
756 115 1821
896 906 361
611 830 1068
862 707 1412
161 458 1456
10 517 1924
809 897 983
930 651 849
66 261 1498
524 257 468
661 936 1164
928 42 370
341 994 769
73 235 1655
559 277 656
995 429 176
620 192 915
975 888 1944
44 306 1472
580 816 1176
993 899 390
275 398 542
27 343 1361
954 322 996
508 590 995
844 237 1266
293 802 1721
857 401 1070
393 957 886
918 495 437
872 797 21
116 217 314
867 640 533
104 844 1950
698 552 510
269 64 101
401 655 610
325 423 948
270 323 1898
808 273 1757
411 863 888
248 416 147
640 947 1626
387 772 33
210 815 460
341 712 534
653 276 1942
124 755 545
484 383 489
449 52 1188
914 145 549
561 436 156
792 717 987
850 249 355
164 761 666
685 712 1132
323 550 582
756 774 188
198 641 1187
410 556 1038
403 703 657
76 34 505
873 535 1644
792 308 1692
931 136 900
895 297 1011
81 723 1653
674 444 1391
723 649 638
153 362 616
552 371 67
987 625 865
696 965 799
799 538 1029
647 780 663
41 694 682
413 168 1684
46 434 706
864 5 748
308 936 588
711 323 1823
527 365 625
666 688 1717
779 285 1888
456 665 7
832 231 5
394 652 1353
385 604 1578
142 670 687
496 321 114
615 89 283
233 911 1202
305 241 309
447 825 1788
26 397 1536
326 124 749
549 42 577
296 367 964
215 276 1594
400 175 784
772 184 700
181 731 1432
709 921 1795
935 337 865
213 721 592
285 915 1087
286 92 24
671 580 1387
525 605 1650
186 112 329
470 554 1564
700 30 592
183 750 432
978 659 191
169 463 682
934 732 1901
775 327 597
198 258 892
853 124 1897
28 86 1037
17 258 645
491 693 1490
391 231 1446
835 570 76
85 365 831
103 992 1239
542 42 390
245 191 840
11 884 1076
763 224 831
27 572 616
297 337 858
969 14 1527
89 767 412
216 803 968
726 231 109
453 290 259
97 823 976
696 560 28
944 443 1114
373 140 679
502 868 1579
836 310 1305
316 963 117
408 332 1531
246 124 1072
177 820 1014
146 183 662
324 12 1610
404 618 1270
851 696 1941
710 901 572
463 298 1514
545 362 1799
211 463 1329
669 35 1816
136 677 885
805 366 1382
807 326 686
801 595 1509
545 628 1656
719 771 1213
260 683 1038
40 757 1523
739 474 1170
913 83 1029
69 307 210
814 626 500
345 530 1142
677 595 979
997 159 343
80 533 550
869 291 943
409 635 335
316 657 1884
488 326 1162
153 891 1850
524 867 1751
616 990 1747
898 1 371
553 754 353
562 819 168
897 208 1662
68 772 281
391 208 494
912 696 1051
460 796 11
526 675 930
922 691 1230
748 592 1560
514 854 911
216 714 1974
571 697 586
761 613 1694
233 643 156
25 303 22
461 452 31
767 596 1456
248 778 862
147 712 1236
336 941 1308
517 332 762
937 139 1827
176 330 1333
486 78 287
199 453 1150
643 212 207
983 571 1472
58 152 1528
263 224 1922
182 559 171
234 502 1787
735 633 528
265 78 973
836 807 290
300 450 392
199 933 1270
795 658 1410
36 929 1984
252 669 1297
362 341 67
788 792 1882
514 467 183
506 169 83
577 762 142
228 790 47
62 148 856
914 183 1798
737 403 751
337 300 1540
495 698 1199
640 603 1658
971 234 1605
119 126 153
689 603 448
371 439 1389
148 659 1348
134 177 1003
987 940 475
456 50 406
291 871 1794
669 208 1152
165 562 1616
24 849 1994
638 82 1622
366 580 530
832 670 1382
145 568 1945
100 111 940
706 637 585
411 26 443
588 616 241
254 653 323
686 79 1043
22 982 608
593 841 539
949 331 1291
467 970 703
719 227 1297
429 749 1701
178 607 1701
248 26 309
913 482 62
143 603 104
70 966 841
878 948 1195
841 184 967
490 711 1929
29 625 1195
310 57 1879
251 658 767
754 35 43
425 146 575
141 42 1595
277 469 1889
405 101 1297
540 184 167
985 357 1504
12 310 429
217 857 24
115 300 1320
926 59 903
664 103 719
310 912 1
880 157 106
656 712 1243
947 976 677
903 570 355
313 173 573
475 550 569
710 468 941
118 722 1081
635 323 666
740 660 793
999 423 1831
805 622 1648
761 860 788
926 306 314
221 204 907
471 397 360
43 567 1550
553 815 1220
703 183 1545
288 700 431
803 150 354
5 458 1200
882 505 1910
675 963 1998
534 798 203
609 833 1963
128 474 1320
122 8 1527
354 339 1287
165 31 1592
106 231 1462
913 744 1503
997 811 1583
843 504 204
758 57 99
629 613 1805
458 317 1007
816 148 627
346 193 1763
661 394 1133
966 107 1520
363 484 1253
154 251 988
134 46 1021
446 794 550
207 569 1016
649 711 14
57 688 950
590 291 1597
409 492 1617
518 503 1652
246 695 1008
830 322 651
535 853 1690
478 933 735
422 910 1806
66 652 1841
182 570 805
869 652 960
750 245 561
981 674 1409
835 340 1138
241 262 734
375 822 91
89 572 1599
237 601 2
638 334 112
959 231 1117
108 346 864
474 343 576
498 734 77
542 387 1953
51 38 811
329 244 959
570 157 936
85 665 1240
653 740 326
272 157 1377
831 876 886
703 556 1798
816 555 263
938 3 634
512 741 291
135 752 615
571 585 800
257 471 926
108 682 618
561 650 1543
648 891 1453
134 467 234
94 864 218
262 797 1777
335 694 607
883 103 1224
685 213 1115
769 82 1554
159 311 1384
437 478 1559
309 692 1232
822 543 506
876 952 153
611 624 1910
230 602 824
601 823 415
257 734 1437
390 476 554
48 769 1254
828 43 58
742 695 1012
962 185 368
286 489 533
876 621 910
950 591 145
220 180 1018
575 213 1533
883 429 780
191 601 1848
451 283 720
158 907 86
193 475 539
222 559 1657
813 341 460
574 396 0
629 699 5
498 976 1211
456 348 1852
717 511 1258
583 656 14
499 580 737
753 321 954
743 249 920
438 440 909
350 411 429
776 883 113
24 627 1995
496 656 79
288 388 710
445 871 658
82 181 666
497 461 1214
331 856 169
869 10 781
494 580 1433
487 890 1344
765 7 1889
738 342 1619
253 193 155
645 251 298
807 984 349
637 706 1314
523 272 1319
73 478 11
554 61 487
630 590 1070
102 633 613
712 517 1157
408 868 745
891 524 1956
444 761 460
110 29 925
868 629 1726
677 79 881
643 207 299
546 990 123
946 83 1544
922 845 881
999 341 1343
888 556 1399
837 190 1076
944 435 1548
587 983 1265
829 725 354
464 904 1989
450 130 180
822 834 1076
353 527 745
288 310 1715
552 249 502
5 541 1137
10 394 703
86 884 303
553 116 1903
488 518 1493
969 643 1410
890 663 995
740 638 1459
91 864 756
206 453 711
412 232 1449
540 22 1062
276 631 1762
586 960 249
618 107 188
721 869 1876
699 707 1598
276 804 838
454 247 1551
32 290 27
986 9 1339
252 2 1286
721 809 1728
254 540 1006
149 170 733
513 931 1258
619 804 499
886 513 1161
192 299 275
575 884 1968
250 627 221
41 391 1564
457 262 1829
992 598 1308
943 641 828
201 627 1754
234 538 1473
48 718 339
221 836 1261
663 660 1239
908 976 1745
786 712 761
570 31 1891
773 896 960
64 958 1079
678 35 499
904 341 748
724 532 857
712 563 1349
120 351 515
376 735 541
463 15 1901
13 633 76
12 526 1003
727 734 66
738 20 305
778 574 688
99 999 1457
677 837 390
58 118 1451
22 438 1117
127 563 1851
688 27 417
357 372 1727
670 935 230
192 394 521
181 43 1794
948 633 156
347 527 530
717 925 1958
908 281 332
384 152 1207
561 838 1734
541 55 982
675 811 179
681 23 783
953 722 794
219 998 7
163 244 1342
351 370 1764
262 831 1456
313 272 1508
504 664 521
32 702 1784
694 970 61
59 423 1683
463 672 33
91 687 578
528 667 1220
575 673 1601
461 509 556
794 215 1306
746 921 220
950 618 1657
187 900 997
523 484 1175
520 853 1466
13 239 1051
655 503 1705
212 775 149
398 50 957
607 726 1072
555 482 397
579 663 1822
375 605 812
292 49 875
702 771 1762
537 692 1230
751 861 1587
533 347 292
340 237 94
465 451 1174
563 546 608
919 258 319
256 641 811
749 212 1944
954 938 1242
724 923 1209
600 175 1809
877 533 1826
66 423 425
34 569 207
906 973 1454
294 369 674
271 989 386
936 311 1495
141 872 1994
635 148 1086
302 533 1410
126 487 1218
23 628 830
705 265 305
154 224 1375
626 667 944
761 355 1913
681 640 1549
269 760 925
516 262 965
246 947 65
163 302 209
370 92 839
339 230 1794
650 89 1685
160 611 1586
49 779 1870
577 812 1222
443 41 783
860 217 1805
108 348 1236
701 18 6
527 72 1460
279 168 1568
918 422 60
318 334 1782
948 803 1936
607 302 283
359 525 195
264 726 1332
242 378 943
956 54 374
287 586 1137
555 586 32
546 226 1016
364 740 34
249 284 395
635 279 986
614 8 1022
826 532 124
508 85 1849
71 509 281
671 546 504
483 290 1203
232 766 498
153 856 843
773 77 278
320 798 582
592 335 1501
961 620 557
886 781 422
808 16 1525
680 267 555
803 323 319
372 326 1484
140 316 1340
518 783 781
496 394 439
247 135 1831
572 965 1911
122 840 670
197 680 1405
273 619 1619
573 710 176
156 57 826
447 891 1332
593 567 667
711 91 1778
920 570 101
752 165 390
617 73 650
457 966 539
736 468 728
55 86 1230
125 264 1031
860 169 1753
117 107 1059
749 598 1909
175 103 275
414 391 1458
343 920 1981
184 265 554
713 765 532
969 705 981
3 900 688
390 113 975
622 732 223
990 960 1455
391 134 1520
0 479 1076
497 786 191
56 72 1251
420 920 1172
1 360 1967
929 416 1523
290 242 495
814 877 1168
277 162 507
286 785 1328
746 12 949
520 634 1251
110 137 462
534 18 1046
323 0 1020
695 494 1799
162 390 1857
782 910 1373
69 470 1709
766 420 616
671 9 187
365 525 1583
927 0 484
186 68 1711
509 270 1102
201 816 33
568 875 271
778 590 1259
340 967 1755
357 42 379
597 362 49
397 662 511
812 540 984
52 379 418
649 266 1826
935 556 1885
980 500 1615
598 47 884
117 545 1961
288 52 1215
599 665 1691
397 890 861
421 642 213
167 696 788
253 767 535
717 425 957
72 224 52
82 312 1201
460 97 390
123 768 1720
624 97 1821
367 481 1415
501 854 1365
78 508 1713
428 68 1410
351 72 24
788 192 100
721 777 1948
639 206 1395
874 932 1024
152 944 803
831 87 1373
396 198 1624
401 431 1755
842 955 893
631 667 627
523 185 1244
491 469 1664
173 620 1019
739 89 949
482 744 1190
768 124 1132
882 819 232
615 439 466
994 958 16
78 983 1654
536 735 1255
915 879 527
381 769 500
848 456 371
928 790 260
355 344 1876
532 286 1953
433 854 839
669 917 1700
477 791 1579
384 430 380
651 944 320
265 688 255
77 422 732
388 154 671
532 290 788
605 84 1202
224 201 882
404 446 313
250 254 1751
166 614 1864
768 517 262
659 95 1969
541 499 65
461 802 1437
547 592 1682
979 650 93
902 975 159
258 899 1472
913 665 244
539 829 820
411 107 1231
506 78 1702
380 304 618
543 393 879
673 64 1493
155 753 446
380 608 77
741 429 122
844 311 990
690 363 1458
515 430 444
889 480 419
48 650 49
486 954 1133
9 364 1627
970 332 1476
551 336 636
374 672 859
559 94 646
990 263 1935
109 846 1933
633 719 644
516 300 1795
495 841 1483
229 878 1952
237 195 1422
854 43 845
79 439 1076
111 104 759
309 705 904
152 505 1216
199 140 1760
620 992 916
79 743 1456
80 241 1984
382 613 1002
433 45 1711
551 58 1466
168 889 1282
133 556 528
404 59 1851
231 842 1773
866 239 1022
307 906 1096
960 163 1016
406 865 28
840 698 1346
662 911 458
569 945 165
750 357 1293
128 49 639
325 9 579
861 518 89
273 10 691
9 0 1753
236 790 1142
858 137 74
337 131 1130
330 414 1050
792 778 1403
195 602 1470
759 433 424
93 854 525
905 36 748
271 446 1539
685 565 0
741 321 1376
947 300 1538
201 675 150
457 569 392
731 914 875
633 620 1008
815 910 972
194 222 212
542 810 1801
107 389 1438
145 437 57
725 636 703
403 423 1297
432 200 1841
126 142 1707
648 844 628
863 108 1312
85 743 533
868 628 1434
379 218 1615
617 247 465
630 940 724
218 507 1428
236 955 590
631 103 146
328 218 1755
472 457 113
663 481 641
33 623 295
924 117 466
88 420 1489
39 614 1872
852 819 255
436 764 1315
179 957 714
303 142 603
94 21 1142
910 957 290
935 42 1376
411 347 1612
241 708 246
284 343 836
715 486 1954
423 447 392
760 256 273
507 933 766
905 130 763
627 192 918
779 163 735
365 678 122
852 814 1141
193 745 1426
810 459 814
185 328 1947
727 574 1943
628 44 1230
279 440 1524
743 466 1739
300 759 628
76 673 1187
941 444 243
104 587 272
333 424 1842
41 835 616
674 941 609
188 565 11
119 496 1385
462 529 1985
303 217 542
73 772 754
664 409 1580
938 94 1713
747 441 248
381 594 1087
392 935 892
397 879 1955
819 640 1216
758 783 876
329 929 338
734 480 390
241 479 35
569 14 436
999 35 628
966 670 19
826 811 1305
750 938 209
264 157 1521
896 637 1190
374 229 1796
54 653 1405
326 98 1709
293 137 917
177 117 750
807 414 1023
240 113 1612
74 201 306
477 560 1870
651 730 1862
272 214 1763
963 634 565
375 113 791
320 714 1192
331 353 1884
348 851 98
562 74 1266
862 771 743
973 710 686
822 261 832
791 339 53
443 472 1773
324 424 1945
912 646 577
118 162 396
858 362 1166
75 183 996
923 868 685
971 738 1481
70 715 1182
723 41 58
505 10 358
347 601 1579
432 216 1925
533 80 1304
102 768 1974
328 767 1237
841 347 196
671 952 1305
114 151 808
407 511 901
66 931 1991
133 294 1996
634 947 126
150 366 752
634 952 1441
377 762 834
83 359 1848
93 322 1092
892 798 1108
164 686 381
160 210 1287
325 920 1592
514 736 927
616 632 748
267 357 1451
546 550 1868
468 887 563
552 672 208
998 472 1068
1 75 887
781 842 1469
43 114 705
620 721 1109
284 421 1518
831 917 1159
124 326 1452
923 48 1870
464 78 1728
71 586 96
736 879 1964
508 893 239
695 934 1088
177 487 107
247 718 1699
788 632 1290
275 543 1384
932 594 983
429 143 1827
839 178 1840
108 28 769
452 298 847
258 173 468
996 660 441
512 549 1131
323 222 1836
963 441 368
797 926 534
65 947 1315
668 528 667
454 973 139
975 445 1049
355 732 1960
39 147 1172
555 922 1421
528 173 1660
945 320 689
858 198 1277
899 378 1521
239 25 275
113 977 650
359 767 1157
843 27 1183
10 425 1452
372 809 1236
876 647 1929
319 150 407
689 73 509
459 973 1324
84 871 835
454 147 327
519 194 729
999 62 1041
973 146 1139
785 673 653
677 704 1170
451 121 1418
358 798 805
624 631 1240
279 69 505
563 33 587
585 551 455
598 757 1514
667 294 713
39 477 1300
150 315 1819
578 63 991
36 311 1696
905 312 756
485 77 1622
817 637 1325
601 181 445
880 557 70
933 52 402
254 529 1130
626 954 1522
981 669 836
820 61 1951
138 74 590
321 791 226
147 870 386
260 174 1392
196 529 1969
448 346 481
73 945 1742
942 627 234
293 227 914
178 550 1533
204 442 1927
974 361 1698
26 321 124
694 436 1654
67 467 199
668 409 20
23 632 1668
797 532 1456
343 744 330
513 137 780
810 238 561
461 813 1484
777 539 972
711 347 667
940 937 298
848 203 1300
339 23 1647
454 470 1440
308 648 944
192 502 730
474 914 756
760 398 1612
872 492 92
662 185 1974
585 152 997
227 949 544
61 892 791
730 966 682
834 404 284
189 740 80
199 215 1548
442 167 606
622 522 643
835 303 1408
351 594 1702
833 689 1426
514 764 1110
52 540 321
189 112 1299
538 228 142
789 277 1454
702 396 1225
22 411 206
277 693 133
796 338 1318
393 667 1060
634 98 1082
897 107 1271
828 124 755
488 439 351
665 523 1629
771 820 1565
50 516 611
728 348 150
897 522 1069
104 17 816
608 614 1849
536 208 1780
908 241 53
327 585 1945
379 550 206
995 812 1117
202 977 1546
386 424 247
154 710 988
424 489 1588
4 296 1401
14 559 1106
202 287 1872
137 438 1225
731 194 82
910 490 1837
587 794 1106
724 689 585
792 502 354
861 928 960
219 243 1017
364 513 1081
798 734 890
988 983 1785
683 85 1949
621 184 216
230 680 1072
863 493 425
579 450 1063
368 641 1551
955 277 1185
361 756 1006
349 735 516
503 889 1896
135 983 1665
368 789 1094
117 528 856
601 739 1674
10 356 679
99 941 744
437 429 952
358 730 1521
54 78 135
2 596 1942
829 638 1618
386 579 1682
178 201 1365
62 558 1486
191 208 311
874 13 1947
324 934 1814
419 583 844
982 665 1657
296 942 1305
284 584 913
748 317 1107
962 978 1793
920 440 1600
163 811 582
83 626 1528
455 583 1810
196 272 300
18 563 1677
849 103 263
402 740 1817
343 658 587
204 86 650
701 528 1919
581 864 1062
845 307 1386
723 283 1006
856 45 345
483 365 1732
312 479 146
632 780 1334
283 973 1437
88 157 1024
212 989 251
947 192 1988
34 279 326
763 162 746
670 521 1254
516 500 1717
311 776 726
885 646 688
137 555 1526
121 753 1923
603 243 851
693 692 1291
541 334 1180
319 743 524
298 104 564
333 518 889
552 386 676
450 682 1926
919 499 1774
261 276 14
452 754 1983
402 528 1994
658 486 1938
376 264 1972
599 325 17
679 859 405
676 811 750
156 918 431
435 367 909
977 768 521
952 117 102
964 136 1705
742 759 1239
433 183 23
0 4 1908
99 718 684
503 755 1300
107 740 1730
506 429 1983
112 514 525
751 80 1796
501 978 194
471 146 819
772 271 885
825 775 1113
807 999 1372
242 306 1444
423 237 218
624 814 1799
42 185 1623
707 175 1776
672 289 1823
231 668 78
189 409 614
704 594 1615
60 744 1285
463 467 424
949 934 562
753 683 911
998 896 404
604 40 78
144 7 117
678 785 1838
426 185 1515
976 912 167
200 197 1045
408 830 970
731 492 1121
197 182 47
68 592 1159
940 13 669
572 930 1753
195 10 804
660 24 533
336 836 1586
584 269 1730
675 89 1717
441 320 997
15 927 1945
991 87 687
137 592 1727
242 425 1517
939 836 284
130 814 1865
282 637 1411
306 983 242
96 829 263
666 792 701
98 362 671
606 403 481
491 82 131
873 961 532
372 408 1383
220 964 1978
521 907 1648
25 642 1602
203 525 1953
704 928 483
72 103 1485
245 322 1278
665 575 1591
139 326 1664
682 879 543
80 728 182
75 169 1646
338 528 1234
387 392 1751
36 85 713
681 401 142
602 264 1179
884 987 56
621 62 1427
979 736 1149
70 214 1821
970 193 999
226 76 1115
618 427 1428
519 236 1864
631 203 774
881 444 1679
277 97 86
369 555 1212
880 228 1446
136 933 469
998 280 1831
986 868 1253
877 248 1110
568 430 466
469 199 1271
151 861 1586
88 982 311
878 195 46
213 978 1041
424 977 1811
89 977 1267
548 349 1291
730 589 166
209 360 1853
952 160 1309
77 837 911
501 462 543
830 204 1549
418 634 1062
806 313 1470
369 22 1009
120 197 732
243 415 139
208 216 794
267 628 416
476 557 1748
845 907 853
134 241 1596
870 211 1351
700 0 11
573 336 1935
324 668 1405
210 7 436
547 947 1156
795 41 49
377 287 1814
610 406 1225
852 662 24
402 123 1415
805 597 1193
481 538 169
240 679 1662
900 468 710
42 550 724
268 976 1963
422 193 1988
992 426 1193
689 892 7
879 975 1317
535 223 1243
891 702 1057
582 319 27
153 4 120
244 750 308
37 266 280
7 697 1330
425 486 1137
419 904 1055
820 516 656
829 920 1502
294 45 1355
93 72 695
812 716 945
296 10 589
619 902 945
133 685 1802
182 936 1020
445 758 1212
647 36 815
712 19 1769
157 777 611
972 346 871
741 122 1117
257 128 1294
31 759 745
780 720 1913
473 487 1972
817 426 241
448 480 1032
387 919 1300
881 902 96
236 516 332
859 324 1564
940 130 1778
94 906 204
697 138 207
109 499 1805
243 823 717
774 55 312
33 587 71
748 507 757
719 275 627
630 195 1647
924 387 1445
709 965 644
660 469 1540
703 985 1140
480 693 649
867 322 1346
410 123 1941
74 155 295
205 987 1408
102 178 1144
395 494 1218
652 344 144
734 361 49
704 306 1600
639 775 1899
23 736 833
844 59 80
118 564 214
972 698 1152
64 429 1051
695 38 1284
355 875 1161
688 136 1613
175 786 1932
613 614 331
160 520 1254
440 40 260
106 904 1130
341 873 723
291 550 1340
9 158 729
651 820 830
126 386 615
844 145 74
561 101 1924
873 438 1917
770 961 83
598 458 290
301 442 1930
503 727 1642
18 146 741
117 910 236
223 264 540
992 17 469
935 403 750
214 766 270
566 633 1481
402 473 1782
664 844 948
177 681 1287
162 786 84
232 93 750
297 986 242
576 458 62
874 583 148
894 287 114
274 626 270
530 684 605
765 232 358
449 497 670
837 257 1151
388 916 308
426 69 1036
358 343 250
609 873 979
892 474 1394
497 518 999
973 468 949
896 549 1131
87 649 1840
236 966 616
56 218 476
589 743 1752
225 306 1589
944 391 247
159 774 1112
339 509 1548
263 824 1544
672 778 668
392 402 1548
620 798 1335
490 739 691
405 391 571
905 14 1559
555 526 1105
686 889 1258
118 470 267
266 54 488
556 757 857
716 834 1220
251 285 1385
36 612 611
818 790 313
987 600 200
957 849 792
608 262 637
795 197 848
597 313 1770
824 449 21
383 913 1482
590 771 826
818 634 526
884 674 1681
144 113 1771
261 540 1894
320 15 1450
224 373 1610
29 99 971
179 778 1455
584 651 1674
902 682 423
625 936 373
556 425 1759
40 721 757
962 270 1205
851 903 426
500 289 1663
989 98 1190
20 641 807
959 692 1981
847 958 471
700 228 456
30 672 595
371 804 1230
159 756 2
801 253 943
994 396 272
127 910 380
8 864 849
60 341 90
273 254 1379
952 970 1724
223 107 1640
890 678 1842
254 226 1558
385 776 175
776 829 328
157 450 399
505 720 1716
171 157 118
212 717 1759
959 170 34
481 9 864
895 518 1250
285 236 1128
594 194 1796
965 788 189
274 76 1023
39 910 1703
376 531 1873
155 737 1205
589 211 1090
790 973 1539
572 531 289
545 780 219
279 552 1948
793 367 517
186 171 1107
435 774 788
41 517 1333
258 898 1753
576 728 1675
834 960 27
855 348 1019
980 858 1491
804 405 176
354 179 1059
160 35 1277
736 329 395
430 863 1752
823 163 665
318 221 1459
264 676 760
595 996 910
229 929 904
582 88 1262
827 544 47
643 84 1052
967 759 939
544 82 1549
228 206 417
7 319 244
570 427 1849
660 627 863
360 337 1319
16 405 1898
313 528 915
479 226 1657
916 643 58
562 655 1447
113 556 254
773 273 452
485 450 1713
416 920 1058
309 423 1239
753 314 839
691 358 417
635 427 1628
486 717 1136
613 978 61
591 789 1151
915 63 835
912 553 832
70 347 1899
982 34 1898
174 414 619
780 996 1050
372 736 290
823 212 460
247 127 623
789 758 1957
480 442 126
790 797 1214
398 857 1010
90 748 989
84 704 111
104 950 1359
490 861 700
378 890 945
922 245 45
684 110 1864
221 157 1558
170 19 500
172 36 879
732 430 730
770 499 1833
85 42 868
693 796 1521
700 329 646
718 188 742
326 916 1820
419 735 1700
283 934 1324
563 638 964
789 217 1052
23 581 1703
722 190 565
745 566 1698
746 591 712
219 190 277
166 542 1906
797 42 1632
100 678 924
779 207 1464
206 801 1642
191 109 1496
729 261 946
503 319 877
725 955 1881
492 341 1400
473 718 1008
686 558 264
424 696 864
173 688 782
113 268 310
35 275 1153
543 180 1750
707 316 963
251 367 1234
523 216 719
667 267 201
289 240 354
172 106 1888
996 565 215
875 964 1685
584 561 1021
945 762 372
45 688 81
185 475 234
980 549 1682
110 634 800
361 312 1573
898 25 806
353 273 187
589 728 834
901 539 146
963 643 1033
857 396 1842
581 888 1546
612 943 319
115 589 324
761 92 1392
342 513 1157
413 93 1017
3 14 1472
931 513 1742
923 939 839
72 856 8
709 271 1163
262 5 668
147 373 1874
81 650 1195
713 75 1898
340 920 378
597 960 1964
473 336 1170
566 925 1230
968 745 1043
129 135 1657
462 683 1655
780 145 551
654 356 637
55 77 952
260 981 1061
617 115 1910
446 284 1326
166 843 727
639 358 883
367 469 1486
658 972 89
318 158 1526
33 274 375
47 824 714
733 250 1573
400 50 1324
495 139 1277
46 861 570
401 684 1763
420 132 647
698 383 1779
382 987 897
543 808 70
900 876 629
785 952 448
79 670 391
172 866 101
169 395 1699
565 823 530
693 116 1271
259 68 1756
494 320 853
847 313 157
889 16 1504
602 136 134
365 823 30
12 685 1787
703 490 383
34 343 1325
880 868 1149
743 716 1992
283 24 1472
637 255 719
346 461 1912
627 637 202
344 108 1294
527 979 1290
143 428 717
217 818 1202
615 311 646
216 828 1882
879 942 82
478 439 1860
323 617 1956
87 245 1894
571 777 1958
983 267 148
174 404 553
568 254 461
508 302 922
412 806 1855
855 162 140
351 683 536
353 649 1110
63 591 1938
680 77 248
270 509 304
376 451 606
498 113 1739
221 658 1338
687 377 787
859 78 1399
782 702 1617
225 687 32
146 287 980
663 590 753
737 177 879
777 899 985
349 513 1155
194 125 1861
668 989 1167
167 201 1335
235 89 1832
692 791 643
121 596 944
564 301 1160
958 162 1402
53 268 1279
72 557 1098
622 710 1058
