500
467 370 90
26 336 652
127 156 887
92 234 645
177 263 604
432 204 927
166 445 356
393 335 937
419 485 800
404 28 902
412 58 426
168 7 213
328 272 683
116 435 488
489 221 561
120 267 288
204 2 379
472 364 805
458 430 591
199 498 883
424 475 767
131 144 608
64 195 964
324 48 176
110 423 715
185 495 697
481 215 56
8 239 933
489 5 488
43 112 525
100 396 358
197 334 397
334 345 518
390 230 240
108 241 292
288 172 48
476 345 615
285 141 115
289 49 229
39 28 818
37 29 522
315 216 21
89 222 766
304 346 866
496 348 667
322 187 478
257 57 903
337 262 175
158 398 718
176 325 666
425 451 602
218 238 816
189 473 405
438 355 446
111 284 69
29 270 524
26 83 802
456 27 567
379 435 265
307 222 85
223 204 540
126 229 625
300 6 256
49 206 450
372 440 26
67 368 26
107 345 853
66 393 513
442 154 54
160 450 916
3 275 59
35 347 279
128 285 71
46 401 706
416 389 954
342 137 572
252 122 602
165 58 500
395 397 698
42 293 526
215 312 682
249 118 895
109 385 60
264 350 906
119 278 730
45 164 60
194 466 370
398 198 947
449 258 924
222 394 622
138 362 352
28 101 965
288 292 416
86 192 889
58 190 468
153 222 941
84 288 578
139 337 783
311 465 28
298 157 69
297 240 417
292 334 738
225 70 93
287 132 581
225 97 661
414 138 721
356 227 660
318 243 806
209 338 79
293 456 755
31 292 944
175 116 400
139 456 376
351 440 890
419 341 914
82 485 556
455 465 62
47 22 932
56 455 423
300 64 282
100 167 869
439 273 624
26 344 267
284 443 756
486 141 463
343 2 179
446 380 255
313 17 731
380 348 567
489 409 947
293 156 19
308 215 915
245 404 976
126 56 505
279 373 313
151 251 910
146 440 311
166 247 442
11 271 894
291 265 944
442 143 343
230 30 572
326 193 730
146 337 938
42 345 460
248 429 973
363 375 859
155 60 581
204 82 340
376 153 158
345 49 187
150 119 656
178 285 501
415 470 450
391 68 962
281 91 256
129 4 166
347 3 911
371 104 553
419 367 805
223 226 448
492 407 373
49 33 843
60 191 723
313 195 198
4 345 683
451 158 196
339 247 146
393 427 712
114 272 138
277 138 236
98 73 527
356 326 744
10 451 319
352 430 245
244 496 880
9 83 555
449 292 588
168 4 833
449 460 558
327 18 995
179 405 720
132 357 483
424 360 457
170 360 306
287 415 542
9 217 752
169 150 897
3 39 714
466 417 741
60 273 850
114 109 322
132 145 884
407 129 247
247 423 202
261 54 854
474 350 566
306 96 169
116 374 623
242 363 80
25 39 814
338 96 414
178 63 573
335 129 132
409 193 651
414 33 35
183 28 458
12 388 33
252 66 402
75 379 159
101 306 752
237 130 680
308 356 905
452 378 739
455 181 214
346 125 500
371 435 118
165 283 847
396 171 428
331 474 420
417 76 439
161 93 689
434 413 702
463 444 924
283 364 760
120 400 727
187 377 611
211 96 293
181 142 231
197 90 742
436 475 352
35 273 627
18 422 889
161 363 94
29 198 602
400 249 934
464 199 468
368 74 926
482 217 205
317 266 889
230 202 197
212 162 347
466 151 864
316 313 892
1 454 786
89 152 50
71 212 864
488 358 83
13 347 29
157 30 346
401 247 797
344 218 123
479 309 540
499 442 345
151 459 178
217 412 837
443 471 240
295 139 904
475 109 523
44 367 617
488 424 829
427 223 614
51 211 738
353 442 681
93 492 902
28 455 104
484 150 939
237 104 962
480 252 561
314 336 720
25 480 890
353 443 706
349 366 591
177 383 266
356 213 361
372 250 788
143 163 506
418 310 275
289 97 954
200 135 833
377 159 235
460 246 772
21 398 254
299 5 262
411 400 341
482 161 638
340 438 662
192 427 607
164 172 812
300 472 629
450 472 585
128 100 793
36 128 465
42 162 48
163 302 102
51 145 231
297 372 467
51 24 977
106 135 553
452 149 294
181 336 302
141 122 827
203 177 82
433 240 703
352 111 324
437 189 608
92 203 566
333 48 341
447 6 357
418 463 727
36 154 636
266 302 921
222 237 764
124 286 659
240 383 952
403 476 931
341 65 99
324 474 788
65 434 94
378 58 810
262 122 550
188 294 884
14 118 971
25 214 379
219 299 985
314 202 609
312 249 565
14 419 929
365 349 948
27 301 712
402 374 365
186 199 780
459 404 655
216 281 538
232 326 71
248 188 321
8 198 756
19 26 734
467 463 637
4 314 894
243 436 424
123 246 370
9 487 150
367 456 990
215 392 155
250 416 172
241 67 609
118 182 289
100 431 271
29 385 214
427 323 31
476 124 763
293 354 187
434 472 57
148 221 517
429 311 219
350 79 663
309 212 401
73 266 966
387 88 710
467 197 513
317 260 375
158 6 324
246 175 179
173 309 730
147 451 945
63 228 963
308 288 412
92 209 194
282 57 680
141 374 780
369 270 362
316 146 206
16 469 15
94 350 470
264 373 59
89 465 439
367 464 486
281 315 262
259 416 136
397 282 245
78 190 885
291 340 801
243 41 843
213 435 233
174 497 634
336 12 841
386 120 544
109 65 766
175 200 63
400 50 168
462 254 594
238 356 711
81 305 429
59 241 317
18 174 699
208 99 324
253 108 300
454 487 114
406 274 410
117 21 424
483 77 570
308 224 97
224 173 269
168 188 412
410 392 524
199 1 289
88 473 567
483 76 25
275 118 354
86 452 6
436 193 911
426 101 417
34 400 524
369 278 142
205 122 232
341 142 727
487 256 367
162 71 618
295 404 941
24 397 727
68 65 363
354 205 767
494 311 5
340 91 257
255 353 577
85 246 984
1 446 929
341 293 227
200 52 24
374 392 836
362 166 936
210 434 794
131 129 69
493 274 708
95 41 119
439 458 423
215 271 559
70 155 716
379 401 186
88 167 301
260 107 808
271 434 472
451 241 468
131 259 475
370 250 419
492 150 665
395 448 365
31 75 86
122 154 306
347 317 380
454 313 388
123 451 369
93 207 92
53 209 353
399 396 617
441 466 534
365 220 103
251 495 205
198 250 592
259 498 855
43 206 783
234 76 181
380 111 734
216 8 163
235 402 595
187 111 698
298 286 360
109 444 570
203 161 708
336 257 257
265 349 56
84 178 822
499 439 54
191 185 520
136 97 844
327 495 627
254 355 306
59 268 404
182 189 37
138 466 619
75 38 710
389 150 562
116 484 989
420 267 135
175 421 48
17 234 632
237 157 94
473 480 921
33 394 122
252 135 418
82 259 52
40 81 230
447 455 495
312 218 205
184 116 363
87 302 192
240 405 892
363 327 166
333 111 705
302 242 905
286 12 373
294 272 804
45 409 795
363 470 198
8 306 196
15 330 24
178 124 949
493 131 718
283 254 283
293 140 880
364 75 174
57 226 846
433 119 767
229 176 807
262 130 986
261 388 224
174 117 126
103 338 606
484 221 552
458 145 77
54 469 203
30 364 229
306 103 82
346 166 467
252 62 285
332 212 683
77 79 647
56 219 208
233 385 339
339 481 470
131 194 58
145 311 195
297 409 423
385 317 0
11 191 705
465 131 90
259 475 765
224 456 154
162 221 549
395 109 934
94 240 213
301 263 919
331 387 767
411 99 922
438 109 799
91 191 660
172 193 355
24 489 666
87 404 593
478 159 531
315 482 690
487 292 9
249 102 801
168 60 60
206 51 838
54 78 369
46 184 155
359 275 601
45 73 773
233 73 589
109 354 202
210 97 651
66 377 758
486 75 499
436 269 999
341 458 1
185 367 567
16 439 347
227 391 391
279 148 569
280 62 39
457 56 595
361 416 47
141 327 645
451 330 270
303 80 336
169 280 203
284 394 510
289 127 34
176 406 981
235 254 454
482 32 807
375 322 334
147 53 179
253 413 842
246 482 71
100 159 880
62 174 181
412 309 571
437 125 143
220 204 904
394 417 98
246 411 337
463 246 936
146 272 508
445 473 763
107 422 447
284 233 25
188 372 925
180 44 866
330 117 886
303 244 553
129 164 102
299 246 973
154 296 8
473 242 537
140 76 772
440 193 316
480 493 95
475 294 161
156 123 840
381 414 13
15 446 768
257 344 571
390 206 619
456 436 96
294 183 426
325 182 158
364 79 77
107 131 319
313 418 270
32 354 292
173 119 539
277 361 419
226 365 965
255 23 12
275 488 667
228 129 903
6 276 347
444 387 314
34 168 860
386 9 971
229 392 407
79 121 427
256 151 667
455 272 333
102 440 593
312 279 646
263 160 514
105 28 939
207 66 730
453 436 57
428 492 569
172 274 917
105 348 982
343 136 179
142 273 135
313 270 967
457 476 583
105 252 75
391 85 574
387 61 59
271 241 453
145 353 759
163 498 246
70 121 210
399 40 396
394 497 937
453 429 331
137 86 53
111 230 363
136 233 298
158 433 737
156 22 668
435 309 22
416 385 314
491 113 658
371 235 202
321 330 358
4 279 316
182 337 677
472 478 161
453 155 27
99 461 381
33 250 739
217 42 678
205 84 949
404 403 830
368 16 524
134 124 704
269 35 716
150 443 609
251 354 281
86 43 525
222 432 245
120 282 95
302 132 34
157 129 866
330 7 264
269 119 627
183 404 834
202 231 336
179 288 7
99 194 654
81 416 413
424 62 39
36 43 885
14 428 110
396 164 743
204 395 370
22 383 356
3 206 398
94 191 40
5 467 911
377 297 226
76 243 59
402 440 638
238 165 490
399 414 648
226 392 264
361 148 596
57 188 643
121 81 860
43 496 335
265 87 469
283 222 278
288 291 241
315 288 42
477 94 24
207 135 992
425 240 2
143 313 582
318 360 409
396 491 709
207 178 205
242 143 33
232 283 970
466 372 562
202 69 384
68 449 763
115 370 220
434 57 128
192 467 961
298 20 141
490 157 649
277 290 789
471 359 877
284 296 728
201 241 603
231 477 785
339 436 832
242 467 391
327 414 121
412 149 310
154 36 500
159 76 146
186 496 833
318 96 775
55 104 586
0 412 921
289 484 891
357 47 150
303 136 92
235 206 522
124 410 830
274 68 752
153 359 48
220 229 801
113 285 728
241 101 131
276 383 949
107 225 789
77 187 592
376 265 70
134 31 703
383 89 19
392 288 85
344 341 812
79 312 786
165 15 719
189 332 880
366 138 715
392 119 243
251 138 662
22 347 673
424 386 88
325 31 295
426 177 647
141 388 652
238 157 331
410 290 163
157 61 747
319 302 895
271 39 27
379 36 8
278 145 566
106 419 361
195 279 210
214 93 348
37 52 307
90 236 45
69 19 348
181 216 124
479 73 295
323 228 26
49 111 93
408 71 819
316 222 649
413 167 871
10 338 895
354 490 297
459 250 78
345 294 873
462 148 777
155 142 554
311 253 478
13 170 847
349 394 345
285 442 264
389 49 971
292 449 481
139 64 900
351 359 414
422 353 529
322 468 839
296 417 639
350 431 377
458 260 931
241 364 292
142 425 113
484 50 36
362 428 106
452 262 849
33 223 324
442 248 828
446 120 656
164 125 167
343 133 716
401 54 259
82 6 211
330 270 744
140 38 632
302 127 710
7 49 799
244 253 25
12 137 218
395 222 112
165 18 243
363 439 660
430 458 935
288 399 381
151 211 676
60 176 534
446 351 172
220 179 288
214 210 659
348 383 100
62 431 895
162 11 607
136 254 416
269 175 899
321 410 578
5 194 864
212 290 104
262 226 475
59 319 838
160 159 295
231 95 118
44 125 842
193 488 23
90 98 669
437 358 755
396 277 876
365 74 150
322 308 238
2 26 586
292 434 591
258 455 222
345 296 547
499 147 170
71 66 583
127 337 489
366 271 842
70 43 689
325 184 754
231 419 262
261 276 315
228 265 764
71 263 561
297 233 863
118 285 957
85 272 573
492 75 639
244 196 83
490 344 627
182 427 438
375 41 405
209 467 616
266 469 20
39 335 894
272 71 732
373 372 470
490 366 282
387 128 488
118 329 639
37 462 279
190 109 480
409 25 514
348 337 48
189 34 850
435 127 48
82 138 952
198 151 821
334 309 103
135 147 473
67 316 691
469 498 148
173 332 940
443 425 148
63 41 348
115 255 610
478 280 594
276 270 740
492 251 86
230 335 167
478 445 798
143 322 623
176 18 824
218 17 787
16 65 68
198 153 45
114 389 806
467 68 913
370 104 497
403 323 837
465 224 386
324 436 826
405 476 100
57 128 394
388 255 601
465 200 606
108 328 255
34 8 188
214 289 772
238 201 354
432 453 143
423 23 659
99 337 549
495 411 237
270 51 383
282 190 995
54 39 167
495 388 810
20 14 78
275 27 707
101 231 387
385 366 541
36 222 44
481 393 377
381 338 928
260 133 134
405 149 166
93 323 174
136 108 753
441 298 791
491 434 986
470 224 385
382 336 634
410 69 908
281 376 910
394 76 318
373 365 431
459 104 536
453 361 98
418 474 189
401 210 550
170 154 152
323 289 784
153 48 41
132 343 336
52 261 428
322 353 454
332 365 509
228 466 271
180 288 962
348 107 844
416 104 258
91 138 937
326 439 507
104 92 976
464 388 379
333 372 352
167 289 387
195 284 809
132 200 816
177 377 20
285 19 18
239 349 426
428 380 831
266 132 61
355 409 94
306 286 287
398 308 808
188 287 496
328 383 327
40 71 863
143 164 59
20 222 621
451 82 714
221 222 997
148 334 842
47 233 528
345 56 472
47 160 555
74 284 240
442 486 921
241 156 778
471 136 922
167 381 106
406 230 224
140 365 772
202 136 223
281 142 177
249 494 129
10 210 710
245 392 122
213 428 11
144 253 990
47 462 63
11 186 963
461 180 203
62 403 31
408 137 821
443 317 277
448 93 51
278 210 909
20 297 748
255 466 407
83 322 901
80 447 209
57 82 592
413 90 43
0 337 239
362 273 541
328 404 783
229 454 262
262 453 68
52 255 259
119 233 852
3 147 586
23 211 852
448 238 162
1 206 955
71 472 987
329 484 969
360 32 858
360 343 408
154 379 681
430 67 883
268 61 558
158 141 45
38 195 99
221 127 821
461 297 632
471 342 100
201 493 548
135 351 984
438 21 197
267 426 441
352 196 78
227 83 754
79 421 682
48 207 735
411 350 505
298 187 997
231 194 944
125 257 527
11 409 306
227 167 574
263 443 297
296 142 108
219 269 228
112 208 156
374 459 490
80 146 686
377 308 637
485 499 158
367 203 678
315 248 922
113 205 922
177 53 177
130 409 516
98 209 812
159 139 256
320 390 219
166 82 472
108 385 32
184 445 674
250 330 676
291 47 16
74 92 353
441 87 907
56 152 815
145 372 892
113 235 550
138 10 498
129 333 140
499 281 362
340 276 642
106 291 339
495 200 299
212 130 819
370 93 220
272 149 455
222 370 893
361 77 837
258 423 544
484 93 185
346 372 292
403 320 508
190 440 451
402 427 729
72 332 488
203 378 836
91 482 705
18 257 978
290 358 31
337 234 292
181 343 248
108 431 256
314 274 479
342 291 537
119 2 904
479 403 290
358 394 908
470 453 858
73 330 218
282 425 993
384 340 685
295 122 643
17 76 959
211 60 16
75 113 546
78 413 614
27 228 546
296 374 92
248 186 407
64 185 823
208 18 809
406 483 936
7 140 979
123 221 239
359 495 223
409 422 911
37 406 137
220 148 942
490 111 542
45 358 919
236 211 921
126 171 687
130 277 26
326 401 762
27 276 234
469 18 204
199 490 954
122 235 963
485 487 99
302 497 475
15 399 176
320 362 233
200 406 96
344 42 289
104 272 222
340 110 819
423 381 232
256 379 636
90 462 871
406 297 282
32 222 394
256 46 735
96 126 825
34 499 57
85 199 484
14 197 495
337 453 938
285 420 722
99 252 642
212 216 888
69 454 916
383 316 413
30 220 444
277 126 191
28 295 492
374 495 597
6 452 667
28 444 489
267 181 515
61 98 688
431 303 703
152 391 605
201 204 351
209 475 934
46 495 587
216 99 966
299 53 457
76 186 431
249 148 679
448 368 149
359 134 950
397 490 450
493 335 163
312 81 344
447 86 154
391 499 117
259 451 720
480 99 983
69 155 569
24 86 524
409 83 288
427 82 525
347 144 786
133 156 465
447 51 390
311 43 203
360 115 957
15 242 775
498 378 68
383 359 723
246 101 40
431 141 779
446 427 317
42 69 216
121 378 808
417 337 942
267 293 811
19 409 186
464 111 548
121 371 808
13 374 377
77 469 458
191 211 486
461 407 473
135 270 736
116 415 646
41 212 823
295 203 569
225 114 34
449 177 929
101 266 723
169 7 979
263 249 832
408 412 828
167 186 791
337 330 253
279 212 389
251 265 514
170 373 156
120 246 123
197 151 686
81 332 854
493 210 867
59 135 239
98 370 604
24 217 391
339 131 666
183 465 163
391 359 102
184 95 191
174 318 796
243 212 829
394 493 624
196 219 30
437 495 259
243 162 405
438 446 340
497 24 650
457 84 608
93 2 752
310 479 551
88 86 396
68 290 521
102 428 486
250 406 775
319 316 405
325 437 84
311 256 990
432 216 992
414 203 849
310 443 547
407 90 129
379 454 472
445 403 252
155 26 565
133 143 31
138 51 705
435 345 632
103 94 667
462 35 766
460 243 332
43 285 909
347 383 98
187 97 0
296 84 998
39 26 477
83 131 702
80 317 770
127 409 814
299 205 118
49 228 794
58 47 471
50 393 795
268 316 41
268 279 76
477 488 292
195 276 286
460 28 384
349 98 500
421 463 983
119 268 38
134 316 812
338 367 772
6 492 750
152 161 334
346 210 133
97 318 744
460 202 82
58 377 651
450 154 945
330 131 293
258 219 51
48 222 791
206 256 854
305 217 31
185 170 148
389 127 898
35 229 333
357 406 168
0 410 637
70 224 178
2 475 616
123 369 544
179 181 743
73 289 565
188 395 317
190 94 588
148 249 129
72 245 851
429 168 746
375 379 32
155 371 291
12 474 429
40 241 226
130 123 714
25 242 782
38 79 717
127 475 355
477 312 367
167 425 119
110 174 667
147 398 608
473 168 937
4 252 575
67 426 835
44 120 644
237 116 740
426 179 116
22 115 568
357 333 506
0 17 288
491 315 231
358 177 879
414 405 972
283 42 987
495 130 813
65 329 47
468 311 638
480 486 72
488 180 917
51 417 157
418 14 56
48 21 530
273 491 696
56 111 866
22 8 18
211 248 555
271 295 945
27 55 408
286 416 103
221 320 322
102 271 967
317 314 779
105 490 403
26 275 705
225 174 578
96 266 111
10 391 613
494 163 801
470 403 981
380 60 130
53 12 747
242 11 170
215 434 802
7 170 530
104 412 915
333 225 208
160 201 312
463 321 811
441 440 331
287 117 947
205 180 943
117 116 382
180 18 64
13 198 738
318 280 254
234 219 508
383 61 871
411 199 378
393 49 888
104 341 937
382 213 18
2 305 399
280 35 586
369 449 151
381 123 675
133 187 845
124 47 985
133 39 913
273 424 61
236 439 351
247 50 64
176 330 312
401 331 600
367 150 618
239 197 269
180 161 518
279 31 500
431 225 796
304 129 10
397 158 601
234 41 177
426 105 466
462 245 477
218 276 271
276 98 276
23 395 592
465 471 985
291 56 516
122 372 261
498 291 582
489 174 406
370 319 20
258 149 302
342 113 544
416 95 990
149 80 774
74 367 640
110 456 507
186 160 286
488 191 550
388 335 908
80 127 673
350 443 270
305 226 871
413 44 25
194 131 742
187 106 132
85 482 67
256 235 453
67 389 451
358 100 73
267 60 935
197 380 632
405 337 139
445 495 836
425 167 413
65 85 797
321 50 903
404 163 196
429 86 410
496 490 918
466 365 336
192 443 246
276 292 744
185 23 304
44 215 70
476 442 707
196 44 763
430 284 365
357 247 898
60 138 834
485 418 211
373 199 518
491 88 54
483 331 274
226 1 97
404 479 794
335 142 788
381 352 726
431 312 662
421 206 926
497 467 14
377 139 275
96 491 36
239 165 461
76 496 646
425 97 556
375 290 648
112 247 987
41 271 646
448 497 189
84 75 307
193 210 762
335 65 688
162 179 109
292 258 715
213 247 713
290 124 254
400 184 782
72 67 670
172 314 868
95 222 253
111 478 979
159 107 537
440 252 438
78 149 38
439 386 736
338 461 719
76 377 604
161 283 705
419 440 409
1 393 794
290 219 917
103 488 460
157 174 228
128 433 176
309 14 589
275 406 186
278 301 531
193 140 889
29 244 369
421 461 699
384 274 493
321 215 348
274 172 925
388 19 556
481 462 922
151 29 32
487 295 132
304 218 453
398 167 738
154 19 910
469 359 172
483 342 890
217 94 126
306 378 686
50 412 120
264 23 525
153 49 702
454 381 443
126 207 514
147 418 166
97 171 972
305 403 457
399 343 159
479 174 649
429 291 594
194 146 505
378 448 627
208 316 775
146 76 262
55 449 801
376 373 291
244 340 832
273 155 644
421 385 848
88 136 588
384 219 591
378 196 962
50 216 101
344 121 448
382 301 341
90 96 786
196 49 667
175 46 358
378 341 310
115 98 672
273 260 967
98 223 933
361 451 322
140 14 893
274 46 842
336 389 218
498 353 951
474 493 469
156 488 204
232 75 545
392 11 733
307 472 250
487 20 897
183 51 674
420 121 351
239 450 386
198 165 671
17 42 775
87 287 966
38 237 453
382 262 558
365 178 15
224 277 998
264 121 855
471 149 936
145 377 776
270 424 315
498 133 923
314 490 812
387 3 899
209 138 745
50 301 15
31 435 79
125 222 208
348 479 223
164 24 981
191 3 858
461 58 321
65 154 333
331 270 949
5 97 500
148 118 861
301 165 524
156 275 601
486 465 617
474 80 957
309 387 334
351 233 53
52 423 662
353 162 885
415 16 743
354 259 376
103 186 593
68 461 220
48 236 581
468 78 832
161 75 247
164 114 667
261 294 307
358 98 225
320 67 272
248 101 603
114 291 542
350 82 543
150 45 118
64 447 864
61 260 61
478 148 534
35 260 228
338 210 877
149 283 471
216 116 412
207 166 304
368 166 325
352 70 92
118 71 243
102 77 514
61 343 649
290 321 228
335 393 354
247 452 434
435 420 292
364 486 29
191 452 105
282 402 660
211 69 111
475 161 447
444 108 20
309 358 783
477 329 715
240 312 156
210 53 918
319 186 52
152 272 652
81 336 191
272 270 917
390 262 49
169 324 92
137 232 384
217 441 898
433 167 839
473 476 62
214 445 455
433 249 492
402 457 732
196 3 463
331 81 129
95 90 860
310 470 492
253 323 864
423 72 404
171 203 270
83 78 652
386 110 239
53 193 137
52 394 490
427 335 217
254 242 872
186 315 148
303 28 357
310 397 815
213 31 657
371 150 141
135 125 46
219 388 663
32 349 196
233 141 708
55 173 469
476 57 436
61 256 495
384 239 306
458 126 575
247 467 179
422 35 928
362 278 0
454 261 331
496 202 21
53 354 874
172 174 258
72 196 915
12 262 14
233 224 235
16 430 736
482 485 107
23 425 263
86 395 169
230 132 272
407 263 442
294 121 260
171 302 838
366 114 78
332 9 230
245 107 453
193 434 63
32 362 876
235 86 973
223 173 456
171 280 589
55 198 334
125 254 13
121 72 122
423 412 918
386 319 545
268 81 290
58 456 510
336 181 313
353 207 254
385 299 848
392 202 57
354 440 469
434 297 437
263 393 411
46 234 863
317 154 730
240 253 732
144 456 568
388 29 860
63 265 758
245 314 75
497 448 198
64 271 704
6 142 676
202 108 629
111 215 947
189 460 844
229 479 516
428 464 126
97 214 708
31 350 717
329 376 280
376 43 253
327 287 985
91 60 869
265 79 538
97 159 578
101 236 606
410 222 261
210 45 73
106 88 841
450 390 97
224 470 347
496 0 507
195 477 714
294 105 310
278 499 7
219 282 562
144 124 720
452 37 552
173 121 968
468 114 120
407 396 919
369 248 224
208 418 312
355 471 288
66 375 259
481 346 369
2 92 669
23 432 329
432 167 598
39 276 196
144 186 809
301 425 367
372 86 411
75 114 178
385 20 933
134 350 108
152 55 997
125 63 923
254 128 696
286 408 30
389 26 206
41 38 89
190 477 547
78 44 766
218 194 261
33 49 94
171 411 604
137 343 458
356 295 951
236 487 309
205 24 463
332 393 75
87 227 223
96 485 508
206 491 877
355 455 848
149 11 635
469 274 725
457 257 350
415 80 515
420 435 738
373 67 216
174 43 30
200 30 639
307 362 865
334 484 961
160 174 940
468 194 628
73 478 126
417 218 586
334 183 402
21 229 368
226 67 411
228 201 895
110 240 532
221 248 811
142 160 601
443 173 552
445 139 950
270 282 562
355 315 481
485 2 426
494 1 486
92 86 643
254 407 399
320 113 417
269 76 499
280 184 819
89 116 988
139 153 745
113 347 501
7 340 240
124 456 971
265 340 740
122 110 101
170 249 519
368 109 36
130 6 782
324 387 290
328 417 15
390 216 485
456 135 656
274 200 957
364 343 870
405 402 991
21 169 955
412 355 609
474 152 796
159 165 628
440 325 11
199 173 683
319 491 493
40 17 637
270 289 1
444 21 493
95 407 349
129 209 746
179 94 494
9 428 182
439 232 487
62 355 25
343 373 335
455 245 646
236 365 888
117 381 18
54 77 144
329 302 889
255 12 791
400 113 977
178 239 315
397 279 181
21 430 709
66 24 420
436 98 285
422 223 396
380 220 409
329 106 803
494 92 85
63 263 847
456 476 700
142 264 270
351 153 909
430 106 294
232 194 746
286 59 568
112 137 85
304 92 348
444 186 655
307 304 640
393 108 23
163 276 193
30 345 643
18 239 823
472 62 563
359 215 404
257 187 283
280 40 952
128 296 764
470 461 506
372 157 363
316 401 578
84 217 499
5 68 112
234 176 242
250 151 668
301 215 57
497 337 739
260 376 449
137 156 173
420 263 566
19 267 463
257 410 992
253 134 790
366 283 856
459 442 348
17 1 254
428 247 203
260 46 912
74 251 727
305 56 750
20 123 8
300 430 4
206 9 106
182 416 306
8 299 708
41 289 674
326 245 764
413 344 528
203 40 856
464 416 641
166 163 709
422 103 415
266 113 111
117 16 688
150 468 77
112 364 783
149 99 339
227 1 131
184 329 172
83 454 651
38 494 931
115 250 32
192 5 293
30 417 927
287 128 583
403 183 519
417 132 68
486 87 685
77 76 613
194 385 247
94 20 457
323 63 303
463 338 353
472 367 542
398 147 83
440 55 975
450 267 939
19 95 179
349 313 936
204 316 570
415 243 370
79 71 372
374 75 931
163 377 145
223 165 843
323 452 414
272 447 601
69 36 835
342 345 474
408 226 609
475 120 242
201 98 842
360 368 911
