1500
1382 389 2410
71 798 1212
1463 669 2296
587 670 1335
1283 1245 1543
1391 202 1503
1027 1234 2902
849 890 730
487 1054 2111
1080 842 1993
181 539 2217
740 485 2162
290 1498 1711
1081 563 636
267 856 2680
189 1102 2737
1447 57 567
535 216 878
796 542 1842
934 913 1850
1258 475 1421
983 1190 2058
346 786 1069
1267 1055 1958
607 43 2942
1322 891 787
1103 691 1933
1476 1440 2864
783 550 2327
1090 1286 2621
1404 268 603
1319 673 718
646 1008 2691
832 286 1815
324 1371 1148
70 1485 1259
92 1246 816
723 1308 219
623 644 597
411 837 1265
564 1233 1690
934 1450 2167
303 355 946
462 721 2136
24 1106 501
1303 430 2193
1247 1131 2703
1356 1122 2565
925 1015 701
976 244 2089
1069 985 143
1125 356 1460
684 72 855
153 330 1229
785 460 1763
1023 1025 409
77 730 2517
1178 1231 1097
1468 1366 928
1116 845 547
1241 970 1321
1236 914 1913
1270 351 1755
107 1451 191
1469 1479 652
883 16 1053
651 1337 148
689 1334 2963
1458 162 1438
429 265 1178
1156 1160 2372
460 942 2402
363 123 1003
202 966 881
664 483 1417
945 318 1137
841 733 869
354 607 16
1011 1009 2797
52 150 2090
869 1167 2782
437 446 145
833 391 46
134 1067 1628
907 118 2252
1382 13 2012
1299 217 1599
994 1494 1876
896 1055 2134
21 1468 1273
1058 815 2273
1 293 2237
776 892 1693
447 1199 1505
1239 480 1684
272 1196 2623
737 372 1982
708 246 2034
226 608 152
1223 547 1437
1093 1402 957
430 662 2579
1160 736 2235
1172 1233 1232
1144 441 2189
304 1135 2213
1264 794 1236
20 1425 1868
1385 1359 1113
810 1118 1905
172 87 2133
50 1286 2867
1225 782 2246
422 128 2040
1148 576 1598
1075 868 641
376 1261 1323
789 698 2203
1256 809 1374
893 138 2735
447 829 2724
1151 123 2642
696 275 2863
529 1484 673
851 18 2661
1441 37 1238
844 1209 1378
997 526 2230
437 474 1562
1128 1200 1397
526 4 2372
668 503 386
248 1385 2831
190 1117 360
347 386 2313
657 1050 2857
1362 1169 2747
258 255 683
1157 627 2450
938 778 1079
24 1386 154
211 1103 2289
845 1461 2748
1416 223 2329
110 133 997
278 462 182
136 1042 1750
1440 1052 1809
73 808 498
1092 624 737
980 792 1392
111 1286 2940
928 768 1331
854 1085 569
266 503 1644
129 1441 2601
55 609 2080
662 122 1523
192 1383 1083
199 989 2952
1336 1181 2787
1485 230 1815
326 651 1350
804 1312 1583
414 1494 313
342 37 1669
1426 222 2756
850 367 2441
1261 436 2709
1228 367 438
311 852 1071
416 1441 684
592 1245 484
914 77 2744
1486 1380 2954
456 520 1284
1483 1458 89
262 541 668
1142 1130 1397
23 846 955
653 1394 2109
222 1459 172
1397 610 1331
451 1068 1648
321 981 280
180 82 1194
1367 1341 1900
406 80 1528
1367 1231 2855
492 1108 2884
401 519 1749
1248 324 2805
551 325 638
1289 172 405
191 922 2675
591 1098 1697
1082 963 335
125 1452 2044
1286 583 2379
1281 455 1190
257 1285 1674
601 522 1435
914 1189 2137
811 1085 1449
152 819 2996
736 221 2902
1210 1226 567
441 232 741
380 155 792
286 306 2763
645 434 1470
1456 95 1513
12 78 1139
1488 905 1211
1363 401 410
1362 339 2504
1021 1463 2991
203 1297 1924
317 933 2612
676 711 2599
1467 545 2268
135 912 1458
1369 289 889
750 102 730
629 778 332
1361 666 494
999 934 1816
369 13 2366
188 34 990
864 1180 888
510 1459 2557
370 1479 2237
1434 441 1503
627 325 2148
971 105 2997
809 1371 661
1351 1177 1866
36 1040 592
1120 1356 2984
599 1312 1494
1278 947 2033
1372 1496 1223
193 103 1685
320 1085 1841
59 1345 218
380 531 2847
47 744 679
988 37 2300
671 460 12
886 145 2317
856 758 1893
667 188 2901
1474 247 1462
1361 1099 1960
812 309 2158
1022 751 570
811 1288 2832
1025 192 2331
640 179 1579
836 985 1703
597 63 5
1201 325 1963
725 477 2498
479 371 1768
337 1031 2618
343 43 1483
793 926 1454
1061 120 137
367 1185 775
1376 1004 2442
764 133 963
234 738 244
1008 1264 2613
839 168 1193
551 1456 2375
766 1027 2687
595 257 877
1067 665 1928
1056 1145 1434
1352 184 585
1415 1232 1491
1481 483 537
1200 624 2442
1407 419 857
163 1338 2442
1075 138 1216
90 1074 332
1332 1203 1155
461 863 11
903 880 2578
1434 218 281
986 1257 1458
823 1145 2099
1165 155 1823
1394 605 962
930 1280 739
389 476 1393
931 65 828
1330 937 2695
772 1486 1424
1143 336 1211
1348 1149 1018
519 1193 1362
528 511 1326
157 104 1583
932 1304 2473
678 607 512
488 1224 2037
1015 810 1071
1168 631 1493
1359 1374 2960
1359 1377 1958
452 107 314
984 1174 571
1030 1002 1795
357 166 2341
861 440 2792
1059 1064 2184
822 1205 648
87 735 1946
547 1126 1332
1499 1415 2861
1054 1058 858
546 1394 1896
310 1224 1853
144 264 1434
234 465 2249
895 274 2152
971 1426 2015
589 1380 657
1342 63 1518
75 570 407
1454 785 868
935 336 1726
498 1182 2593
54 965 442
382 1184 783
1315 257 461
239 503 2386
1040 1370 621
820 345 1361
783 766 744
465 764 2537
1332 935 13
264 1369 779
146 1112 2048
1370 259 373
1353 558 2607
1267 1278 1143
702 533 1590
13 355 1842
562 89 2802
704 57 809
797 1234 1094
300 323 1364
563 285 2274
329 415 1573
599 659 1947
383 1042 1678
273 1135 2343
563 904 839
1429 669 1385
224 798 173
223 1279 51
267 1010 934
457 545 2327
42 854 281
1168 957 453
1026 1344 5
933 1119 2072
63 1401 1485
889 571 2789
728 1129 1505
1337 308 2726
6 977 1641
1258 1333 2895
279 1075 2685
1430 867 786
1390 1094 488
606 914 2451
991 1018 1101
607 1116 55
9 492 1983
1085 19 2017
679 1033 764
907 1460 1996
84 53 1553
764 143 2735
1114 32 2353
980 1231 1875
151 950 2881
262 595 1259
1309 48 1111
713 1318 2926
1322 1447 470
195 753 1430
1448 852 441
1440 1358 1631
479 1375 1754
962 758 714
922 1263 2733
321 215 280
1363 1257 2237
502 1177 1924
238 70 211
503 1270 1143
1376 1307 1385
173 138 2852
786 783 1010
381 653 2883
46 955 150
276 1241 2331
263 475 1977
1173 316 856
595 658 2626
1028 1297 2366
901 974 2613
170 1300 1330
974 1312 1830
686 629 319
392 1035 1684
1263 1432 1346
998 1414 1466
513 166 1275
558 1400 2834
692 465 2775
214 1088 2751
212 1254 1540
1301 1135 804
1071 1490 1718
709 257 1043
1495 1135 1201
489 178 520
543 1384 1444
1272 1305 1089
1440 623 664
637 680 444
944 46 1486
1441 1434 228
652 191 822
1480 1373 1648
497 607 937
739 267 1690
585 316 2539
526 1241 1828
433 268 424
1279 1483 2411
1187 30 1964
142 1012 294
1368 764 16
1107 743 1594
674 755 1326
186 991 1440
545 839 656
831 324 2991
1154 1098 2820
223 1090 91
1443 369 2560
1197 20 890
190 178 2285
263 1244 187
1195 1408 2911
425 622 139
275 245 899
1151 68 505
106 976 1837
946 1280 2564
843 171 1328
41 683 2621
1123 1131 977
1430 1096 2092
882 29 99
540 1012 455
593 865 2315
1457 24 2284
1073 842 283
859 448 183
470 307 2373
384 232 532
387 73 2337
1492 599 18
1069 1080 2950
75 704 190
926 521 1682
566 572 2515
1487 150 206
7 181 926
1386 1292 396
775 179 2966
866 584 1783
1002 1256 1019
106 457 1459
1309 231 1145
86 1492 2599
302 26 709
855 115 302
305 800 180
889 1262 221
876 209 2847
887 770 1002
72 1196 317
444 1142 1981
716 522 1691
339 860 681
604 619 541
439 210 2345
25 1459 978
456 542 1956
1343 1168 2689
1338 707 2928
657 1190 2782
1175 962 1569
954 1113 2557
1384 387 2654
557 203 942
748 520 956
700 96 1338
1412 1393 2920
813 1484 2756
642 896 622
437 163 712
1313 716 2427
1139 560 2029
1424 551 1550
811 1309 132
424 863 663
1427 474 814
1249 371 2334
272 1053 2482
1372 318 951
164 1089 122
217 204 2623
1131 1023 2916
1327 1297 406
522 487 1368
1017 398 430
42 1160 1735
95 1126 769
952 931 908
1480 972 1241
817 296 863
1146 1317 2180
204 1493 722
128 1428 1994
1490 1356 2278
113 231 2433
650 622 1395
867 1131 2955
1222 857 1263
308 724 1534
948 1085 525
1163 392 330
148 655 2379
492 994 1833
1104 531 451
321 846 1682
476 918 1307
307 679 1569
1324 1352 1204
1273 739 2944
1347 338 473
218 706 1382
1366 635 2692
545 413 1894
968 864 1347
754 1236 2664
34 1191 2580
112 284 1424
884 1361 1862
111 1463 767
972 575 153
1374 1004 2480
1151 723 2414
1210 1299 2604
394 575 668
325 393 1155
881 762 39
539 17 8
775 234 2937
375 241 1545
841 1124 1659
133 839 2523
111 697 1273
1333 1093 2250
1288 717 217
386 174 2734
1211 1314 2741
834 541 1395
1479 289 2746
1350 32 2404
905 354 239
553 798 2333
1364 482 2158
1222 928 2377
615 387 2295
506 490 2170
197 1229 1659
847 235 2087
524 264 206
1287 382 123
196 11 458
779 32 130
493 757 2987
1280 254 723
1024 554 1174
846 727 174
496 107 2166
1126 1386 723
682 1296 895
282 701 2646
395 38 2808
1371 1229 1430
1115 204 34
1423 734 1638
252 180 1022
660 569 1501
69 85 381
482 1406 1070
912 1210 1415
249 1307 758
326 739 1983
257 46 806
344 340 1472
26 7 2270
799 287 1198
46 1015 1715
691 714 2267
3 864 928
941 1169 742
27 660 2816
1269 1120 2704
393 1011 2740
358 493 2427
744 190 171
1123 1435 2982
834 407 1604
368 316 227
200 1147 700
1212 3 2973
1162 1462 1072
828 446 2421
39 189 2655
319 1446 1024
466 955 2650
1477 1269 1519
929 344 1414
341 418 347
974 959 2592
1433 573 357
902 731 1612
547 1341 2625
471 1148 522
104 1344 1874
982 267 43
682 125 2314
68 377 2037
1274 651 1777
356 1303 977
1208 896 1978
758 886 2285
35 641 1803
894 67 401
1106 1006 224
878 1180 1900
922 1123 1321
483 15 250
463 502 65
1082 1311 2418
1034 1253 1860
136 1482 955
1099 1241 1264
731 1354 1434
1180 259 2249
466 707 2818
130 391 584
474 638 2370
427 377 2320
960 817 2693
1471 90 1603
64 1265 713
1296 96 2641
803 700 2292
1111 171 1563
931 12 1810
30 1223 1222
184 1205 663
521 125 1330
1248 627 2156
1006 653 1182
1240 1385 2044
313 137 1381
504 175 1389
351 174 331
600 253 1486
149 1297 946
1283 1297 454
586 434 402
113 836 906
1218 1408 2364
513 927 891
1212 1351 1288
343 831 779
1276 1156 1038
959 419 2033
1264 34 1453
1011 1319 1221
1326 856 2162
630 894 59
1402 43 1808
995 1096 907
535 1116 1465
808 875 456
229 1162 2353
723 1338 1539
449 86 1203
827 1385 1239
706 900 1124
263 1311 2131
1199 761 1850
1453 1316 2140
832 175 2594
588 1092 2672
671 1037 1500
377 294 2822
637 105 2774
875 780 702
987 1087 126
164 1490 2579
1310 835 2213
32 1252 1365
425 1487 2920
398 839 738
1186 814 103
977 1240 1895
1429 1283 1814
925 1301 1546
316 1147 1964
900 278 2033
1065 365 1737
445 732 135
358 770 2410
1182 586 2078
467 315 49
1036 1102 861
949 803 2438
1353 247 1184
1076 1258 1906
880 455 2286
193 634 570
1326 21 421
1419 381 598
267 248 32
109 282 2029
663 672 2670
168 1091 2200
738 247 1392
649 449 1989
964 425 1202
1149 1067 2999
137 418 1517
743 1257 2598
1155 64 502
117 1120 1751
826 346 1937
567 939 2993
1079 1168 1385
760 661 82
1316 1262 546
618 1417 2645
1164 249 1600
1302 1131 62
1229 16 2039
108 115 2563
1184 777 2059
989 959 2596
248 1251 897
665 1132 2772
189 1132 725
525 1428 1628
96 233 619
870 1315 1125
575 1479 386
1263 1330 2808
1445 1121 1536
126 757 2338
1185 1470 1259
414 1169 1818
421 647 893
1136 1266 23
1486 133 645
1404 310 222
1011 894 1291
174 755 1731
1406 479 2085
1049 372 774
1281 1498 476
1319 254 1317
804 326 1652
196 158 1257
771 561 1172
1421 1471 33
915 440 42
988 1338 1293
535 1031 1676
367 1386 1301
565 1237 764
209 652 2425
805 170 1873
784 1251 1301
533 163 905
1446 1381 1426
680 558 714
846 307 1612
80 1408 889
193 1485 1083
1464 1147 1353
447 261 830
176 471 636
821 860 1062
9 1115 2502
359 725 1718
155 594 973
733 1314 1292
763 21 746
892 289 1
139 665 2887
1045 872 503
145 1253 17
1078 1429 617
718 223 1406
572 836 633
1472 43 2541
569 1286 1473
937 219 891
670 1159 1010
446 1238 2543
70 879 1262
1000 144 1599
1068 514 2877
558 1402 2453
1493 990 1882
78 1428 1059
1280 684 1389
1435 1225 2780
1083 1231 1441
927 355 2283
1170 853 2806
884 96 765
939 1398 149
578 1142 2659
1024 442 2662
561 820 58
750 1343 180
1319 1339 1761
1095 1215 2643
1089 909 2329
270 797 1996
65 705 2833
1074 1353 601
571 326 275
181 1342 228
1166 771 2507
93 1484 233
503 1116 469
637 912 341
1408 841 2297
822 978 796
963 306 39
858 1479 691
816 249 2370
1188 1318 513
69 1122 1465
1249 515 789
724 1482 1165
1017 560 275
391 378 1364
1460 1434 1717
1258 451 2980
694 278 2587
297 1430 1286
227 732 1535
1340 905 1120
731 1437 90
1006 672 1792
787 106 28
305 177 1084
917 757 1733
373 1338 2517
303 498 675
1399 1371 1069
270 1330 2294
886 1316 1227
1456 711 1105
60 953 2925
695 1283 1316
1464 1135 2221
1455 388 2676
1369 511 433
639 335 852
220 134 454
1119 951 2670
45 263 194
1470 225 2563
1037 50 594
1244 1488 2285
232 360 469
312 801 2849
313 698 1426
652 1133 2155
860 266 1514
676 487 1629
729 1042 765
1365 396 1990
1146 569 1823
621 1124 627
698 471 2594
1178 190 200
1189 446 883
1238 1433 1374
602 78 2150
474 996 1287
750 719 1742
617 865 541
932 1216 75
617 205 1409
252 476 1768
686 425 1237
1370 351 501
1311 270 1310
977 1162 1084
48 67 2295
740 226 308
1310 1200 2911
470 523 2561
1159 1097 1676
1386 644 2458
871 1478 2611
599 1052 824
860 1292 1613
545 142 2622
360 50 1804
103 1203 698
689 1375 2306
1193 875 2118
1282 843 2426
1343 1169 2790
1270 114 2442
484 700 435
271 1355 1681
524 164 1233
1244 483 865
1407 563 2818
1207 536 362
391 134 2066
1122 704 430
1468 1182 574
1449 642 2392
214 1009 1020
7 1327 33
597 867 1536
1067 147 1938
690 740 462
225 106 808
863 584 2379
903 613 2027
1205 14 1401
707 448 1213
1042 195 2771
687 812 2323
1242 500 524
1132 1391 2558
314 266 827
1293 1369 2623
1199 38 2608
56 761 2746
1279 1216 1300
1115 387 1813
1158 657 2607
713 30 2581
769 294 466
57 947 1250
180 1181 771
476 222 655
614 528 1409
841 1440 355
631 543 2829
336 1267 328
316 621 1929
353 469 998
1351 556 901
648 971 2482
405 186 762
601 309 1117
461 195 1881
1308 637 356
438 637 2907
819 291 2736
261 262 2800
963 613 641
195 1191 516
481 176 2509
213 702 1404
942 830 1001
1167 666 1942
906 673 465
961 1058 774
115 1321 2470
696 534 1733
131 196 669
500 141 1711
805 527 414
766 648 1645
506 699 1409
1444 892 2971
1030 862 1604
49 1449 1823
79 675 300
1491 816 940
808 671 2096
1096 1418 1797
1138 355 297
600 450 2484
390 428 368
957 557 2387
177 450 2754
228 1012 2970
1145 866 288
1196 1275 1678
229 462 304
401 1492 24
87 811 2544
1324 321 2983
378 288 2994
910 73 1418
541 1178 313
746 1232 769
1326 309 555
1375 351 2403
234 1453 2878
1129 290 433
1402 1159 1883
158 26 74
1402 658 157
335 934 175
1222 1348 2570
1323 460 1264
1044 1270 1934
1267 1084 32
79 1273 807
177 1208 2339
964 1450 1923
640 138 1010
1379 105 1353
1485 1278 2786
380 834 1480
866 1283 2914
719 1162 93
1435 491 2744
758 1300 133
454 1223 544
865 238 1559
1445 173 2026
325 687 910
1074 260 27
201 853 1511
217 950 375
789 1367 19
842 1116 2592
894 1196 258
208 1209 1794
529 220 350
306 1403 1014
518 1274 2322
859 78 1311
144 1025 2736
29 99 2725
280 401 1287
1176 432 901
306 1391 892
488 725 2646
64 927 1849
492 1092 1200
1014 1236 909
927 1294 1544
1282 606 1110
1092 235 1589
873 878 159
1458 862 1357
875 232 1919
888 859 1031
927 58 646
1195 285 2590
269 1348 2581
1024 1274 1354
666 1351 657
802 1370 2574
1016 1333 930
364 1213 2512
490 810 1476
747 479 1319
1220 795 1280
364 185 1080
850 922 912
1492 1308 993
171 241 2018
1065 417 1641
1306 447 783
900 121 1800
1023 938 2405
1318 1344 678
974 758 846
499 159 2694
123 1150 1097
1456 583 2460
1291 885 294
469 676 2150
1150 1339 1205
806 941 2271
1335 1114 2174
724 1266 1567
643 29 834
817 1288 1821
277 1092 2364
1114 127 2074
1286 43 760
475 612 164
385 233 2697
949 1418 394
401 718 2467
594 719 160
215 87 1003
175 747 113
1260 648 2344
1077 924 1822
929 446 1874
294 1425 172
1084 1364 1362
377 1492 737
757 1002 2704
106 770 664
356 504 1049
1044 153 487
1445 985 456
1172 1152 1789
1009 99 1922
448 829 383
1491 1237 2182
415 544 2291
887 260 2275
214 3 652
790 768 1944
893 476 2111
115 1387 1257
93 125 692
258 1149 231
298 715 2829
1161 1488 133
695 991 1341
510 1216 2157
608 1070 2379
138 932 2033
93 871 2788
1288 132 1287
297 1057 138
1427 1371 1849
488 917 550
1157 78 2453
848 400 856
1250 569 412
1199 438 2163
220 834 1784
374 451 629
439 952 1064
594 297 2291
177 410 2379
288 34 1037
1366 1487 170
17 308 1276
614 930 2201
209 1183 1737
552 732 534
244 1279 2008
248 1478 1101
424 26 1025
1439 506 220
1118 278 205
570 655 2070
318 94 2408
1092 1424 2614
233 95 83
1067 49 1283
885 28 33
1270 300 86
646 289 39
1320 1273 2744
896 1292 2041
1250 234 1095
1405 118 2230
1466 480 865
803 452 1060
735 1333 1869
441 7 82
1282 173 751
427 636 1180
369 1113 271
442 1489 19
240 1038 1756
788 639 218
251 243 2674
323 108 1286
895 1029 2918
97 453 334
493 535 1339
112 617 2075
1262 1423 802
88 662 2253
104 1028 1815
618 1440 858
569 397 2146
924 791 2147
53 1362 2068
995 875 1849
274 1240 2365
1021 220 2194
752 1459 1525
1233 1021 2434
742 758 542
937 507 1087
603 1065 620
839 308 500
517 116 210
1175 308 2135
1495 963 1535
1174 1477 2444
918 314 516
53 877 1877
873 1270 2676
1420 901 2269
76 820 138
1243 339 980
191 880 1999
327 107 1809
1030 1005 2442
942 431 2673
562 284 2030
60 1265 1626
1489 1123 2780
909 437 2094
108 87 2682
895 737 656
1140 211 2212
108 927 962
4 965 1035
377 902 1374
1384 1225 1725
533 1278 2860
58 1231 1007
877 1318 1881
979 808 1
163 1129 759
182 202 395
41 448 927
820 837 382
842 359 2650
356 60 847
540 1074 1733
487 1240 1415
343 353 1297
868 1310 2533
848 1036 372
59 47 1103
705 426 1812
76 738 2889
532 1082 2196
260 880 2170
831 36 564
1135 1268 1353
72 1214 98
1293 709 2834
1023 601 2141
778 911 1198
923 514 141
923 863 513
951 1022 2024
139 299 2944
365 1073 1979
668 1239 871
209 422 205
184 1166 725
1383 539 881
494 1244 1117
516 597 633
346 519 1504
244 186 2096
149 550 955
1255 912 2495
1036 459 2841
1374 696 2131
524 893 1048
373 14 2374
1060 1019 1087
1288 1163 1766
165 1172 1655
749 21 2536
1351 683 1146
879 1359 2083
557 841 921
289 807 604
1452 81 2829
1301 175 725
677 337 684
577 1446 2002
1231 1366 2215
538 1419 247
355 152 2961
746 1472 409
761 278 176
1112 251 1499
1467 1284 2684
915 606 2842
285 1303 2433
1127 947 1549
679 635 938
1129 160 2517
1134 1485 2011
609 1460 901
87 1488 1557
140 654 2483
714 390 2899
581 930 2141
296 718 2657
870 422 366
170 443 620
1435 63 887
1067 737 809
221 1354 132
297 307 2532
1016 522 1116
632 577 1925
1252 67 2477
1234 214 2860
1088 364 2059
368 1474 977
651 1138 2773
1200 1108 2362
938 1254 2491
563 691 2945
1298 966 1539
507 172 1580
1170 660 1056
1405 683 704
1203 16 1997
672 825 1430
1292 391 468
104 664 1074
492 37 1481
947 213 2553
26 21 1537
283 81 2753
1009 285 2302
122 490 676
1012 1383 2347
1433 546 2350
1188 729 2300
30 646 834
797 758 1239
794 457 2137
1108 13 2991
916 647 655
919 1264 652
584 735 1363
125 1389 2776
162 1039 2316
1326 82 2985
768 1427 2427
1392 1166 2948
103 1002 1022
123 1414 2515
755 288 1801
1038 428 675
72 363 1323
1334 74 537
966 1318 2857
632 234 1938
943 241 2940
1163 660 705
566 1404 126
41 534 696
684 550 112
1444 650 287
1330 453 586
148 1489 327
1398 137 2905
1465 1142 1519
464 445 391
1140 669 1100
322 1061 1946
1465 1016 929
159 978 2435
1358 1374 1936
227 189 2621
330 144 1240
1324 277 1605
734 1340 1988
987 163 2839
1431 884 2284
612 932 2811
1408 136 2471
475 1113 937
1277 624 2611
897 86 1916
397 487 521
1172 492 905
435 1396 2061
355 334 2716
70 803 2859
1083 73 2543
1021 1072 1747
480 731 1092
582 420 1037
711 937 2157
890 803 2816
388 1060 2595
1247 51 2638
223 480 263
690 1441 2766
1136 478 1573
1110 1341 947
1162 427 923
1088 713 1769
654 299 1819
1376 1278 1873
373 1407 796
979 1095 2402
507 389 2348
454 1051 2130
1002 744 1984
792 593 1971
1164 905 1649
195 484 532
742 1459 1355
448 1456 1592
593 578 1143
670 594 877
1207 792 779
526 395 1461
564 534 1211
101 540 421
278 1109 1569
323 517 2254
1165 409 2484
520 1408 114
1245 1480 2814
1135 670 1068
1061 1024 383
42 1243 10
1206 84 269
398 1458 1180
454 1089 1706
420 1313 2496
641 346 1238
267 71 1128
801 1233 2633
861 1184 2458
994 1477 2745
438 1203 2817
396 932 1050
458 1327 1266
904 802 2235
709 1375 2343
1255 287 821
636 515 2588
1201 1210 1395
494 1388 1633
1013 600 1093
692 772 2766
1163 296 2229
130 1288 1191
689 759 1058
1342 666 1204
1004 1356 97
142 1363 2511
514 872 1551
844 1298 625
281 1082 1011
784 129 1597
1313 735 2495
43 346 1180
856 944 1871
46 16 1760
328 283 2892
1099 1069 2011
1122 63 717
520 0 1435
295 1075 2661
1045 1251 702
1316 20 2445
95 810 2407
705 508 342
91 488 2216
31 474 2383
747 51 2935
762 34 2176
760 985 2948
63 717 2774
1027 829 2951
978 637 1405
245 740 192
646 1006 1814
342 1381 2397
771 1219 2418
1147 670 580
874 979 2486
538 586 1129
1259 916 1410
152 546 563
334 1083 678
706 898 666
915 1454 379
107 440 2600
1015 272 2051
125 33 1950
14 766 823
1066 1437 1678
1189 1390 915
1117 906 2633
219 2 703
829 1065 555
1321 410 733
1203 96 1222
340 1470 2717
117 453 188
996 918 2245
1181 766 869
71 842 671
1059 455 2303
221 157 2884
31 919 2257
989 634 456
85 1327 1998
357 702 589
115 689 1360
354 832 1254
16 1066 2429
168 815 1274
601 902 1729
859 864 2193
1075 815 1889
828 190 777
1029 284 2729
900 358 899
741 445 495
913 264 1048
27 1419 129
324 699 574
892 887 1342
845 1181 586
326 261 2468
1432 395 193
4 1252 558
885 892 2362
1304 1135 1495
1474 721 1122
854 1367 2834
719 1022 1239
150 553 1867
291 989 2893
745 1254 780
1139 940 175
1083 1030 1619
1248 1059 342
254 1491 2517
1379 1261 1634
59 942 538
1375 740 447
754 33 844
852 294 328
1119 447 1734
1117 99 1873
645 93 1639
225 429 2992
1098 353 445
1104 367 2010
250 1229 1697
1035 885 305
198 35 2824
1252 926 2717
845 1297 2550
1402 736 2266
47 460 2634
161 70 228
1302 123 318
1325 220 2378
43 302 705
1220 1344 814
107 1202 770
1109 1306 2773
92 909 830
691 63 2093
818 1076 2993
1006 332 2860
328 967 244
1296 240 2940
545 126 1
987 989 1171
98 1439 726
1211 1337 1829
39 509 1696
839 1028 284
605 446 629
1161 1375 551
475 1257 323
19 1055 579
403 598 1200
622 441 1658
1307 915 1215
1027 1415 796
1285 872 2420
1444 318 690
688 742 383
815 347 1773
1432 536 385
1469 1139 2038
1393 733 464
1175 393 1262
439 432 1397
555 504 2283
1302 68 2035
634 1099 388
1242 931 999
911 1033 707
683 254 1288
972 518 1602
1386 490 655
999 298 2131
998 1343 2083
1061 943 2946
1014 1239 1949
410 1378 1442
853 165 48
813 995 2707
992 770 696
1383 1276 1657
509 1175 2704
1388 250 1829
983 1135 2586
883 1242 886
162 821 555
1395 1206 996
1238 216 1953
826 609 1490
72 1000 1905
60 834 1949
800 143 1037
370 946 1925
390 898 2834
1290 1355 1489
1108 485 1720
640 846 1033
274 367 2778
600 736 918
1026 277 23
1252 882 1868
1230 735 2130
1033 77 2007
400 312 1155
1403 12 2680
850 545 2690
1417 239 74
502 594 2143
1317 167 2145
774 827 2781
1062 784 1670
965 171 249
1071 1330 924
400 514 1328
1045 1173 2865
1202 485 636
730 379 1653
1230 482 66
774 83 522
442 339 223
246 542 2805
661 1081 434
1478 1388 1489
518 482 1140
139 713 521
176 974 1632
36 745 2561
1488 1496 1604
684 1489 2056
1241 45 882
95 1221 1737
990 1473 1396
1018 982 2292
1013 1318 1240
1369 22 478
648 812 1093
890 725 1302
734 166 972
700 87 2430
1355 178 1411
122 476 883
378 841 344
1086 630 2957
782 232 1424
388 434 1250
309 216 1749
740 1053 1893
666 249 1479
385 1463 1194
865 1387 2907
91 378 2129
352 864 1442
171 1311 2166
1224 615 2427
1358 251 2483
1296 1304 2587
1187 82 842
264 162 1051
174 784 1015
917 992 288
1105 1455 1022
479 1299 852
382 364 1511
197 58 2836
777 1417 1347
867 1391 2898
531 1494 2328
833 1250 2239
759 962 773
698 565 2092
92 605 1140
958 814 175
705 662 1317
1103 730 449
1292 692 1911
394 169 929
670 173 513
1188 205 1697
807 1036 2392
1091 613 289
851 504 757
821 1447 957
287 1319 1304
1434 894 2846
522 1407 1026
452 789 1859
101 129 1321
28 932 782
101 842 1709
465 52 2882
351 1371 1573
416 33 1965
22 1077 1977
1060 118 1996
1091 1239 2913
197 537 1621
777 1153 1847
326 302 1342
876 1498 1453
954 234 224
1161 710 1160
1167 404 348
1078 1232 272
1275 1396 2435
688 22 378
532 1204 789
830 761 190
794 1212 769
1410 585 75
935 1082 1888
423 425 1658
1479 155 1323
996 38 1495
355 112 1542
1022 425 2364
900 1356 1602
1315 796 2890
634 423 1798
1105 677 1302
105 1253 882
291 606 2355
319 1412 2672
680 377 1967
496 1396 2276
15 1086 2994
500 370 2326
147 1071 1960
466 975 184
317 955 2423
948 511 206
1276 923 139
1311 540 2951
319 1420 2293
120 1018 2451
39 297 1576
689 2 1059
1256 917 2870
1399 176 1985
255 453 1553
806 379 2003
1194 973 1871
857 342 2818
1148 1265 671
1266 1412 1189
1055 813 1071
1025 540 2538
757 306 1416
217 58 876
758 813 2529
941 1354 976
1141 942 68
675 620 2010
675 968 1307
1271 128 2848
498 458 674
1213 24 414
659 519 546
1148 918 2455
550 1411 261
809 186 143
250 1041 1779
1265 732 2945
1038 1411 389
527 669 426
1178 1388 1528
518 1134 991
799 571 123
1493 1323 1499
323 384 1542
824 504 2231
1134 551 2581
977 592 20
806 483 768
1362 235 1000
1233 1241 428
154 907 2907
500 406 1288
431 491 1025
1070 1202 1772
521 320 1648
147 828 1511
418 1462 2816
972 484 2024
1497 932 853
726 1105 593
450 827 362
788 962 1509
995 1261 289
56 141 2999
220 853 310
336 752 2173
1072 799 73
479 29 593
322 99 2799
1498 132 2138
480 992 2071
1241 367 1714
1306 384 2714
604 366 331
1198 36 1073
755 1317 155
417 229 1253
742 247 2167
327 41 1713
1015 254 2977
1199 23 90
1107 603 14
285 1038 255
45 997 809
393 1104 930
785 667 1827
956 1072 2324
388 286 933
1155 854 1799
389 608 253
1484 1212 1349
528 863 1902
844 308 2793
298 1415 373
1442 998 451
446 953 947
519 1165 2183
733 1239 2840
946 827 2790
596 322 859
580 196 2158
293 659 189
1495 909 2803
763 67 1129
887 1197 1368
1223 1222 1655
658 759 998
438 87 548
1008 1284 2109
610 291 1671
768 131 1188
323 1232 1674
969 797 2568
376 1496 1483
154 1000 2395
20 1003 791
714 278 2647
605 862 1070
781 865 1061
647 1435 999
96 1250 2143
1194 1341 2168
514 480 2374
669 377 483
1337 169 2675
388 248 1518
514 463 2004
1133 798 713
1066 110 2645
185 409 1077
918 681 2677
831 1317 1480
148 1317 2746
784 1373 1484
1009 786 2945
322 390 549
1026 223 1965
969 807 1177
1388 1111 1452
382 1175 943
219 42 319
113 910 187
1472 1104 642
48 1150 38
643 357 2998
1 774 60
1373 409 489
209 678 1169
359 1083 2469
1110 1385 1997
1375 1304 1684
732 1240 2672
1167 1358 1601
920 336 2780
1234 895 2987
805 498 1557
1301 514 2200
756 1459 1724
427 759 1807
651 1396 2073
50 1187 2150
1451 398 2209
164 1071 1645
1459 824 2908
408 230 2697
872 356 2916
243 1100 1623
1157 118 1237
622 1249 2778
120 948 798
574 1340 2317
703 1149 2426
546 581 543
791 1139 70
1209 584 2206
584 1097 103
300 1069 2469
1141 405 470
655 784 1342
807 1393 218
654 1185 1795
969 1217 2146
158 1007 2196
465 1212 562
728 534 2877
352 914 2218
329 1148 1903
167 79 20
1113 678 390
345 113 2845
1226 499 1590
1442 1327 1807
984 583 2583
1108 508 1534
791 693 184
871 507 144
409 221 2465
249 436 644
1424 1297 1351
648 605 959
624 1323 1458
580 426 631
64 1121 1141
1113 129 1155
249 912 1872
1061 515 2659
1035 525 94
483 611 661
419 1042 2189
1038 1439 1012
1213 643 1910
1438 608 2735
1032 1123 1781
103 883 849
1318 1097 101
651 744 2183
723 1158 2138
1498 1359 1103
1198 281 2406
792 1344 2611
962 854 1607
30 111 2125
10 882 1155
475 346 1404
502 466 1737
574 661 201
120 1257 1660
53 177 2523
756 220 2662
968 1195 2322
152 663 1689
230 57 1647
367 405 1950
620 291 2545
207 276 2590
1238 8 2781
814 1121 887
737 1024 940
841 209 1271
3 752 28
581 401 2493
1434 833 2924
1152 1436 2623
1186 921 2126
444 662 1259
919 333 931
809 802 516
39 786 2417
583 725 2885
598 812 1537
206 1456 362
756 112 1312
1114 446 118
1424 839 790
503 1469 530
14 94 1818
77 353 1444
731 1011 900
626 1268 557
385 274 2959
904 595 2828
1414 223 1507
1352 469 2012
1 1222 451
1200 132 2111
18 959 2445
259 475 1933
558 339 585
730 625 1722
80 1221 780
307 844 2850
1085 25 1723
100 1483 1691
602 1478 2657
732 449 2211
1396 531 2926
903 157 367
1048 1204 2078
286 350 87
230 709 1199
1495 850 1562
449 1129 2163
88 541 2566
27 645 88
826 1068 493
33 358 2463
280 659 737
65 1335 546
402 46 805
348 678 1592
515 134 2527
1262 147 171
1309 1384 1063
54 75 449
1358 808 215
992 1019 755
1453 722 1452
1346 1093 2163
211 385 1627
255 119 2573
1389 493 1320
1344 1424 879
255 1470 2995
1420 1006 249
849 1120 2174
195 357 1152
95 789 900
943 1420 725
736 415 813
1010 134 430
1047 377 2468
1482 49 1726
1389 855 2753
633 644 1815
34 389 1597
1439 370 227
219 1354 2660
151 342 272
642 1083 2582
1023 1139 2965
1375 1042 1834
845 860 2978
491 668 1416
124 1044 1960
189 508 32
814 777 526
1463 690 2372
647 1252 2473
593 1206 2844
781 260 858
831 740 2232
1080 1395 408
1066 199 1707
635 1123 2840
1293 608 273
1355 1430 2941
1040 128 325
370 248 1862
1331 900 282
580 292 771
269 544 2432
1340 244 618
1225 425 696
802 306 2490
188 1450 2197
1349 1417 131
1312 588 2376
919 491 1900
51 33 847
693 778 1169
564 1146 1905
576 139 567
102 1209 2278
735 294 910
1130 1271 1784
446 1468 2340
169 1132 1303
304 1035 1724
132 234 1859
558 1448 1632
1221 282 2088
881 593 911
1396 1045 133
357 987 855
628 610 39
879 1147 642
1146 62 161
747 603 1273
1400 466 1010
505 587 2104
1206 1409 762
1172 1085 1810
387 340 2262
1149 1138 1369
595 33 364
986 162 2304
1290 1266 2289
393 827 146
1443 1014 2122
1058 1367 159
198 1486 134
369 683 1416
220 538 1269
478 699 2625
959 1383 2433
1007 1236 879
146 600 1903
1461 147 1354
1283 1020 434
44 963 1479
241 720 2138
1171 1079 2401
55 1473 1728
1029 701 297
306 1467 463
505 127 415
350 692 2171
295 894 548
8 627 2146
1087 1295 2153
302 554 1637
352 1167 475
555 21 2825
1150 973 971
708 406 677
216 1400 2653
1448 728 2793
556 596 1951
698 578 1003
305 1392 2118
1083 1124 720
1452 516 2490
1183 211 685
487 265 1854
655 1373 1543
1455 61 2768
1377 638 2518
1281 133 1306
1195 266 447
600 1476 2142
472 1461 1245
311 749 393
1339 287 1956
1039 282 2114
43 284 2090
1206 254 2750
8 1053 2031
237 50 2805
28 63 1092
1138 933 2414
1418 412 2516
6 278 269
1483 973 442
858 138 9
1034 1270 1006
1103 1250 1468
99 49 430
837 691 1629
560 1238 22
1481 412 892
75 1247 372
826 923 2039
595 773 203
399 945 2405
624 8 1099
1406 120 1698
966 1117 335
1364 1462 1734
993 517 2361
145 313 274
1329 1457 993
205 314 6
330 1344 2706
1000 1200 2839
581 169 410
1132 1085 2053
1232 225 1060
1194 1048 1979
151 272 738
789 298 291
354 157 188
379 0 440
1471 1339 2083
720 1317 2947
1390 1433 513
1020 200 384
1224 125 2776
1096 233 1122
752 1145 1027
1393 157 177
1325 84 2792
657 474 2564
1160 1018 1580
1131 620 2764
1207 380 1214
396 752 2580
916 748 2649
725 1386 581
721 276 7
1084 503 2501
599 906 2077
1426 969 813
228 975 68
981 770 884
129 856 703
518 864 1388
1191 152 2456
359 108 1274
18 411 1539
428 1313 10
429 341 1906
1486 743 1098
28 1175 1019
938 388 1965
1223 316 1304
806 564 2342
1318 1356 334
428 1237 36
1137 542 1181
236 840 326
847 820 2129
1207 999 1384
967 517 2414
175 1085 571
603 148 2126
332 1055 1568
87 884 1321
778 1219 53
1028 931 2973
192 1141 2160
1462 971 886
94 16 2831
650 991 646
637 429 2954
1423 420 1085
1468 595 402
896 720 1254
1291 1002 1819
1363 1029 995
715 213 733
542 1457 180
490 703 2348
489 1157 2239
1182 203 2734
871 560 2177
251 928 1393
920 433 2154
1160 258 1229
265 173 1055
762 1484 1995
465 657 2973
889 1228 2323
1117 1294 631
421 708 432
1335 394 423
406 665 1646
254 588 599
944 505 1634
630 393 2090
737 160 2825
819 1044 1925
41 170 1671
1226 967 485
1380 886 1669
640 1088 114
243 207 1672
89 426 1706
863 276 2155
582 1205 1139
1076 1304 1774
953 414 2153
1320 1022 1444
1450 568 143
1440 96 2113
158 1443 1888
717 874 1232
1144 501 1672
777 934 1935
852 923 1808
121 979 2395
1180 79 497
99 674 1457
341 527 2586
1380 632 2594
128 331 2129
780 164 2146
403 793 1233
1068 900 759
290 853 619
1096 1021 1199
161 1152 1577
719 1177 2097
316 1144 2667
610 1256 2425
685 793 422
80 18 1096
1093 944 909
1496 1051 1148
1361 855 2874
1013 78 767
1461 876 1562
781 1357 309
1161 1465 783
1056 796 389
1228 1439 1051
768 159 1306
1368 1379 2117
16 475 209
455 68 2866
364 738 654
73 529 2731
591 593 1679
1246 1016 990
240 1408 2289
716 72 2687
957 345 237
67 371 1794
1159 655 2378
952 562 977
62 860 2167
68 812 1948
950 151 1768
675 223 11
989 796 1962
569 1000 1656
679 429 427
573 254 2043
912 395 1886
751 829 2519
1439 599 1944
1190 1294 75
16 611 1260
469 24 173
123 543 2929
417 470 348
807 584 2627
317 1331 2576
56 1267 1650
1145 206 1518
537 1174 1870
61 1462 2151
1431 1063 2030
1166 1404 1508
721 186 2262
178 21 497
1076 264 1465
57 1163 2976
494 1460 130
1468 450 1207
371 65 801
1459 228 2472
798 956 1851
1365 911 418
1242 710 2923
235 1320 1429
1259 1042 2293
1159 1493 589
1486 899 85
376 388 1022
999 481 353
990 60 39
147 613 2456
592 902 1315
1005 452 2672
215 945 1469
570 436 1708
915 1250 1452
1474 629 943
787 1358 1103
753 550 2878
431 1104 2664
780 106 1340
1406 680 1549
792 417 1696
1340 861 565
1357 1205 2167
711 185 990
536 850 432
753 233 1642
373 1274 2374
187 183 1647
1041 340 2468
1251 75 1803
1206 1328 993
1076 590 662
481 701 576
799 566 1928
921 412 399
1149 542 2581
4 584 1304
720 164 2503
1319 619 2124
138 54 1982
1378 900 1290
403 1150 734
836 133 1276
68 401 2427
1163 1202 2884
1491 711 1615
415 1306 2172
696 30 2576
1021 1293 1548
178 357 1011
1350 49 1234
711 55 2799
1284 806 2324
50 807 1637
1268 523 2974
105 1091 1142
19 1399 1262
808 674 506
884 1187 885
872 574 844
350 1079 623
529 312 2864
885 1072 2583
162 112 2537
753 1454 1690
1014 1280 2158
1124 806 2942
403 580 2697
638 616 557
307 929 2793
82 46 2124
134 501 2318
1187 977 1168
1405 841 908
530 266 768
799 681 146
751 1307 1566
223 589 2138
94 1174 212
1476 765 1466
152 607 2544
1407 511 2065
1253 674 766
1413 741 373
102 508 1318
206 998 1548
481 182 1849
259 619 1749
1447 1100 2370
268 309 1277
692 385 1305
355 989 2201
1357 1380 1519
271 952 541
231 1466 639
57 610 1430
62 1018 932
699 1019 486
392 243 2331
302 547 2744
132 1366 2757
975 375 2932
1131 1399 1024
909 12 601
129 63 1645
431 612 2502
397 782 2367
1275 1340 2404
133 1054 496
1155 621 1636
716 540 677
419 933 919
99 444 1806
410 647 23
1210 1047 2435
1040 440 512
1325 1101 803
504 734 463
1123 379 284
1263 1349 1242
565 999 2717
868 639 659
829 1011 1118
589 1205 1234
445 1357 974
1115 171 1732
1450 7 2979
398 693 1470
862 675 397
205 1380 2687
1287 1348 650
586 126 2612
1007 839 270
230 690 2703
672 469 418
668 789 2605
811 388 2040
109 393 246
331 877 855
1049 927 1231
974 1103 2349
275 75 1875
767 261 1057
769 1162 1872
308 1042 703
896 245 272
748 215 784
1331 1317 2811
1149 1380 597
774 779 799
658 8 2347
291 1172 397
930 699 1059
639 1247 1374
749 18 381
418 1130 1206
1476 784 946
74 825 2329
228 533 2146
1462 138 306
147 1240 261
1297 731 75
1018 988 2019
1464 135 2674
1041 590 2921
810 481 204
944 1475 2759
308 716 1930
1395 880 1228
579 625 36
1439 14 2398
134 1335 1015
1198 174 1496
57 1316 2162
1064 1491 889
273 203 1801
961 534 725
179 563 1146
190 681 2064
156 179 2638
1411 454 1802
638 1135 1027
548 934 1422
114 867 2225
1360 934 964
1094 71 1132
790 679 90
720 554 508
1410 1359 858
542 991 256
293 1131 364
15 917 154
499 567 993
707 875 1476
858 183 427
324 1423 744
106 252 366
318 765 105
1144 161 1524
855 704 2275
791 1093 2559
278 228 2810
666 982 2618
121 319 402
793 182 2538
1340 610 2664
1387 572 2378
1129 873 2369
904 314 756
1344 752 1039
439 1097 2592
137 492 1024
924 875 344
404 123 2400
1422 283 2166
1492 796 64
495 549 165
661 596 820
964 320 1663
533 781 763
335 1380 326
1350 676 1733
372 1434 720
978 1455 54
1112 778 1811
248 518 2336
240 929 2823
1179 241 2077
1171 948 125
85 235 771
142 268 242
66 128 45
852 510 2307
486 1015 1999
1418 57 570
7 894 584
727 612 1178
142 888 2246
118 956 2591
1270 601 1336
435 36 1295
406 465 389
1264 823 1202
1423 266 2582
210 740 2750
274 1166 1702
1022 535 2297
884 128 902
271 1144 1362
1272 524 2001
735 686 2269
881 464 1100
386 1496 95
1153 14 2626
953 1220 1505
467 995 2833
765 1288 1003
798 612 418
669 602 42
13 1119 2063
81 429 1079
1328 233 1887
138 591 2559
1055 1085 1944
1266 1150 556
673 1061 2323
690 1271 379
0 1264 1882
1196 788 1990
133 1035 2818
1323 714 1390
791 487 927
399 1236 286
992 800 920
458 705 143
463 1482 1008
678 75 2755
1388 379 314
266 1262 2719
161 1334 1339
931 304 742
205 698 2216
1154 1452 191
476 740 2217
559 514 174
584 242 1466
110 1341 2094
1385 583 1261
336 392 288
947 287 2352
819 499 326
875 884 1234
757 251 1218
442 342 2746
460 1120 657
607 452 2887
568 1470 2637
677 1401 1365
229 590 1222
1466 133 2470
399 7 2018
509 433 968
201 1388 1652
1232 726 386
771 407 1983
647 360 315
709 1431 2845
140 943 1162
1197 891 24
554 1132 2379
598 282 379
697 1253 2315
659 1115 1712
911 852 795
852 240 1391
723 1438 269
1429 934 639
1261 620 955
994 414 2082
378 927 1910
1268 227 1813
182 462 912
384 716 366
1348 214 2304
993 163 844
523 652 1804
484 945 1972
664 116 1191
644 439 1698
851 658 2152
1355 295 272
258 936 1538
1147 1024 560
929 443 2317
933 1302 2757
965 1001 737
643 614 772
25 507 1054
345 1150 684
322 140 2355
1489 476 2850
159 485 1735
31 434 1771
1204 1198 2252
407 1022 2018
744 929 2837
940 507 2039
341 545 2466
833 703 1343
1341 1468 2160
907 173 207
1117 264 1012
283 1061 2360
1077 522 2125
1280 1437 1097
945 637 850
457 455 234
511 1288 1919
471 611 1697
1148 812 2490
33 1300 2794
1287 1228 290
596 645 1310
1170 146 2891
711 1430 2459
1322 40 2018
125 38 769
497 816 1481
52 1076 1531
339 685 563
116 75 980
247 890 313
441 1316 240
21 825 1166
702 728 305
664 948 583
598 145 1723
981 1028 469
174 334 2705
169 1118 249
1425 838 1559
458 748 733
1173 1035 1579
198 634 103
432 967 1314
550 631 1695
572 795 2673
305 1470 129
1343 1325 590
434 95 1159
1235 809 2652
995 450 2873
1481 1328 2580
625 454 1627
119 1130 578
1029 980 1115
472 1305 2654
372 1498 2570
944 469 1639
83 180 169
880 1052 2659
419 682 800
279 1099 2961
1429 485 718
70 1367 2536
284 623 1359
880 883 163
1174 1070 1229
74 620 2417
366 1450 2881
114 1415 704
1072 790 1791
300 729 2763
363 1102 1376
1031 635 1164
249 1191 896
1165 337 2032
835 1387 1374
1325 1055 1300
1217 581 1865
1127 1178 1497
727 78 2206
665 577 2082
308 1122 1638
231 1327 1699
7 717 1616
962 686 515
795 847 899
943 531 1270
894 1047 376
737 579 665
905 605 1737
1240 16 829
627 494 2460
766 1172 1384
140 121 2184
550 1362 2406
513 246 678
745 1484 1076
1379 1132 2058
621 746 2952
392 1051 829
1050 280 1130
1229 19 2729
16 225 1688
607 1176 401
287 1447 2247
812 122 610
869 863 356
383 754 79
1089 401 2271
1260 699 2018
426 1242 2011
697 1014 2074
1447 539 394
436 1050 1208
815 211 2864
726 786 1740
838 164 2450
1102 1322 1030
1299 585 1411
480 853 466
1406 872 2700
404 1227 627
579 1228 450
129 1404 681
772 296 599
772 101 340
420 108 873
1047 1176 1750
254 513 903
1051 746 288
710 832 28
301 598 38
1370 835 800
393 22 954
440 1160 979
1454 819 1618
1482 667 2045
1475 516 2385
1032 1173 1411
311 112 443
140 958 2134
53 1365 899
1483 1460 2520
583 1467 2804
996 161 442
151 410 315
516 1478 1192
1243 542 889
596 490 2313
1073 1175 452
329 880 1963
1487 942 2564
1101 816 1643
1059 87 784
1063 333 2218
194 334 929
937 951 1313
978 813 2638
765 1 1694
912 874 538
1041 909 649
1183 289 526
1298 65 1441
84 654 2795
718 491 719
179 1183 1955
1036 1356 2153
746 1386 2184
568 330 226
197 960 1051
418 1386 2152
1335 221 2449
206 619 1071
1091 1005 2887
316 752 2868
1307 1256 2368
565 793 945
1050 1405 761
1291 184 2389
1170 181 462
1188 227 2050
1251 1303 1883
361 190 333
1475 695 972
288 1406 1529
14 319 52
923 1182 256
206 955 533
17 995 1028
471 1358 2599
1295 567 1862
605 633 953
212 1223 102
1193 645 1985
1231 739 1880
12 25 469
340 4 1941
999 465 2260
1100 784 367
1389 870 530
764 29 2029
425 36 1814
788 1160 597
371 1158 776
124 755 193
519 1460 1045
816 989 617
462 768 227
317 978 1490
577 853 981
1278 1197 860
24 177 2193
232 346 266
576 251 48
1369 777 650
435 1106 1454
404 486 761
570 466 1019
539 119 2553
1087 54 2968
980 490 555
1384 504 1754
1477 1132 1968
412 330 2011
1334 354 1785
283 1425 1955
1081 1456 2804
1381 387 2236
1065 605 1324
1359 1000 1515
216 1046 1521
81 275 2610
755 1414 2078
83 769 2217
1321 206 2702
843 1210 1529
585 651 1144
656 594 1171
1261 1462 2006
1460 1246 49
1432 1191 1074
347 444 935
238 1287 2654
29 451 1821
1354 811 1077
666 949 2520
1367 222 1894
1216 449 2334
8 1387 245
1451 736 1200
1037 935 1779
1014 1022 376
539 454 2817
1079 309 2508
1280 847 769
504 968 2020
672 374 989
1100 1424 763
334 255 898
1078 1111 2319
635 257 144
1364 1285 273
231 102 1612
847 786 675
953 684 2923
926 1284 318
505 756 1831
227 1313 1856
110 370 2016
1057 213 1777
415 538 1982
1104 422 984
268 1071 2699
1298 304 2405
347 1497 1449
470 1064 968
663 1145 2379
856 818 2663
253 936 2943
413 458 549
611 1391 1344
118 509 351
1283 372 1420
580 1164 1302
391 895 1424
247 265 1952
1284 216 2127
20 707 1147
1242 916 1925
9 568 1086
1233 1130 2849
1088 497 1709
477 1146 729
678 1118 1830
1499 901 475
481 1132 785
951 526 1714
1401 471 1940
527 325 158
837 240 968
363 1273 2421
211 1387 2055
962 259 2011
819 130 1846
449 1328 2341
1009 12 1301
44 383 484
12 1377 191
1282 1220 261
289 1488 1723
40 361 398
508 336 1330
849 48 824
1251 585 1954
74 1132 862
1264 671 183
1387 645 449
797 1180 2180
1069 592 767
1137 1408 118
1298 1198 1673
150 223 2699
821 656 1123
407 73 2751
960 1405 2820
263 190 2773
314 1183 13
1216 996 1398
727 883 2292
735 326 891
1304 639 2923
88 279 373
230 909 2734
951 1069 1282
182 1181 2475
699 1241 2476
608 729 209
36 1314 289
1063 824 811
902 1446 1265
1459 270 120
54 453 2410
97 558 1940
67 1039 709
296 459 2273
214 383 1783
1409 907 114
946 1009 1515
941 1285 2019
1452 757 976
1449 156 1593
297 603 2615
107 1266 1434
173 428 1339
43 784 1648
365 1319 2843
1463 953 1074
171 1461 2568
1471 858 1945
1438 600 564
877 960 322
675 1276 2294
644 1281 1435
1087 424 1837
794 54 785
154 200 165
1459 650 919
926 1452 1562
681 828 2249
870 35 26
1094 106 1402
1237 1067 1422
991 1286 2358
700 1479 2510
759 782 2189
1126 664 483
694 1236 2547
792 362 1017
325 739 1866
1413 790 1210
32 1189 1078
270 1372 1855
739 271 2014
988 559 1592
1488 665 348
56 687 659
204 1384 768
1214 1237 2841
1192 1071 2275
257 515 1684
1309 482 2968
420 838 858
1295 1005 2880
245 1105 2800
1048 1118 358
277 1261 2660
693 1359 889
1398 1006 2067
1109 538 1000
82 1192 193
348 120 2369
348 1200 2450
1017 843 1588
172 1014 2723
424 1492 2210
146 605 850
1227 1168 2620
517 1314 1424
286 910 2805
603 1454 1520
1432 1234 1895
489 130 83
918 42 2140
1052 526 1504
1099 412 2732
1153 1186 87
117 283 1064
650 224 1013
1384 1088 2046
544 1391 1797
713 625 1011
1343 1006 1858
1235 641 737
469 439 1949
548 788 417
188 839 2384
691 414 887
745 153 2312
532 850 321
1095 273 985
141 1013 2071
1209 1466 226
1054 460 2015
821 1386 1948
89 367 2218
408 276 2862
309 690 2698
581 303 2346
522 159 1526
1022 627 2715
1481 1023 1442
1451 1236 1191
1478 1065 2092
1141 560 1134
857 1472 450
1350 584 1845
454 640 2986
139 738 1113
776 1211 2681
390 966 764
963 26 591
446 709 2812
660 1054 321
642 931 479
329 825 1365
1289 923 1911
529 864 876
210 1096 1373
673 1194 1378
186 933 529
1499 971 655
1240 447 147
613 179 2421
269 1292 1170
873 1200 1549
413 946 642
630 122 329
183 477 2775
1012 1430 74
638 112 2371
1394 877 1724
260 763 1084
511 161 1613
589 1339 1537
793 1003 1573
1193 31 959
1428 556 688
531 844 38
1195 465 1955
183 404 615
1016 553 2333
29 493 1710
303 865 689
1310 500 1112
1334 413 1176
957 1481 2979
429 378 1296
1054 203 1531
949 1142 1631
1227 90 2465
287 1256 76
1127 679 2609
909 736 1603
1179 604 1037
1232 680 44
360 628 2511
483 988 49
781 1364 1961
619 298 2262
3 1401 2137
795 1249 590
1265 4 286
1331 1113 1232
1419 912 1723
653 98 1301
1320 841 1154
386 1212 1873
4 821 1173
334 252 2513
970 83 59
112 130 307
1356 1231 2748
954 857 2618
55 292 1750
143 919 1083
478 1393 1231
543 756 1007
991 509 1294
747 725 1274
482 1225 1771
166 51 2128
973 1064 1677
238 644 1046
232 990 1109
635 1341 2251
489 1213 1214
1256 431 1262
191 988 1970
802 50 2182
407 604 2422
627 399 2084
259 984 17
0 1266 2465
917 785 2970
785 162 1194
237 455 471
921 410 2484
1244 298 991
1272 660 590
179 626 1647
1360 700 2451
59 1041 2699
353 843 1312
964 1391 639
460 756 930
1473 397 489
1306 373 2808
585 161 2579
54 1179 1830
1452 18 2001
286 107 832
825 1166 719
661 1283 274
982 671 1395
1051 1156 1544
823 46 1016
1179 1017 746
83 1288 548
137 1041 1460
729 701 367
1250 238 2418
855 723 1120
1057 513 1376
1336 1183 382
515 1285 2189
1433 757 2028
1403 784 2257
606 1392 2055
31 123 1503
79 462 2981
1218 736 1780
1053 968 930
1322 161 855
304 1041 2505
124 834 58
260 874 2823
1231 490 1735
298 1311 1728
453 630 1796
630 381 922
1448 1050 1070
408 92 2503
645 1111 1547
1217 690 463
1048 688 100
1279 130 2041
170 373 2397
301 1417 2157
1133 1333 2648
1443 1013 193
324 572 595
940 444 837
588 1181 1326
23 895 277
496 243 1007
1 309 2520
582 1355 2724
572 408 2695
760 355 2306
606 124 725
155 1081 540
874 668 2254
1476 171 1798
571 446 1932
653 231 2986
680 1069 171
864 1308 2645
935 1408 1088
1173 47 58
1437 1105 1473
1156 351 392
268 1423 1522
532 1089 1648
649 698 485
1139 967 659
463 1086 2955
491 235 212
1205 1246 747
1235 19 1536
277 388 1708
654 1357 265
729 643 1848
190 598 2610
717 859 1124
416 646 2869
443 816 1217
576 188 2407
97 1046 194
1166 705 2633
44 1160 907
478 400 197
686 7 1548
79 27 2975
878 829 2863
813 344 1748
641 109 2138
173 1013 1451
464 735 2701
722 1018 1622
1488 29 1037
10 280 2111
593 561 44
1328 102 786
1004 830 2511
1338 758 806
501 1132 1257
765 877 258
237 546 253
178 1441 850
466 33 2095
816 368 1005
763 538 2309
1277 1099 2206
557 276 2460
1071 93 2732
1304 1 2157
273 1324 2927
619 1442 1417
617 967 1106
920 252 153
1109 864 2519
1216 1042 2942
1403 76 535
1120 279 1068
636 797 1799
1267 1154 2155
68 603 1829
130 849 523
936 445 77
1329 706 524
1346 69 2083
848 819 548
1105 997 917
928 1441 1428
1437 1140 206
495 1056 420
1043 243 2367
770 839 224
243 479 1678
451 713 2244
730 73 2356
21 1496 1939
968 1243 1445
342 147 2537
1313 952 2551
1205 101 1023
1403 973 18
1433 502 1367
904 765 2873
187 42 910
1454 1273 2221
1308 792 1782
320 1213 328
1182 1127 1844
1122 542 235
665 507 2184
1245 1177 958
511 311 1837
315 857 646
936 109 732
74 99 1036
574 798 308
1275 1237 1816
1484 53 1830
45 379 1078
1141 375 132
1212 297 1515
623 293 1429
622 1487 651
528 1259 1138
1371 1201 2343
976 344 2216
1485 365 566
366 388 2891
512 552 1706
1174 102 2097
1276 991 1320
6 1284 2169
891 18 537
34 900 1068
1339 610 819
1168 1299 1092
440 735 2630
1131 356 2318
482 500 1004
344 1401 2149
1181 663 529
1426 1370 1562
1075 486 706
464 824 872
908 958 2385
1142 263 651
649 1096 1021
577 371 318
185 954 2742
1490 571 96
1134 1092 2917
1090 247 47
928 871 2192
866 150 574
1006 353 2946
141 1177 1807
1368 1419 2877
450 1075 2266
132 1156 1022
36 318 995
261 44 423
350 999 1366
288 569 2354
126 662 2791
663 267 1928
395 1015 2256
641 597 1648
1237 210 2092
349 589 1613
1473 398 2305
280 321 2461
732 471 531
773 1324 601
330 163 1375
1062 127 2959
1438 688 2991
1388 783 459
128 82 2709
18 333 127
560 1329 2091
1412 763 687
423 966 1264
1099 958 1915
1449 244 2445
588 1232 2545
358 576 2761
294 1349 1999
1331 481 2123
1321 885 933
840 717 412
450 101 1867
1035 548 817
626 1263 2652
830 875 855
310 307 771
552 1459 360
167 778 2262
912 711 2855
814 128 2262
733 1242 2998
186 859 938
628 197 986
660 1411 2433
169 919 838
801 725 1116
1090 760 1165
777 372 2013
963 1485 2893
320 186 1263
315 578 431
369 607 1488
238 1156 2419
143 1417 953
1357 1017 2191
284 1145 239
828 756 2131
902 665 290
63 953 927
488 672 1682
629 1459 2357
755 132 122
202 643 418
682 963 786
647 902 1955
882 502 1042
924 92 2077
560 60 1544
427 1432 2843
202 982 238
77 635 1005
422 403 459
310 30 1054
516 66 619
1086 70 2541
1377 966 2493
1017 276 1529
491 184 1567
101 935 1595
1080 1063 2411
743 1306 2073
615 1236 1636
652 1341 329
624 1275 2328
1010 932 175
468 166 2644
1305 497 628
614 465 1069
1228 392 1514
1035 977 1001
1367 751 2184
143 1397 2026
387 256 1660
222 1405 1732
1438 1201 218
1457 811 1625
1442 922 1449
374 773 1443
169 1236 2852
983 134 0
221 1351 2100
1142 360 873
1167 682 515
1128 1405 1778
1357 1268 1817
853 1141 2134
1070 282 1643
672 1252 2882
1323 1041 70
797 451 893
114 933 2903
808 1093 1475
568 414 1610
1300 1199 2243
340 141 469
474 1057 1864
1176 1025 1488
701 669 322
233 74 1785
1224 516 97
717 431 2551
778 1245 203
1493 1101 1157
160 1339 2321
1219 644 829
690 1274 2744
1180 1078 1123
585 1349 316
530 78 580
168 1240 702
1209 975 2277
207 209 2961
1102 34 1026
508 202 2257
1312 1225 1938
908 1274 2119
77 297 2511
254 563 1962
1366 493 1010
1246 463 645
553 1161 2777
1449 214 744
1466 998 434
415 1452 534
1328 391 1549
368 519 695
299 919 1668
708 844 907
758 1492 2584
40 766 1453
1291 1434 2359
1024 984 2288
244 135 1190
1472 112 923
356 1054 2992
1097 1000 1511
135 1210 826
198 112 883
1314 1017 2333
295 106 377
671 1281 2110
1271 452 587
634 1001 2401
979 958 2965
860 334 2042
549 1289 2715
399 581 1376
1153 929 829
842 1328 2582
300 690 112
187 661 1792
1184 153 355
366 1298 247
104 761 472
330 847 1750
1130 233 1676
1124 548 2241
386 1222 1989
673 808 2775
1257 852 1435
1196 340 97
775 657 657
98 204 1103
1055 1153 2399
253 1186 1595
90 119 919
925 465 2841
281 1416 450
547 1198 1074
1002 824 602
236 1286 421
979 486 592
1230 1393 2115
1201 1465 1489
51 965 1427
335 1230 8
448 947 2807
590 1456 49
1437 842 1760
1001 834 362
1445 254 1514
1088 415 1911
1174 598 1867
1137 375 1398
1418 901 2083
610 841 1176
1305 241 23
182 1075 572
1058 732 2636
1051 453 926
731 1446 2056
273 975 1159
670 129 1498
1154 559 210
976 584 2308
713 277 779
1315 129 2154
159 809 745
1072 1283 2459
843 1246 1962
1404 845 2836
596 476 1692
940 1023 2045
224 9 2070
167 857 1368
574 271 1898
1287 861 2881
1064 1036 452
543 1007 2418
1013 530 630
1425 1488 1901
1274 857 2023
956 785 654
536 310 335
1385 1155 2356
916 685 2699
298 893 1310
1491 882 1471
838 78 1044
285 1162 2681
1361 1065 1807
166 725 888
246 582 2892
1081 714 2217
109 833 1105
832 462 2134
1400 261 1076
416 1235 2126
1074 907 1162
1317 1225 644
118 1408 1790
1118 970 1855
665 562 315
958 246 2951
412 927 2857
496 521 981
1300 648 1245
1001 724 2029
117 826 703
743 1486 1996
1000 1095 2468
568 340 430
1268 1439 1230
428 955 326
544 1018 2106
242 12 2018
445 373 1825
848 1197 2245
556 1029 1754
165 695 2669
1102 1067 2687
1451 1069 2591
184 534 1146
175 444 2129
1265 368 2754
1095 1220 1597
64 976 518
211 822 208
1382 1276 1871
1219 661 217
1276 1106 1045
460 905 243
557 230 1182
547 822 1270
985 1297 2559
476 849 284
1001 375 1569
1269 1007 2446
51 299 1099
1299 1025 983
375 1044 1949
678 1096 1195
24 1173 2121
156 975 376
205 1064 1742
1381 153 1433
1063 1078 1704
156 159 2532
94 1021 1159
1124 478 2051
681 1425 109
1139 309 1330
522 481 265
347 1050 2406
563 165 2967
888 120 795
561 1437 2845
451 439 2523
13 610 1499
919 994 2896
906 1001 1468
1128 483 2494
1068 272 1639
726 562 878
9 605 1032
1092 1249 1194
246 163 412
1051 273 1132
371 242 1225
498 1312 1270
970 482 614
411 587 2211
1347 419 1677
961 1008 2019
458 1374 2316
1215 172 1753
389 1388 683
641 985 414
1169 19 2082
927 548 2260
909 1492 419
1049 217 503
229 323 1332
200 1401 395
1007 242 1078
1208 438 2234
1353 242 1553
236 1204 1103
1085 206 2964
930 1095 1808
268 832 583
1190 216 1079
910 839 1214
112 1194 1313
712 533 2691
181 719 778
998 1407 2009
310 1055 1797
1065 47 765
562 1288 2913
551 840 1036
1303 1115 216
834 857 2651
603 396 1457
1177 726 1287
853 375 2294
352 1001 2070
914 144 621
997 795 783
1002 1338 1285
674 180 2049
1134 1073 577
1214 1459 1981
1387 109 752
66 662 2630
327 372 1434
893 1108 918
314 1479 1452
250 881 1013
907 994 2706
1146 1362 361
1018 555 1790
338 313 2258
378 1333 108
501 783 1105
787 1461 1601
985 558 1699
485 633 2664
625 388 2830
825 124 2901
990 464 905
702 914 743
392 1258 1229
985 1008 2209
2 598 1575
938 770 798
333 555 568
601 1228 2373
84 379 20
1371 109 2544
1475 634 1789
778 206 2050
241 498 1419
128 110 1866
1362 1055 1581
1046 1267 2095
1052 523 2590
491 753 1752
1028 774 2556
1177 1443 1095
443 190 2205
1294 1172 1270
105 203 2424
1288 1365 2819
1360 282 1436
432 1121 700
561 488 2752
602 1063 2104
714 1263 2003
679 117 2238
1111 673 2003
62 274 373
1458 486 1138
1473 505 723
981 83 1596
997 1059 281
234 185 2317
722 523 1053
855 1401 2014
473 1193 2489
897 1130 398
409 544 227
724 834 285
714 993 2962
623 911 1128
749 486 731
969 590 1973
1203 1060 1768
531 1414 1733
1354 1477 742
662 431 2692
1192 1069 2311
360 1262 1933
519 1488 1847
1410 1317 1019
96 326 371
587 106 190
265 925 93
426 1439 1395
1016 1017 2440
598 5 2106
1052 454 2792
1003 529 2364
1078 757 1240
191 1039 2372
1372 1013 789
692 505 603
1454 1446 2253
293 85 2159
1307 713 2368
1190 796 1887
1202 402 2241
1215 463 377
1342 222 2537
497 929 1386
945 1304 1840
183 961 1110
1470 211 638
1455 820 2832
398 271 216
706 987 1712
567 1324 1488
1181 791 1966
1424 1473 2343
1425 572 160
497 199 1341
434 1093 124
131 978 2705
520 33 1308
762 705 1753
75 207 2015
452 295 279
793 890 2429
1004 735 2880
90 462 1539
485 417 288
1314 451 2824
292 1172 627
1436 839 1026
1200 309 1712
865 945 1072
1446 1271 1664
825 328 1493
32 1176 1174
1191 693 1193
660 390 213
1335 1107 534
1086 124 454
1212 844 260
337 986 746
1052 978 2582
495 87 2257
1156 306 1180
786 346 2384
524 991 1058
924 373 2838
1214 865 361
928 1454 2321
1292 412 2558
237 779 2753
579 888 620
1456 744 2123
710 870 1256
1498 657 852
469 385 171
365 494 668
100 437 2638
613 436 2327
655 270 1822
232 1262 1795
134 1461 2829
346 1100 1777
1244 786 78
667 798 325
354 896 1883
62 307 2172
1378 978 2895
554 1208 858
10 148 1682
1469 640 412
213 588 130
376 124 464
327 321 2909
978 224 2702
1348 1335 53
583 713 613
673 521 1127
628 466 2507
1121 75 849
1414 1027 1271
674 860 2058
834 517 1647
424 819 2854
423 380 578
1442 284 1508
294 722 1693
91 671 2374
696 710 2136
1413 151 307
1227 338 54
1004 268 1126
98 1338 2097
1019 1485 366
537 151 2577
397 1051 693
659 1295 1578
783 1402 282
736 717 1930
876 507 1279
1286 436 714
1204 287 1839
1489 1466 368
627 173 1277
523 220 1888
1101 1242 1813
1133 882 1984
1275 584 2337
179 667 670
225 1143 874
1129 870 2797
776 879 58
417 1157 2584
515 616 2630
351 1387 159
1126 814 2311
1031 1151 348
215 1289 746
652 648 2039
157 230 698
203 1106 2021
127 1189 400
161 1491 1258
1005 706 1572
100 661 1609
1098 185 700
441 883 659
1189 906 2031
1037 927 2764
22 37 2997
869 741 1423
1341 218 513
1215 1491 2962
1498 373 2680
1297 535 636
1221 1036 2305
1247 250 172
1087 1416 2133
867 1309 2700
1171 1291 2689
1026 1218 709
172 495 1763
1477 1065 2479
1116 822 2052
875 1110 2536
1273 1376 289
1138 321 2667
751 288 1602
113 1451 2096
824 1076 91
1000 354 488
549 1472 2895
645 621 1108
816 145 2051
368 806 1554
163 603 2953
1293 37 1916
247 1444 61
1345 1251 1296
1040 1076 1055
135 124 821
349 1134 2455
462 1336 2897
594 707 1600
704 938 1321
289 538 1173
98 1313 1414
866 1169 12
901 86 964
687 1491 859
1070 447 174
196 814 2825
942 1160 2891
674 1232 1507
626 1052 1599
353 445 2900
863 283 2241
877 1059 232
552 4 420
569 582 1255
37 474 816
612 136 2504
718 265 2096
1281 617 2054
391 40 2823
1336 1294 965
1292 840 2951
176 433 60
876 1008 2524
1317 1349 1623
1056 1146 2492
119 697 1461
60 211 2291
1112 980 1391
61 1436 659
982 646 2784
19 372 2999
1417 145 2929
157 740 2762
1410 216 569
1474 907 396
361 1173 91
515 1173 727
712 989 2051
1025 1081 2991
208 751 1865
345 370 1570
419 265 2738
385 1172 714
383 925 235
1416 1197 572
726 541 659
25 412 2366
874 369 2730
1192 1459 2854
608 720 2528
1269 758 1726
1033 422 2606
295 807 803
47 1259 448
1226 844 1214
1239 911 496
1162 1374 1980
175 1499 531
604 1452 1281
226 319 2647
1110 1434 623
546 589 2404
28 372 1026
1494 689 835
541 1093 2307
494 69 1855
1097 65 682
301 455 373
1182 1301 1835
1436 1446 1497
1254 452 928
573 169 2179
345 264 1376
1246 961 2311
794 1492 261
604 836 2251
413 1411 212
1101 404 371
1305 904 695
837 1272 2671
748 574 2066
913 855 2514
721 461 200
126 1056 23
889 821 2727
1164 276 1064
1132 1490 735
123 1245 206
787 336 1432
78 52 2152
1271 853 2409
773 1141 1766
1032 230 1370
612 1237 2361
1201 1343 802
473 1368 2297
430 1049 2217
1414 1345 2214
1443 1124 246
1043 702 1403
1349 666 2745
350 1311 2065
1070 937 614
1248 1081 475
1461 771 1459
1184 847 2786
668 1498 2499
331 458 775
1033 1039 1102
257 571 1310
1136 287 283
109 394 2369
566 1069 369
313 989 143
413 812 1085
307 823 2583
934 1307 2868
186 943 447
1482 957 1033
1421 165 2734
878 474 238
694 554 1221
769 1110 2907
379 188 2577
1394 1184 2307
939 768 1303
700 611 1326
608 1083 1067
1073 98 199
993 988 160
910 1229 1002
290 144 1356
199 430 2992
738 1096 1995
559 1125 1055
1271 1082 2559
541 6 525
387 1123 1725
219 278 2930
521 737 2059
1255 238 717
901 840 700
1381 90 1728
105 1155 523
218 660 1448
789 172 128
709 910 1555
1098 109 700
702 319 1000
561 563 1674
245 965 2344
404 856 2799
296 1297 1495
484 1141 1357
1310 1326 1034
761 904 1257
312 472 592
1140 982 1698
988 180 1998
1374 107 314
1299 723 2762
500 544 394
968 51 980
1143 745 2689
625 344 2524
1253 335 1897
886 418 1578
746 1153 1707
1417 1186 833
1080 1387 1233
331 1026 1815
1229 52 1028
455 143 771
1198 1186 2900
646 848 917
1237 747 1235
1046 121 350
523 1399 1940
430 239 483
1112 1113 1460
1081 876 1104
1262 47 511
127 1340 898
727 705 1067
1447 427 2961
609 1203 34
703 591 2619
90 1005 2843
503 771 430
1111 101 1010
35 166 2221
635 312 2722
1470 1201 793
983 64 1773
748 1195 2576
241 1188 2760
85 314 1484
1390 1404 553
361 1295 2306
1277 15 1040
631 1169 2797
710 503 1352
1164 915 2508
1346 530 1146
99 1100 1384
58 1411 1747
832 749 888
89 946 436
761 503 2913
1159 549 2753
1114 1421 618
266 303 848
1392 1116 2404
457 261 1607
1422 1216 2861
861 1211 1354
294 1282 2611
194 324 2111
1480 967 309
935 464 1146
1234 424 2200
1316 33 2327
221 1 506
1019 320 1854
1135 378 1923
1095 1317 2339
420 382 1962
1266 1457 569
40 848 1197
1356 419 722
815 357 864
883 1329 2556
167 1116 1397
517 114 1954
1169 965 17
951 502 2482
35 999 768
1046 374 896
1043 1096 318
200 948 1627
996 721 643
1108 841 1049
591 323 613
362 1348 27
25 1262 281
8 438 1816
1351 1371 924
1397 896 1980
1150 537 2418
650 1479 672
1053 288 14
1430 671 366
278 102 1500
786 687 1796
58 581 767
851 1119 1049
1437 75 2890
1419 814 658
1353 769 962
1257 112 346
495 528 25
1366 1479 555
1365 639 1705
1461 818 2799
611 618 444
770 772 2158
1374 651 1732
888 375 974
1359 208 2226
765 1425 700
1294 152 1695
65 1039 1691
998 1036 1041
1391 385 2677
67 186 2747
1371 819 911
861 749 319
33 1419 2121
477 1339 48
1221 710 853
1072 540 2157
553 568 2516
499 73 2099
966 793 1918
578 672 1747
1327 980 1202
384 847 1628
1493 947 1072
656 197 2191
782 309 2472
701 925 361
745 1499 1106
908 169 1861
921 405 2793
452 637 222
1342 688 141
501 1011 1434
1202 1107 514
1135 1406 2819
905 767 1183
281 1088 2421
366 800 2642
477 150 2039
616 233 1876
814 563 848
795 906 540
61 279 1116
903 144 1230
81 274 1377
1400 1497 1614
1034 629 133
994 684 1768
1106 688 647
1258 7 262
825 1270 817
325 1126 1786
250 1074 2378
251 635 1125
102 1110 266
309 682 2710
1243 893 2346
768 850 1601
730 141 1696
282 497 328
984 1178 1303
955 99 2446
890 283 878
63 1436 1360
1365 626 331
410 553 2936
1470 383 424
1218 556 1551
1328 929 2123
577 1302 2164
534 311 874
331 1336 2563
1401 779 1532
967 527 924
299 1124 2615
144 797 2420
643 1054 1253
767 646 989
1272 104 243
361 958 965
661 1477 1653
740 1464 2859
1354 576 186
905 1149 2863
1224 1449 1238
1332 1156 2376
1389 835 2100
613 212 2663
742 805 1109
1145 1056 2985
252 1243 2479
145 759 2421
626 510 2181
121 1018 2270
183 617 891
631 1165 2498
436 837 592
168 312 2022
911 780 2658
773 852 440
226 825 2908
873 518 1224
898 585 1347
707 334 2051
891 847 260
320 781 1603
299 1455 2919
22 767 2096
1097 951 574
11 945 1584
1415 209 27
790 335 1438
1462 993 2169
421 262 1513
124 143 2678
208 1077 809
1333 551 2997
1107 1282 1852
426 394 2449
136 66 1704
437 1104 1727
1382 887 1011
1407 53 1340
410 1373 474
686 915 1068
559 866 338
1320 659 18
840 1329 325
468 987 1164
81 1497 1034
18 302 2232
52 1006 579
725 814 207
1118 604 1612
1025 906 1003
453 782 2835
472 436 2100
697 1312 293
1398 360 2175
763 424 2083
543 840 941
472 1009 1085
1204 323 2607
3 1168 1269
260 616 1122
829 894 726
591 257 1077
1484 1107 391
1100 33 1181
712 1042 648
1284 266 1902
145 474 2694
434 18 443
1169 875 1110
259 1110 2382
1077 1313 431
774 562 1194
1160 468 2636
1136 1427 1652
527 1439 2578
122 531 2059
1156 219 1695
990 1362 2240
1193 76 1576
932 1237 2183
638 678 818
1477 1112 2295
1352 796 481
572 805 2325
587 1254 2257
449 390 1414
1478 264 1113
292 1490 2544
1179 350 2750
434 1202 2741
150 636 1850
1123 1111 2436
1205 958 1684
1463 757 634
950 618 374
926 21 1460
1372 430 1443
1227 823 2827
868 501 2161
534 809 2844
1307 540 2266
649 156 2482
478 1170 2826
251 1282 2594
1269 1343 2821
433 527 1139
703 931 2923
136 1344 2021
677 23 1634
779 67 747
130 444 141
1377 453 1816
1144 192 1950
1175 1212 1416
840 254 1880
1409 151 2176
359 731 2189
73 373 145
544 1033 2024
116 870 259
1185 327 780
450 1462 2467
817 1132 109
1462 534 785
1327 1390 1093
407 207 911
94 1389 788
1116 948 2
222 232 2956
987 97 140
158 671 390
669 1178 82
207 761 749
862 514 424
143 1029 1572
1039 477 844
1430 825 464
1363 176 1233
517 852 2683
1125 325 2325
1383 781 2305
122 1434 1217
970 464 2802
246 1302 2735
132 938 1331
897 1450 980
1460 32 572
461 1425 1487
1208 821 2076
1302 525 2313
863 712 1411
405 187 2461
616 1369 374
578 836 2715
240 265 2249
1306 152 2297
1039 958 1299
560 297 1827
1063 135 179
549 110 2859
530 1096 2060
1186 1441 2138
1321 1467 1916
1142 1086 2547
189 1263 2797
844 55 1519
1411 1160 886
21 558 2931
706 402 2975
810 1207 1934
1250 609 538
1145 519 2073
10 842 1144
473 435 229
1285 1154 1914
1125 705 345
1303 732 2348
1245 684 2203
1068 1483 976
1405 24 2459
274 249 1215
1392 880 736
174 1291 1215
1243 1020 2017
425 1243 2755
1397 774 1446
615 1419 2399
402 1000 331
898 262 766
272 1396 2899
805 579 284
336 407 28
1253 746 2622
1222 812 19
1409 163 763
85 755 1995
684 1301 830
1120 99 928
882 402 884
687 648 2925
872 334 758
1393 104 652
296 73 912
609 906 1393
629 944 2060
103 1050 1923
1027 235 1190
959 606 2521
1127 501 2897
470 1250 2532
1428 1028 903
1235 638 2388
1380 84 1300
444 1059 2272
362 1366 444
862 509 133
612 1083 2163
1355 1279 2301
1260 35 1200
486 1338 881
837 90 1405
648 4 984
173 711 1301
82 702 2437
1324 740 168
397 1124 2482
917 563 957
525 597 1201
1392 1050 729
51 553 963
1074 249 1158
1296 68 944
321 540 571
1011 909 2875
309 801 2299
1211 923 1280
891 489 1737
687 792 1342
936 801 2467
913 1237 1166
1130 76 1937
760 1146 2802
199 519 2601
764 996 252
1039 53 2340
1446 697 372
76 971 348
253 161 1744
1496 505 1922
744 845 496
473 926 2675
722 1398 953
955 672 1204
775 269 1941
788 663 664
243 463 1363
732 815 1281
901 1071 51
1191 439 1500
264 59 55
218 714 420
202 1268 1341
1426 431 2978
829 751 913
379 815 409
1218 1263 2255
15 1124 2522
520 1373 658
575 983 1915
743 1309 1402
621 1252 2069
1300 1170 311
440 681 60
153 200 2419
1421 170 2369
880 624 359
1471 959 2679
1274 202 2020
693 998 824
1089 650 2589
1313 1146 1289
1315 382 885
362 1000 1827
277 528 115
1232 891 673
1036 691 24
785 1151 1318
172 1075 2547
1147 1181 2944
1246 1064 2634
349 1279 1858
525 193 2940
1421 198 1866
348 483 1039
2 1104 2316
1286 1332 160
15 1001 203
93 347 591
1428 1200 2280
314 817 1521
622 1388 663
571 1427 1697
11 397 2109
1119 1027 1109
196 1180 2912
1404 494 1853
800 1435 218
1303 784 1950
878 355 884
47 1179 1120
1323 473 1149
49 124 2257
1373 808 2544
590 1119 1706
38 193 6
1490 1302 1665
1033 513 825
426 89 2014
780 1273 2966
1346 67 2798
170 1256 526
738 1475 1491
914 1043 2477
1158 947 1540
1233 706 2581
838 759 1494
941 58 2534
967 327 1488
1219 59 231
1427 374 1963
110 462 2838
682 1482 2409
1252 858 2753
49 411 2089
1497 529 781
1183 453 15
1475 691 1747
135 808 2467
1236 187 1922
1466 1135 1122
729 163 1717
693 427 2299
34 843 2059
258 448 2914
1483 514 2567
824 897 69
1336 1281 2206
1058 536 2341
798 1431 1072
1121 219 622
157 1215 413
796 534 1685
1034 263 1924
22 1385 313
344 1004 2404
0 799 1306
911 281 2725
658 1180 1397
1104 1201 1119
318 1398 1398
1044 403 806
849 482 719
1110 686 619
256 30 976
1221 294 2637
5 939 2020
667 1038 808
575 687 1003
510 1153 2353
1053 137 544
606 1335 630
1084 225 1746
803 67 1367
894 1191 765
1225 478 1655
333 81 784
850 531 2959
804 1406 2359
1485 293 381
1457 687 2947
559 666 198
1173 799 497
1345 257 2638
892 1319 197
570 1241 663
749 410 1136
262 1206 1567
771 1442 2731
939 675 116
899 1448 316
750 1296 549
931 1001 2627
898 649 347
1494 1010 2207
218 1291 184
1050 751 572
1249 972 1809
222 1488 1330
688 1481 2057
776 758 1657
367 1274 668
396 911 2101
1480 657 1093
512 414 2174
1397 911 1307
435 1038 2790
567 467 2043
1158 1326 2518
620 1400 1313
822 1119 2995
1183 1262 259
632 911 670
752 1171 1470
620 687 1094
542 1154 957
490 604 2019
929 1421 971
1311 849 529
467 665 2758
405 1067 2236
159 915 874
616 506 2879
1251 637 2578
583 888 154
1209 900 1603
11 1233 710
512 127 28
973 1207 2951
538 932 749
1409 1105 82
642 394 296
628 1185 2986
486 1471 1326
319 1178 7
1125 1292 967
1054 672 509
836 243 2047
827 382 1163
451 542 171
276 445 1007
315 147 1978
283 687 2382
1360 1445 79
23 342 996
1005 954 706
149 428 1645
371 1365 1163
1295 73 1109
1030 385 2149
759 420 2253
67 1022 2736
1231 1055 479
265 1484 2982
636 1181 1698
1416 355 1437
245 418 2337
521 1162 66
499 1388 684
12 943 883
704 1109 1597
119 904 306
27 151 1305
1349 562 1176
312 621 115
703 498 1342
548 1114 187
38 56 1233
164 1384 773
194 173 2143
1151 1255 565
1487 948 1094
160 969 2993
166 294 2140
443 1370 2899
1113 885 2207
1225 1277 659
226 732 1043
865 649 1605
233 279 1863
888 507 1037
52 962 2105
430 276 2810
1472 1443 915
523 388 1738
770 791 1248
1494 485 1927
282 1022 1765
573 1254 2389
864 1438 332
11 466 2031
1121 534 2658
955 49 198
762 612 992
442 469 389
509 807 244
244 441 1409
537 977 2216
203 35 1907
46 205 2696
261 373 1569
1479 529 1913
602 975 849
1247 732 195
835 1176 2679
1217 1059 1038
1220 49 1324
1356 1176 1718
217 202 630
662 1331 862
835 1328 35
933 784 2637
1260 1222 1426
786 399 2112
318 444 306
1008 145 714
1089 1248 1686
943 504 138
933 850 2842
986 1290 668
287 289 2793
1254 1300 2897
382 968 2691
813 741 1325
639 218 382
712 699 2269
374 558 2745
809 1388 915
338 1099 134
1126 1103 1578
536 615 108
269 1278 739
1093 268 2443
293 52 772
1084 1051 791
428 391 1969
80 1266 2015
667 1398 2547
180 901 14
405 300 2675
830 1278 448
357 178 1546
587 305 1108
1379 60 2831
1045 463 1650
967 1388 520
916 1436 896
1038 729 1965
1219 789 2627
337 896 2090
950 1474 2344
1113 257 2096
153 1458 698
1368 284 2265
1422 215 56
285 634 2962
192 121 495
256 530 973
870 495 2819
1427 685 1689
256 1260 1934
61 795 205
1042 1092 1278
1345 2 2855
530 435 663
1010 1452 1032
487 855 2551
1354 543 2368
957 242 356
338 47 1389
965 80 817
657 1233 122
1197 196 1184
846 1107 1856
615 526 993
858 1136 641
86 149 685
508 1204 629
1482 1202 2652
1418 310 2401
634 511 953
1249 321 1314
533 1476 1310
1239 219 902
843 58 2287
1253 236 793
1003 480 322
1153 1386 2885
276 596 54
733 794 2166
1314 1230 393
436 630 1564
351 579 2429
507 797 919
531 779 237
840 1011 2314
1019 386 1615
459 311 38
633 337 2424
468 509 1456
588 637 1367
1120 557 1011
235 428 2912
1106 1252 1848
1396 1039 2357
867 368 1183
58 891 186
741 745 1742
1341 482 970
864 940 2196
5 598 2485
212 788 84
1185 715 1145
76 1006 964
1210 801 1291
1214 567 2385
1479 519 741
45 1331 1649
815 1106 2698
658 235 1586
685 1471 2424
842 972 1588
362 780 2668
1042 84 1207
1192 1400 2595
1177 142 680
633 605 1022
131 969 222
1274 225 505
291 1472 1707
292 1242 2590
891 991 1089
334 1296 1435
1385 1274 2993
1132 998 1447
1226 756 2989
236 489 1219
1300 1283 1979
422 1022 2694
899 1369 2870
954 942 2276
773 705 628
433 542 2478
162 692 2923
154 536 1290
567 239 1539
940 1241 2309
1057 11 1411
624 113 1085
400 856 1229
1124 585 1901
887 1038 1762
1370 1152 1051
342 254 2367
406 1277 828
697 367 327
436 1195 1668
1133 1431 2088
617 1237 2655
414 79 2810
1150 260 2753
1028 305 1867
1079 597 1654
484 115 1605
1304 79 1333
1295 335 2615
160 751 1024
315 1247 1246
1003 305 2043
540 352 824
1289 1166 1006
1077 139 1649
1100 789 2381
953 685 24
421 260 304
380 1423 1023
381 577 749
256 626 2799
922 1454 639
133 1032 778
1240 267 2808
30 148 860
1425 1086 2212
934 574 1454
553 234 1300
738 482 110
695 1036 280
1262 411 538
255 1228 1793
958 597 2076
457 1242 2100
1492 497 134
739 615 1229
1333 1187 1432
1152 602 691
1413 16 1151
554 1187 619
188 127 1302
1187 1143 2094
879 1112 1816
1177 602 331
290 325 2398
527 62 2506
1162 236 22
1178 598 1319
824 616 178
856 565 757
656 1113 418
1044 355 2915
1453 184 2304
796 627 2838
432 215 1704
579 399 995
874 984 1387
1196 1310 2028
213 1053 430
1436 1335 811
1037 509 1925
565 98 1110
1166 133 2863
659 1138 272
589 1216 423
1245 736 173
586 171 2155
609 501 1248
1490 1223 967
798 486 668
160 876 1625
653 382 1934
1416 337 505
417 1447 549
671 1002 1572
1337 1200 158
611 659 2481
1467 547 2284
779 601 1063
1398 1192 60
126 53 2351
1181 1290 972
1339 646 2037
1348 309 593
233 687 2039
1436 934 1300
552 832 1776
502 1086 833
1391 487 912
200 490 1721
1441 340 1062
893 278 210
239 348 2459
1256 879 1733
1297 1492 1534
1102 1451 1487
854 685 2193
288 1277 2215
374 1262 1805
871 503 1018
868 1401 2727
526 855 2640
728 943 402
516 937 1019
38 337 1101
1373 1106 1002
422 814 1538
180 1138 1100
381 794 710
224 1388 7
155 856 2340
1241 1312 2020
676 1069 1752
584 28 2388
1465 418 2499
1055 159 796
270 1071 1191
769 358 1087
339 569 1772
734 1145 1710
1121 776 2781
69 1259 1554
306 1347 1656
986 424 1230
1005 615 1106
1411 1247 2876
549 752 2406
921 1348 630
1393 1245 1326
685 780 1736
343 198 1610
192 209 1532
882 1486 1376
349 389 1108
982 884 1117
203 1052 1447
1487 1472 994
505 1474 1595
1386 167 2017
1042 387 673
1032 666 2358
480 1204 1846
698 395 1223
455 726 82
55 614 1629
1265 600 2086
228 1365 487
508 1005 632
299 972 1251
538 443 241
66 917 324
242 1423 671
1294 184 1700
199 269 1111
965 288 2842
271 1185 1441
720 1198 619
881 66 2504
872 49 1980
412 827 461
680 1014 1970
1457 335 2711
493 367 2762
108 170 2705
239 1322 355
276 1480 2947
956 1111 1293
976 1342 533
252 1154 2063
945 154 1231
719 408 2998
663 1176 2124
216 172 2714
1317 601 2062
759 549 598
313 617 1184
1464 723 1642
1441 544 1702
37 147 2622
144 347 2516
1171 427 2991
1327 521 1004
1097 941 1866
1259 1381 2988
511 1290 1130
149 972 1628
6 1394 2204
701 807 1089
312 184 1488
35 430 2728
1147 85 193
201 1208 246
592 1447 179
1266 605 1500
395 990 1261
614 392 2436
960 233 2127
619 1227 2910
1203 194 2138
1478 234 2772
459 1228 676
1268 270 168
353 664 340
683 243 691
639 1134 80
400 263 1310
78 942 2903
725 516 1529
782 1422 220
739 1012 2188
1254 1226 2221
1378 320 2562
757 574 2368
1489 981 2919
1337 899 929
181 470 509
210 1132 885
73 832 1186
464 1049 2939
485 884 2299
1294 255 1957
1098 586 2983
1168 1242 709
906 1206 482
1380 709 2324
540 711 1393
1301 179 2848
272 232 3000
1284 444 2846
1186 592 2029
17 627 2577
1484 1269 615
795 827 401
377 1030 579
66 799 2197
266 1041 1871
17 414 1430
1115 630 2318
1435 275 2986
721 945 1042
1073 857 2527
952 894 2320
997 1317 580
453 192 2794
156 1201 404
948 1043 1527
456 216 2898
1116 611 2576
625 1070 2644
1020 426 1650
165 399 1278
467 40 2215
662 971 1552
618 1176 1472
801 1229 804
26 11 2131
513 672 2350
431 894 531
717 265 13
166 321 557
498 658 204
84 771 2082
629 1483 1475
1345 913 469
86 547 1951
838 978 499
736 1068 1382
116 283 1155
590 1401 1969
950 159 2518
1332 737 869
708 1110 668
0 198 1111
1285 507 2484
847 104 1418
111 1319 1200
506 1242 1243
1043 642 2832
669 490 2796
1415 774 56
1029 1146 281
782 407 109
333 1468 1139
1143 583 1729
1086 256 1901
1094 1215 1455
555 1244 552
1128 290 1614
48 1294 1729
1257 975 1601
716 1100 93
384 17 1855
1230 44 1985
695 923 2059
1238 152 1348
573 47 552
141 1477 1107
707 182 764
148 193 2541
1415 110 737
1334 1076 614
204 1258 2426
554 1387 165
379 1311 2413
50 1369 1043
121 1263 669
242 113 786
311 1022 2192
597 1196 31
395 92 349
171 71 1028
210 434 1253
1050 1441 2898
571 543 1072
423 830 920
616 320 2955
1082 719 547
1093 1296 2419
1059 372 673
694 277 1694
636 644 791
1338 34 1377
822 807 1212
337 873 2725
280 901 998
1194 1027 1694
883 1062 648
802 57 2842
741 1472 2243
1414 451 1661
1401 731 1170
613 758 397
971 1234 1227
445 158 766
877 189 2733
302 579 1882
332 1436 1002
1460 62 2807
932 905 851
985 1435 603
1349 733 2083
846 34 417
86 1256 981
358 475 2993
975 1347 1569
71 1498 1656
655 438 1149
120 293 1599
138 825 317
1215 158 177
279 152 1210
1143 96 531
1387 1446 1017
1396 377 2776
966 1091 2307
973 251 321
718 212 1821
1062 1295 2721
741 1321 108
705 877 2574
972 1055 2848
892 601 289
1273 43 2274
514 1149 2675
1446 395 1837
1066 1080 2089
394 1320 2720
715 1358 1418
783 506 2666
1423 530 521
37 407 1624
1152 448 2789
1308 229 2149
715 1076 1186
1234 1001 66
818 435 2776
96 1175 1431
42 464 2440
78 1044 2997
839 135 1254
677 364 1319
224 1203 768
360 1441 886
754 1209 268
48 1333 674
1428 764 1413
1279 1354 1945
185 1345 2843
1408 953 2201
433 724 714
576 1234 264
890 704 1510
1118 175 1669
82 1199 1910
1220 1445 1413
807 118 1248
253 748 232
1106 545 2629
1064 539 1837
701 636 2359
375 669 831
227 350 1854
1278 511 2641
1155 676 1114
370 735 1208
766 340 2202
13 204 207
509 56 287
1190 1081 665
275 1349 2634
193 1222 2103
409 359 344
339 90 2213
1208 721 491
88 170 43
761 1042 2794
1204 1438 622
1329 813 2169
375 401 2616
1497 1464 1324
207 848 1125
551 65 2921
818 1257 2075
1383 1375 2974
564 1218 568
14 230 1620
1344 1370 2150
1236 1241 482
1412 1241 1806
127 1303 1118
1007 1221 205
828 975 1940
2 285 435
1020 725 837
471 526 321
216 923 1885
582 426 104
715 1008 1966
956 325 2926
507 992 397
335 214 930
869 10 1295
1417 673 1480
262 1048 190
303 863 1634
681 463 788
1048 1416 1513
1390 1432 1901
344 27 1827
780 1308 1582
468 604 2018
1408 1375 47
1202 618 512
1376 1040 430
1229 713 1617
1444 1348 1869
463 772 776
939 229 548
859 990 44
1216 491 1401
922 65 1215
1277 694 2376
1469 74 2606
1165 89 436
1105 532 1765
1152 712 86
332 1263 2696
1431 1054 2405
810 71 1011
860 1336 54
346 244 943
592 1416 76
187 448 544
610 547 2495
5 796 1071
501 1296 272
242 56 2622
102 1229 1147
644 935 1389
724 1404 2894
447 277 2863
44 646 1623
1455 493 2581
801 1231 650
150 926 2339
115 792 2217
989 1081 2562
958 1007 1103
26 1057 185
1107 267 2479
1047 229 1087
1494 451 2735
176 158 685
885 203 2003
804 1415 2681
184 1415 2247
575 640 2660
332 451 2023
333 1014 207
623 42 1803
1496 1406 2335
1311 1158 1930
443 1090 227
946 215 919
235 119 2744
1364 137 1828
548 843 1733
1091 1473 1248
1358 207 582
942 159 1363
402 905 1302
163 891 792
980 1459 2132
1217 1223 2505
146 678 1938
1228 1461 1638
1316 1408 2660
1453 1379 2968
578 150 818
975 1118 1653
586 886 989
528 609 1284
40 974 1422
292 652 2834
556 1311 1334
1411 53 2106
620 936 842
1031 1260 2842
744 490 339
936 308 1720
65 1222 1489
1465 1462 2942
536 1280 382
1176 380 2835
590 1448 357
818 424 792
462 506 411
827 1184 673
459 277 206
710 1286 257
754 436 1793
1329 1429 238
213 1478 1806
947 521 2623
1259 183 1437
790 501 1145
372 1084 2464
971 1199 1688
895 553 2942
752 333 706
194 958 1177
817 325 1046
537 605 2098
525 1252 2145
225 833 2923
1394 1153 1744
1184 651 282
455 834 730
141 422 1531
204 76 114
409 1192 1280
215 25 488
1420 741 714
1094 40 425
1060 98 329
993 922 515
1237 1259 1370
920 1078 2451
991 747 959
550 1261 2832
1419 862 2898
913 746 690
1060 952 2410
830 46 2352
474 543 1936
1312 1261 1117
1020 327 938
992 26 2839
486 1133 2254
779 148 1700
977 639 1861
153 714 52
1400 1138 810
597 378 206
654 1415 2449
33 1473 1734
281 416 105
1041 1483 522
92 365 2047
611 1481 2478
1341 260 1057
504 895 2495
1213 46 163
961 214 68
862 1439 1000
155 273 2430
235 1073 951
984 88 1978
1314 283 2889
1330 718 1402
683 1256 2577
820 640 472
19 761 1643
1401 158 2254
1064 504 764
975 545 2227
338 1372 1355
970 660 299
820 1121 2164
542 1489 1195
396 818 998
20 732 2711
886 1229 2012
1018 764 2677
1103 1086 336
1236 1400 311
485 481 2494
328 1066 1469
556 678 1000
1096 1203 925
1261 1423 2868
114 592 1245
1015 1217 2639
1154 741 199
827 711 2076
38 1409 1776
631 52 1882
1239 952 1498
1333 0 1407
1079 254 664
390 311 2300
925 1492 1883
1211 37 501
734 236 1199
418 1048 1374
1071 915 890
1008 1046 727
1499 1458 1956
100 374 2191
264 858 313
960 63 2767
1344 860 1286
440 602 2548
1053 1168 40
699 1329 1405
1450 254 917
1185 285 2490
981 703 1915
1189 1043 2773
770 601 1494
1057 1475 2818
1130 1487 1070
71 982 55
493 468 1239
512 534 483
394 1423 2593
37 628 2420
751 691 2524
1180 647 407
383 587 874
756 690 1702
1473 93 2573
704 273 1159
432 23 2278
165 66 1936
1290 1288 910
1377 1193 1413
131 747 759
83 1169 753
812 549 1793
796 1243 285
664 198 906
753 1478 779
1420 647 144
910 1183 1217
241 164 1538
1285 128 2864
32 51 487
1257 1466 1795
1278 648 1816
853 1473 1017
401 1379 176
952 1240 2595
301 737 2353
490 1112 2361
1395 1334 1132
265 362 2683
1122 210 815
261 422 692
185 969 1399
544 1237 2869
1339 1474 233
1254 1401 2890
340 1045 797
1119 539 2828
767 30 2296
284 507 1039
1318 320 1110
923 1328 762
1140 1265 2023
800 740 943
438 769 869
955 809 1785
372 1472 1132
275 584 2191
621 1397 2937
23 274 2876
461 401 971
365 52 2549
918 590 2427
722 1370 2708
902 404 1758
389 1144 1808
1157 1139 2498
118 971 46
854 341 2545
1090 1197 683
304 483 2278
1010 907 66
2 1056 2981
116 547 202
1169 254 1985
444 1087 2169
328 956 347
1450 700 2446
906 52 2151
823 719 1701
1352 474 3
1305 319 1677
414 1089 2468
482 97 298
402 1439 1271
1497 124 704
699 1021 2793
91 1277 1282
1012 423 150
1137 925 60
1330 724 1153
1395 949 2650
448 214 1196
201 609 2002
1138 1102 915
784 989 2150
1412 1398 771
1012 727 1711
1431 954 2176
1399 1472 2229
833 569 1123
1049 137 1354
947 651 120
69 1224 2413
644 161 956
899 1319 694
1496 1111 2983
279 99 618
1255 497 2041
656 5 2655
619 267 295
566 1041 1134
408 608 118
812 931 793
1031 1468 512
898 960 1603
178 1280 1595
534 1429 1735
959 1205 1380
899 287 2188
1378 132 1757
208 776 2383
676 1055 1826
1176 119 1600
1308 738 1203
1467 135 965
836 1290 1847
510 335 804
1191 638 773
835 415 363
803 816 2476
289 739 820
605 480 340
1062 1004 845
1399 1111 2107
411 42 1540
1381 885 1165
1422 435 2548
412 520 119
937 1179 133
594 497 2729
539 1306 1701
1290 375 2303
1197 331 1141
363 1391 1877
728 739 269
282 602 2522
97 527 2289
857 680 2370
633 226 249
1085 1365 2960
1101 1151 895
681 1319 2219
1003 85 1346
1289 403 84
119 841 2194
562 217 417
772 530 641
137 1071 2117
1019 120 1446
381 1014 1212
1297 239 2591
683 794 1633
973 837 55
247 487 2369
341 170 2417
127 1045 2682
879 779 1742
1373 1321 2691
1047 1195 754
89 266 2090
1458 806 945
239 1046 1217
685 1481 157
908 1391 1038
541 175 305
1082 1380 419
453 1226 276
948 987 1024
618 808 987
1158 832 2177
534 875 783
1111 346 106
897 670 666
857 885 2949
1391 122 682
1338 999 1769
691 1336 1452
632 114 401
5 874 2143
535 1245 1012
1213 801 2465
546 158 842
800 164 844
177 129 2031
1263 987 2563
29 540 962
459 138 212
823 1494 136
1223 1405 2287
688 801 1922
767 1286 436
949 1304 1724
1273 443 2990
1109 1228 1122
1448 1289 2425
231 198 1846
212 804 839
429 550 1692
49 78 1937
483 1211 2361
1001 559 452
1347 227 2107
506 446 2606
364 449 1139
411 959 1843
1056 319 2399
930 1246 1328
456 131 1518
477 1390 226
555 861 2463
284 539 1895
1069 135 1239
1312 1175 2397
1347 1471 800
1046 1482 1226
