1000 488
209 729 1667
50 365 1185
163 276 501
722 799 1094
161 852 1396
276 809 99
963 484 1785
559 539 571
218 48 765
892 307 1439
572 671 991
695 28 273
119 678 1221
504 974 1540
889 103 591
685 566 895
939 984 1075
994 442 122
256 695 420
910 303 357
707 883 1878
258 606 890
715 313 1016
53 555 971
120 232 319
753 252 523
16 992 1091
260 809 1887
912 897 1272
671 171 1343
409 529 118
140 249 1492
394 636 1060
970 999 45
965 30 292
743 96 1722
793 917 962
667 852 1271
0 81 661
81 551 1867
294 472 1068
420 950 760
580 343 1232
86 405 315
352 933 218
381 334 1375
722 518 949
517 782 1752
852 855 1774
862 208 777
795 402 1773
78 676 143
263 173 1930
744 74 717
268 878 1075
90 888 1169
495 818 89
7 935 1324
807 71 1984
837 900 1833
144 196 321
996 786 871
458 939 655
961 912 525
948 587 894
409 976 117
739 570 23
423 495 225
974 584 1985
522 84 1117
435 674 373
235 970 903
419 299 507
942 314 1746
560 945 1522
237 841 292
150 658 1774
224 877 126
86 513 379
82 558 185
725 373 345
618 86 1942
750 671 1922
474 51 887
446 567 780
907 676 1787
654 840 60
552 162 741
431 282 895
850 108 1556
101 72 965
652 797 313
336 348 1826
904 186 1979
160 138 940
223 165 1285
613 156 187
248 285 1298
849 519 1877
511 964 121
863 923 358
643 23 1137
642 940 1176
487 825 1230
668 508 380
706 501 1367
823 298 1517
646 634 61
370 18 1541
949 852 1346
468 751 378
113 986 310
790 121 921
125 513 1262
380 222 1251
741 475 548
718 12 924
642 440 1973
531 909 1422
842 199 137
637 82 1257
342 513 1913
11 975 72
676 143 1708
266 385 380
98 918 1247
482 331 999
6 895 1018
115 624 1705
386 861 1760
494 817 230
218 646 219
324 891 1563
313 15 1711
668 618 891
777 872 937
110 336 1233
154 73 712
597 123 1434
786 171 345
44 596 1513
749 659 41
75 561 686
486 1 1878
145 932 908
330 836 1450
130 167 1086
231 85 1100
382 381 1795
424 313 533
473 407 1744
503 933 1416
983 753 612
723 472 144
807 25 212
615 270 103
31 950 906
246 767 651
640 318 1390
496 690 1950
848 290 768
272 607 1818
854 595 1641
279 909 1282
50 195 1035
884 752 1484
695 646 1693
368 556 1076
410 250 1788
977 861 744
241 621 755
388 971 690
827 11 1352
290 779 1153
168 595 1707
85 209 980
309 247 1229
164 29 1500
91 112 1528
987 354 513
131 437 1286
616 376 1511
951 534 142
174 980 686
535 641 131
975 260 1629
157 179 1269
587 780 1247
274 371 695
946 882 604
85 633 1761
938 797 1543
218 921 115
138 354 1851
242 783 1472
812 449 1700
374 562 559
8 796 1913
571 375 202
222 823 1960
650 886 1861
749 210 1617
702 258 789
297 969 1995
31 724 1461
132 916 1518
776 887 1894
704 226 950
197 50 696
347 540 1623
134 627 290
340 154 818
506 769 296
454 541 1790
109 626 716
775 352 498
532 704 1155
691 106 1862
572 707 536
286 941 1295
116 903 620
139 177 1710
411 553 1032
660 171 1588
358 999 927
162 799 1665
911 825 1432
690 514 892
291 840 1156
965 312 882
108 62 695
716 308 565
601 67 44
21 346 1327
984 667 153
934 298 1370
782 651 1098
206 620 542
357 830 575
431 385 1042
419 182 1381
708 514 829
47 662 542
167 211 903
221 830 1312
92 747 1980
584 33 1597
183 344 1961
592 873 1748
473 73 339
599 368 604
830 832 1414
234 737 1041
186 661 1004
873 628 992
382 610 679
30 123 389
696 299 1556
264 429 1780
404 67 554
466 331 308
270 515 1333
710 823 1237
553 728 192
764 836 1207
583 49 793
347 269 1021
106 155 1384
351 269 494
396 762 251
81 780 552
802 44 1701
769 928 448
555 842 100
726 952 315
84 251 1328
827 865 1710
814 21 1391
104 385 364
838 890 51
299 676 515
457 941 1068
490 603 264
808 333 1064
369 220 1712
259 563 1848
836 569 221
989 111 1506
265 88 289
287 341 1350
568 787 1710
659 235 117
818 628 415
995 375 1179
28 171 1306
16 222 1468
758 34 1397
115 794 682
256 590 502
397 932 208
722 901 471
896 593 744
10 381 536
524 300 1054
300 798 434
382 233 1457
68 56 286
634 485 710
128 30 419
216 965 1575
88 728 281
834 278 1034
282 761 288
247 522 1312
804 436 578
190 75 342
804 787 603
810 88 715
433 675 990
328 674 1541
82 479 1723
824 15 1770
419 142 1105
856 60 1637
915 168 1820
920 171 1028
340 317 1628
720 94 906
769 267 469
159 479 1362
166 86 50
241 203 4
123 284 1371
619 616 1236
636 74 168
223 391 53
992 452 1666
351 638 1167
970 802 1334
350 762 257
598 316 128
894 381 139
703 609 1727
164 660 937
128 684 947
793 354 302
617 525 1248
627 697 768
365 88 121
727 782 1848
950 854 1936
596 962 1738
331 669 216
820 900 475
445 843 1233
495 759 682
281 694 420
418 683 186
71 204 1122
869 219 1594
235 540 1967
279 464 1021
959 250 713
485 125 1752
127 164 894
103 260 471
665 407 41
802 517 217
641 531 1513
274 211 1630
630 395 1568
63 956 1164
323 758 37
933 470 1177
885 939 1098
964 804 1728
979 924 1438
269 636 1119
203 980 1505
82 706 1095
89 202 194
277 33 1425
286 722 1306
568 171 621
593 45 584
119 182 1939
248 906 298
257 647 536
363 478 382
155 795 1632
537 804 1988
318 741 6
349 551 1688
97 571 1164
922 43 739
658 414 1042
310 505 347
475 443 1786
598 668 734
580 556 1711
674 659 1742
337 32 36
760 352 1994
529 696 555
343 932 1478
644 320 1291
7 188 1648
440 469 1474
746 694 893
949 619 1106
349 978 495
107 230 1515
811 552 858
548 487 1217
917 764 126
833 582 515
178 884 728
148 45 483
318 102 1424
194 295 289
592 166 271
638 766 1759
411 29 66
411 951 448
723 442 653
441 870 1663
70 41 1520
165 767 1639
79 396 1202
72 495 1874
236 737 1522
203 47 1944
3 186 352
167 920 1670
808 44 1783
243 382 315
32 462 838
967 291 643
981 190 1142
522 726 1315
994 966 1246
545 424 405
848 564 575
33 297 1033
14 495 596
639 31 1859
476 796 30
714 991 1901
864 487 777
672 946 1159
222 463 441
625 416 1925
76 134 1805
438 506 1899
105 140 960
488 669 98
535 920 903
824 780 1337
405 932 1517
935 365 1187
484 835 477
932 626 1376
977 764 1652
718 806 520
813 81 1436
356 165 491
790 373 1942
938 860 326
303 426 475
908 759 1501
77 930 794
988 299 1158
267 231 138
404 283 862
405 586 73
543 593 1986
773 892 166
121 837 1604
427 701 1752
18 33 704
977 919 808
387 700 58
229 117 1696
98 421 1779
582 232 1976
685 887 278
952 0 1343
378 756 1338
291 383 703
461 935 315
292 316 1309
179 383 1492
199 49 658
623 663 89
728 778 1288
214 107 328
420 793 971
495 750 1685
701 399 1593
12 166 290
109 69 873
465 231 1986
126 803 1397
509 857 344
236 90 469
92 561 1310
653 656 1870
990 613 1714
546 628 1614
647 423 698
921 821 1406
655 460 159
220 330 263
244 809 230
731 977 1432
968 67 1502
682 490 611
731 602 1314
761 357 568
48 781 1472
727 598 289
194 582 764
544 79 713
198 659 379
327 798 532
451 985 1638
914 468 1655
333 68 1514
207 868 199
385 298 1039
898 755 1196
457 876 863
973 912 1219
932 1 1382
382 851 1723
646 171 883
915 236 425
151 741 443
753 674 1990
334 472 59
377 417 239
794 578 1039
358 90 1913
411 212 133
230 606 1105
356 316 1261
684 83 1479
414 451 1110
224 351 1963
128 75 145
661 249 1076
306 407 300
62 245 788
621 238 1926
182 962 810
828 326 934
925 383 1919
114 351 121
651 769 1087
772 694 591
376 901 1188
609 444 1412
234 150 106
187 735 1301
166 640 439
624 287 1223
602 458 555
894 145 643
360 845 350
106 80 890
438 932 1336
557 565 1463
572 29 1556
329 758 660
257 659 1190
466 539 913
831 400 1134
453 702 101
944 29 825
477 248 1062
48 971 1240
159 230 727
0 605 1657
588 550 991
860 816 1709
654 851 1436
326 449 97
407 783 1847
24 611 1884
122 262 30
160 740 1387
432 180 1447
97 587 1971
94 884 1908
124 663 1579
927 421 327
177 350 421
962 380 243
653 536 1311
801 697 138
57 373 1763
559 567 992
76 411 656
539 1 1429
401 885 274
774 433 158
876 663 249
702 40 1354
478 176 1578
56 866 209
89 917 555
928 622 1987
679 753 1826
7 293 1293
209 722 602
267 193 794
163 343 1532
83 67 1974
794 607 1548
779 288 204
656 219 172
269 683 228
569 214 595
46 787 1857
45 59 1603
206 211 1655
607 275 239
663 38 899
963 547 1534
982 341 1456
498 593 1433
6 217 281
43 707 248
33 803 110
591 496 1104
859 927 329
467 163 298
743 938 1086
322 620 102
457 572 153
252 208 1399
253 561 1474
715 310 1463
487 39 557
657 809 226
839 603 958
689 527 840
175 38 1254
991 191 823
91 748 1415
835 426 1180
311 223 1299
168 337 740
489 298 214
993 840 1196
898 959 1373
273 430 736
463 670 860
563 146 275
307 25 1920
122 839 1656
730 576 1462
170 790 0
836 402 1964
589 545 1500
512 724 1161
537 169 264
991 713 206
984 188 475
232 935 15
620 11 11
315 288 1656
464 51 1959
284 23 1318
823 970 498
632 201 1497
198 45 1243
707 530 144
932 84 1882
288 773 130
364 268 1271
729 630 1615
675 980 3
709 42 1475
267 619 1001
895 399 1557
231 535 1547
909 813 1488
226 131 758
571 273 1421
934 712 1191
711 946 1412
589 164 1012
20 214 41
512 554 807
283 54 1387
953 460 1828
932 145 983
732 433 233
312 880 1500
32 558 1092
861 664 1238
856 361 1043
121 230 877
919 139 105
912 564 1155
147 111 902
187 475 1432
815 728 253
269 913 1765
983 599 396
717 417 395
173 884 1194
663 684 177
278 741 1881
962 431 1015
372 285 1869
894 506 152
660 861 489
144 42 358
817 488 1770
64 85 1554
686 231 1366
443 824 1698
215 300 809
308 869 1270
524 931 1026
601 853 578
293 322 159
773 397 1903
780 110 1576
23 824 1866
925 696 1205
379 789 1659
500 770 1429
607 300 188
632 104 1731
552 194 901
904 341 1482
246 583 1810
865 528 1940
550 862 953
566 643 1275
247 674 1504
878 414 1743
54 401 1965
574 275 1224
367 20 626
143 240 1402
350 931 1178
195 927 611
450 997 1201
132 640 1608
986 956 739
989 778 196
328 76 121
292 956 1346
112 935 618
993 20 627
699 524 867
38 263 357
271 384 832
346 548 1558
188 471 1633
913 643 390
24 955 1308
625 454 497
487 290 437
842 1 902
143 890 1269
283 307 1486
380 320 1572
385 348 515
196 347 611
463 156 1544
568 18 1031
350 539 1229
116 844 1982
20 300 1869
569 530 1544
864 900 1671
461 524 1377
707 417 1517
130 216 425
184 643 327
585 816 463
235 802 583
590 463 1811
587 214 477
238 537 63
539 550 1021
95 530 1354
972 674 1828
827 169 610
908 113 1236
726 278 1493
883 780 1879
734 508 232
782 910 150
124 271 1141
692 696 353
449 477 927
490 216 232
822 289 1795
443 94 1459
142 754 999
627 386 1282
254 801 416
450 589 769
227 423 359
861 856 1982
788 820 1241
189 991 91
215 624 1617
397 106 270
511 897 1911
851 629 312
333 460 638
988 654 249
874 541 1316
9 939 293
316 407 510
594 137 755
947 915 591
209 401 20
752 959 1604
817 344 1875
885 330 101
156 790 1776
305 544 287
601 154 974
819 609 923
335 576 829
849 359 1213
819 647 102
704 135 1068
364 235 1147
492 841 1345
895 770 74
729 107 961
340 678 202
395 709 1883
880 704 1002
256 771 1222
945 20 885
812 701 38
123 193 1529
179 12 934
796 344 1628
751 513 802
798 958 799
719 500 1842
304 129 1645
311 853 1493
558 844 415
131 841 1044
100 184 1756
739 152 578
69 110 1199
881 628 977
35 792 578
344 830 490
194 110 1066
717 122 826
388 859 1471
79 744 488
38 167 1831
533 129 1538
124 728 1409
519 384 713
559 401 53
393 14 1386
188 276 1857
358 629 1413
945 657 445
697 916 1687
567 814 1232
596 787 1446
456 330 62
463 117 1070
596 196 706
92 670 725
657 998 480
501 952 104
7 934 309
847 624 1547
229 804 1407
430 815 879
992 543 1080
866 359 848
644 965 869
41 973 1431
368 389 1562
464 755 1648
528 200 1329
652 596 1326
185 654 514
24 448 16
22 108 184
10 881 44
55 520 1007
484 130 926
996 381 315
172 661 1198
34 423 600
582 344 571
458 958 404
154 484 139
987 833 207
686 58 1781
523 593 701
534 669 793
29 435 1907
442 553 154
980 607 353
575 59 41
750 774 1397
210 521 1891
59 417 896
742 608 911
2 796 1336
784 292 252
888 930 1229
62 211 1119
870 498 379
716 484 92
148 874 205
470 59 297
774 462 189
97 296 44
513 808 692
559 651 1050
567 39 190
119 236 1792
823 71 450
760 715 322
462 975 1589
647 479 952
669 195 655
67 874 265
77 517 686
879 331 1091
402 851 1848
912 886 1193
395 681 1849
937 161 520
845 785 1546
550 321 1025
814 105 1097
958 943 589
504 878 1962
773 175 2
70 115 1929
841 165 869
211 215 393
299 980 199
949 56 1408
460 22 920
878 410 1043
795 27 1135
679 54 622
363 297 1623
104 337 1717
845 251 119
535 674 464
556 137 694
534 946 848
363 654 1906
180 521 1877
449 99 1375
501 334 1460
695 863 648
327 506 1216
957 512 129
647 508 1195
925 714 614
923 67 63
305 757 894
277 590 1410
510 79 1219
609 665 1869
131 297 1043
441 553 228
404 347 731
276 868 297
202 900 1953
437 13 1313
397 582 1857
768 250 1141
566 115 65
684 718 1131
25 57 1907
356 642 612
805 26 668
941 665 830
896 608 938
546 615 1263
121 231 1213
752 605 484
613 834 299
892 947 437
767 205 381
339 378 1868
270 523 1491
842 204 1766
677 405 976
445 371 40
926 199 1117
776 435 520
944 899 314
741 803 1282
711 876 1101
541 345 1630
543 867 954
924 208 1799
700 311 1847
422 830 81
927 894 1249
696 460 1750
45 236 943
694 500 517
931 186 857
93 661 448
538 386 1244
129 204 1177
28 917 637
345 109 1799
987 604 103
513 938 917
130 698 1548
967 71 1486
103 943 60
762 44 1198
389 50 1092
882 887 1202
41 692 247
455 419 636
72 439 918
754 712 1838
901 819 213
355 913 785
69 448 1978
415 730 1064
865 818 684
114 253 605
558 975 1454
235 965 1383
180 858 262
733 107 802
809 307 1208
730 374 1597
175 453 1254
477 823 767
307 540 1401
752 593 1109
749 460 1520
814 837 1266
315 387 668
51 371 1239
776 529 569
515 352 365
999 122 1765
978 954 294
989 236 1336
477 524 1245
127 194 1594
747 609 731
245 294 745
942 425 1209
281 543 1984
51 71 1362
649 439 404
648 20 781
915 18 1347
534 179 409
590 564 1520
698 185 528
754 384 1417
425 298 1211
926 778 296
867 64 1412
200 591 1103
758 167 627
947 547 1893
826 749 1316
997 581 1834
258 273 646
273 965 1064
375 884 1936
473 303 1351
474 150 6
905 216 1719
642 54 623
318 576 1363
813 508 483
294 394 148
693 830 1047
317 562 774
756 401 840
917 51 23
950 946 1376
156 238 1003
483 482 130
398 287 1894
440 694 165
997 789 231
400 118 1897
132 401 168
283 643 1289
454 533 1688
446 815 368
673 923 1620
112 340 925
900 135 1859
998 595 440
480 359 360
798 220 622
239 465 237
835 306 641
376 454 1780
519 298 1821
768 28 1162
443 54 1392
203 349 444
872 281 255
254 598 497
326 676 331
53 218 1428
58 114 1758
249 586 19
319 649 1636
437 655 1684
97 660 1866
827 105 20
279 942 1264
530 599 1948
444 466 89
605 92 1753
537 958 1683
66 240 439
586 154 175
734 711 43
27 215 1423
204 986 484
539 427 965
498 551 829
595 195 127
169 275 176
68 112 696
149 707 1404
213 820 455
448 48 1006
198 368 1243
629 680 1239
732 648 1577
503 232 1165
245 261 1866
890 671 1615
785 216 1371
114 537 113
200 95 1215
427 376 1661
201 633 124
833 49 1736
770 447 524
681 589 407
207 288 183
2 759 1098
561 13 320
882 96 873
298 69 109
712 49 14
501 34 1428
677 143 225
696 157 404
786 222 178
379 185 59
679 939 127
811 298 467
456 351 655
562 844 1860
276 504 491
325 875 768
370 403 792
337 104 1737
126 884 528
242 779 1600
755 722 1110
100 826 478
491 2 237
668 891 1458
634 799 222
865 678 1425
393 41 491
165 496 726
633 129 61
161 653 329
486 394 537
767 413 572
228 75 883
321 271 920
570 649 1578
420 22 1472
80 936 169
398 25 186
335 585 86
26 264 1904
637 260 186
445 807 1209
258 562 1808
744 274 1288
939 761 1015
668 967 172
6 172 1119
676 460 1665
250 696 1218
517 208 794
277 257 1449
622 611 978
842 44 1198
892 848 1935
940 991 1807
423 28 1451
877 448 599
549 700 906
461 575 185
652 752 304
359 487 1209
737 601 1996
49 0 1744
626 635 1524
551 257 415
173 37 1771
386 378 1914
886 672 1704
96 395 1871
902 32 503
700 91 1444
882 78 922
514 256 1820
441 968 184
954 331 1892
356 149 1052
784 962 1660
4 65 1286
433 878 732
467 340 1191
317 955 778
348 619 786
508 912 1551
516 242 262
489 490 784
891 753 756
118 105 1366
372 868 960
683 611 1920
884 22 907
975 383 214
400 336 682
665 144 942
156 450 1075
292 440 1150
884 84 443
309 158 1472
300 908 1525
178 875 1574
421 134 348
152 627 1305
244 579 1585
518 484 365
367 196 1959
664 239 192
182 56 1012
116 114 870
682 509 695
289 232 1932
787 576 541
73 910 1303
171 218 136
868 600 1975
416 459 1
538 941 129
299 925 1643
365 666 1765
597 526 1085
83 547 1252
357 853 163
681 539 1317
282 379 156
858 30 378
385 689 691
23 364 918
658 600 713
206 449 1166
466 65 715
620 425 601
229 412 113
883 447 972
74 809 1531
221 447 1994
578 47 988
139 416 1621
500 939 538
786 197 780
293 829 1251
297 73 1890
204 675 1563
183 283 1649
602 650 7
953 636 1213
694 523 735
57 499 57
966 229 1238
761 955 318
747 599 798
428 251 735
113 697 100
483 454 35
280 873 1245
321 676 1009
3 153 1471
594 87 1331
636 742 1393
880 905 1233
272 488 170
979 282 1393
682 297 155
4 104 732
225 937 680
525 822 1022
377 964 1199
332 280 513
783 802 372
342 277 655
465 269 149
213 19 1649
825 14 58
588 849 1022
146 906 1488
167 106 309
45 497 1036
58 401 1467
919 295 495
251 149 47
659 534 375
288 355 537
39 765 1563
99 850 1705
638 15 1298
468 42 1874
767 574 648
208 450 419
13 247 865
101 929 221
580 91 1311
564 159 705
881 102 245
159 361 1482
217 982 569
711 308 218
811 469 189
458 433 1567
887 889 1033
986 228 528
577 241 189
415 994 1150
780 844 1852
353 264 663
170 165 1359
602 275 1958
22 758 1657
728 805 491
841 340 97
493 260 1469
897 497 1414
628 670 885
30 68 760
662 741 131
733 785 1163
693 274 642
777 963 673
63 774 975
759 9 1417
705 113 743
956 28 484
658 413 1235
606 14 1376
909 929 1012
416 204 1796
765 502 490
74 992 1969
449 185 1617
141 41 569
509 568 1491
738 645 1234
659 398 895
751 19 151
21 132 555
518 436 1284
47 668 798
843 433 673
215 488 355
698 143 1328
896 570 1904
335 787 1630
139 312 1375
137 694 1114
326 629 788
781 527 1078
768 120 804
407 916 1454
796 199 452
174 591 981
918 152 118
742 522 1122
697 901 622
11 724 681
56 223 661
435 605 246
785 235 36
659 147 453
513 890 708
60 418 1229
464 322 343
515 276 1595
286 296 963
264 614 1001
803 832 1380
120 808 1108
502 214 1732
621 791 32
766 590 116
262 437 132
505 670 1081
305 231 394
895 420 333
371 836 919
187 259 370
530 450 1293
782 494 81
874 652 872
840 62 210
177 20 1165
622 235 43
20 979 793
746 686 1880
678 28 1552
545 273 330
747 880 142
928 231 1126
616 703 584
839 180 787
724 989 1612
379 401 1839
424 52 1201
472 24 364
914 31 558
171 288 1434
507 303 1066
151 244 1585
293 283 1360
509 139 220
605 881 559
482 302 1180
129 39 955
731 876 1765
277 326 1521
727 262 1018
845 782 205
832 779 1919
916 187 953
757 425 10
228 272 690
452 631 1695
151 815 1989
195 658 1141
834 734 491
248 93 1701
740 40 1342
618 473 667
700 924 1674
452 6 191
90 146 1758
693 108 1995
126 558 661
366 104 1247
313 517 687
34 258 1299
453 611 1671
29 497 186
189 591 818
74 393 1453
598 907 1152
951 401 1816
216 787 117
413 74 881
900 883 1051
44 496 1560
479 204 412
515 281 34
930 140 549
42 622 866
735 997 1289
736 424 1232
713 315 1433
298 980 455
614 293 110
837 953 1343
599 858 947
520 274 1586
519 887 1754
940 528 1005
381 469 1965
195 703 695
73 380 1122
671 537 445
370 99 1895
40 909 481
366 543 1218
519 111 256
604 902 387
863 382 1527
919 828 1279
409 76 1041
560 220 288
818 984 1992
658 404 1036
540 284 1694
107 517 1619
328 335 487
787 307 1185
102 677 779
240 676 489
516 193 805
72 510 135
6 293 93
133 412 761
191 648 208
714 963 246
648 600 629
469 258 1464
631 766 684
978 235 1714
961 582 1033
997 286 1964
442 269 1470
806 693 214
995 944 906
930 839 232
688 937 690
490 712 336
959 232 791
59 740 1920
268 784 1140
996 990 126
820 369 350
772 817 1036
44 156 1569
257 857 161
845 99 463
964 277 124
485 961 554
502 320 1641
426 765 1079
341 767 913
243 486 1288
194 755 1460
56 628 234
721 756 907
756 386 1232
132 329 1966
793 492 711
474 673 1500
422 782 480
666 441 446
526 573 1307
789 407 910
550 209 1381
369 766 257
817 175 1531
67 359 1146
146 341 506
596 964 258
45 506 606
163 618 1268
301 577 1011
521 709 1814
924 528 1757
729 34 1438
924 940 1718
59 817 1221
266 471 33
214 23 1918
937 627 379
969 310 1296
471 737 81
47 179 1203
300 983 228
726 858 1607
961 406 1610
355 789 707
410 669 782
721 763 1626
439 195 1318
181 328 1607
800 999 1924
142 357 1645
179 673 1600
496 617 693
952 555 1604
178 132 238
52 117 599
645 833 280
666 574 1673
108 13 791
760 62 1479
361 898 1631
521 839 392
472 672 1434
84 6 1913
907 12 966
260 509 692
148 856 549
413 282 224
103 615 729
427 249 1280
765 163 1313
649 994 1536
846 650 1719
891 569 1698
217 850 1403
413 927 387
619 143 418
766 278 1557
767 157 1344
948 41 3
192 552 1176
145 613 637
265 910 115
897 970 1133
664 788 1988
304 232 1930
917 729 1041
80 416 1778
971 726 1542
554 221 1086
96 663 1552
958 872 1766
243 5 1546
421 715 1588
816 425 1039
993 555 190
683 71 418
215 579 628
536 6 1162
756 510 535
433 774 1767
713 224 1060
19 76 1754
95 344 1841
908 996 1892
937 609 904
621 476 639
493 161 1217
545 239 510
127 50 1395
472 288 1019
48 672 874
945 115 1837
431 15 805
546 982 1150
763 764 793
90 700 1789
555 17 477
991 311 790
516 644 1360
671 978 1035
752 676 861
344 618 154
361 621 746
109 317 1872
55 188 97
979 638 1363
547 918 1379
426 776 187
37 5 638
603 87 326
100 117 755
222 201 199
536 419 1295
127 963 1340
833 414 99
224 289 853
334 65 775
628 899 45
713 36 733
635 756 1568
123 687 1025
342 248 940
143 255 1479
37 581 1607
439 429 1271
820 431 1584
371 13 1094
922 106 420
810 235 1688
902 978 667
481 46 78
18 317 1856
667 316 1474
758 629 1608
981 106 50
434 683 1937
522 747 943
189 195 1632
725 579 268
771 6 418
964 479 983
402 881 24
867 839 133
785 718 1205
108 866 776
544 508 1616
847 68 1354
903 881 1746
376 6 573
689 965 99
862 661 1410
994 462 1871
355 156 644
440 748 79
153 816 630
353 201 1740
383 867 155
428 56 1035
255 61 1742
329 256 1113
442 206 1268
826 554 325
254 193 1327
518 584 557
886 2 1761
5 703 595
174 999 1205
430 807 343
302 47 102
688 244 779
809 734 181
549 754 1273
153 935 1551
325 123 1934
133 180 879
899 520 1962
502 855 784
881 452 1727
365 809 149
566 620 559
606 533 1693
424 340 580
435 307 47
628 921 453
718 22 332
708 31 1747
111 756 540
994 326 855
461 551 1418
919 306 206
675 504 1157
134 200 407
170 470 235
579 762 1304
759 912 211
740 869 1482
162 966 1801
561 86 1786
708 868 1863
570 693 447
70 425 1140
986 626 1936
468 701 2
953 808 1988
309 230 1340
19 852 1474
838 411 312
192 690 1413
733 399 912
70 678 92
943 499 570
538 736 966
331 167 1938
201 41 1740
657 734 662
65 312 1322
918 536 1147
891 748 623
482 782 1120
46 963 524
158 255 552
720 298 1721
893 23 1746
656 738 296
89 198 955
316 343 1679
959 741 819
942 693 426
863 673 1379
157 20 176
518 57 1308
417 766 149
547 667 137
344 540 1672
476 53 699
553 990 569
551 141 1316
778 21 1254
297 877 373
846 991 275
641 160 575
314 127 221
436 778 1004
710 335 26
703 454 516
977 685 239
854 347 889
134 279 613
855 724 1111
524 156 6
526 96 554
771 608 1918
226 234 1378
48 633 528
403 644 139
890 802 640
905 978 1429
429 468 1224
840 967 92
63 672 522
789 332 515
393 982 1174
112 64 1741
978 812 454
737 384 216
921 477 1395
483 335 1067
595 78 476
485 761 1076
448 842 324
429 654 1422
275 431 1084
403 306 1689
223 167 677
35 283 1086
879 419 1226
332 563 1476
617 926 1239
960 301 1697
449 972 1357
769 483 1973
795 931 906
699 737 631
80 698 1247
184 710 124
140 142 283
995 985 1645
59 420 1727
432 809 458
423 624 821
536 287 35
522 268 369
763 219 1893
173 539 1576
704 272 60
673 118 937
954 953 1477
920 360 1723
172 982 497
602 700 1110
86 701 1829
537 968 1464
340 357 942
218 377 670
15 669 62
626 184 275
71 544 1923
191 288 588
523 466 1038
244 421 1903
212 639 654
273 480 1508
528 1 947
43 252 207
616 64 1716
462 123 179
981 24 117
176 301 616
667 234 27
491 817 824
426 28 756
746 766 1040
900 238 507
655 254 654
326 155 414
603 24 870
68 423 1227
910 34 975
960 317 1923
111 31 962
724 771 347
10 840 1497
214 722 60
36 196 1030
501 37 1502
720 208 1323
143 112 1147
610 602 384
39 146 1153
914 970 1513
554 862 990
686 912 786
644 746 1893
85 394 1698
860 683 606
219 319 587
719 798 1703
265 568 928
296 60 1780
237 191 1294
262 655 803
88 891 166
387 467 1447
883 935 1965
88 125 20
500 805 1960
9 360 607
398 752 52
500 609 1643
742 191 1649
724 832 1589
611 335 133
323 512 1105
317 225 74
870 978 1757
690 857 504
934 447 465
675 961 1668
399 453 637
345 106 453
830 954 76
474 334 453
853 573 1632
43 42 1397
723 736 535
344 489 1938
604 972 618
434 648 1848
95 317 1248
516 510 1083
710 885 1410
998 156 867
573 373 955
27 125 1846
284 237 1827
354 94 1985
843 830 1118
147 609 285
962 259 392
352 741 1318
183 802 608
633 457 1060
985 113 368
46 623 1563
470 262 1751
716 632 691
251 40 1148
910 382 47
362 376 1117
140 553 1461
805 918 1784
498 368 1305
415 874 1517
261 220 418
916 492 728
818 3 1660
250 152 1410
974 415 1481
504 317 221
19 17 610
629 864 10
168 387 1344
618 428 1813
175 379 1234
275 925 1566
282 365 962
936 884 598
797 535 1054
160 97 527
66 796 374
552 377 621
293 949 601
9 844 1962
942 634 952
685 317 1604
748 80 716
470 822 299
624 253 595
101 294 668
482 10 1077
157 184 853
369 187 299
769 964 1431
278 868 1872
779 665 1757
838 922 1543
623 474 183
976 618 1772
532 330 589
903 617 1593
966 299 1919
968 485 94
831 702 770
773 51 309
64 590 1824
15 263 1082
167 617 1226
860 818 598
99 43 658
346 290 271
270 223 1002
203 136 1047
956 651 319
952 82 1463
939 864 1066
832 816 195
273 447 80
14 439 24
614 926 928
706 689 1246
807 918 1477
803 405 1598
220 764 606
467 837 60
494 170 1499
844 476 739
117 976 1435
513 689 1200
429 496 731
107 427 31
862 170 1977
197 199 1589
390 724 1161
241 847 56
439 57 366
448 972 125
362 757 91
138 333 1253
416 753 1467
183 327 1133
141 924 407
475 740 268
42 882 1728
410 79 216
91 992 94
893 711 68
897 244 1272
375 340 180
181 713 1995
499 112 1029
125 596 1707
713 864 26
847 661 1404
570 483 246
610 327 1957
805 411 793
582 551 463
324 685 1514
414 319 1350
605 237 1677
580 212 1062
998 513 1384
678 846 1271
366 300 1811
857 232 1403
388 568 1621
154 579 1798
557 995 1287
280 661 1004
37 154 1555
850 419 1392
248 137 1461
927 919 216
481 615 1793
814 469 523
576 762 1388
168 509 768
438 972 271
428 584 221
549 153 152
268 790 548
969 15 717
480 698 1057
108 705 786
901 566 740
366 776 1148
652 26 589
103 316 1606
781 280 460
280 863 1111
903 432 1814
999 333 932
298 91 858
861 699 1718
780 9 364
852 820 252
110 914 677
825 724 1998
811 319 402
348 693 1382
667 0 731
459 837 1595
976 929 1433
14 101 1727
93 720 574
343 672 1294
11 273 1160
804 121 229
511 696 1801
531 765 745
219 579 86
110 840 189
66 118 266
801 238 507
808 251 972
703 278 1563
171 594 968
585 749 1307
777 217 1870
909 873 714
65 624 910
1 45 988
672 941 347
200 298 844
311 865 1940
250 947 63
868 503 1087
245 607 300
538 728 667
868 404 218
745 334 533
54 587 1661
145 588 1908
492 977 1046
889 387 566
123 505 1603
434 297 1822
40 315 918
745 172 1508
408 263 417
956 405 1159
748 697 555
140 27 602
184 769 1046
714 235 1993
105 922 1703
483 475 75
10 251 189
262 322 901
864 65 1820
259 69 979
639 911 919
547 584 1185
525 422 1341
852 362 1616
453 502 852
93 130 1914
333 969 1592
105 736 835
460 783 1945
325 37 840
435 662 1053
261 294 1269
797 238 797
706 211 876
385 785 1805
542 256 1974
578 846 2000
158 379 293
876 319 848
75 657 107
508 601 1980
312 646 863
162 668 1286
87 605 1216
646 404 1492
647 848 1215
770 576 541
819 587 331
957 496 1916
895 234 754
394 6 1085
873 998 681
542 76 1682
605 229 1081
790 127 1472
798 665 1660
799 866 1874
12 169 772
584 926 1192
573 668 571
792 516 1481
788 497 1047
875 40 1154
29 182 666
622 234 1116
673 527 493
75 468 1626
778 266 1348
690 488 1973
372 648 698
177 470 1203
254 218 1858
353 870 432
30 423 1222
330 445 687
319 398 75
401 90 1288
891 856 477
935 15 1819
399 220 519
946 862 1017
528 435 1609
285 100 465
961 832 1328
955 974 1952
389 527 1198
678 223 1606
910 902 1248
208 880 779
186 789 493
899 399 991
636 810 1964
732 925 1606
582 246 614
161 615 1298
799 619 220
527 93 133
296 523 1776
846 627 636
338 721 1820
459 656 928
390 354 328
655 584 1007
462 681 1337
473 562 605
142 274 751
176 517 1877
226 716 1475
495 463 880
264 962 1084
9 995 830
364 772 1854
775 567 1925
493 253 800
665 145 415
102 817 1616
960 237 1572
719 868 802
778 145 1657
243 420 913
753 300 1288
812 709 119
105 696 625
237 461 673
525 361 476
922 743 1396
129 925 590
553 286 564
113 652 1774
592 925 1648
52 620 1599
334 852 414
288 697 875
815 661 416
230 14 1903
854 745 17
113 820 1006
475 306 1105
106 990 1629
5 509 732
914 357 1219
527 740 488
876 630 1532
622 890 1031
684 162 163
681 751 1580
796 98 453
481 218 59
199 828 34
608 633 1800
871 905 75
383 771 714
732 683 96
282 577 644
476 700 1895
585 553 1884
126 45 1965
378 189 669
421 672 672
137 323 1076
610 866 37
643 320 1486
156 248 643
859 254 906
444 866 121
716 322 384
503 553 1774
707 922 215
576 262 1900
560 113 1041
410 479 1064
308 54 1611
804 106 1568
586 875 943
69 518 960
816 256 1227
875 766 1807
692 575 191
80 0 597
87 544 1009
635 160 1540
869 934 225
947 622 1066
38 882 1018
351 120 315
271 659 1630
615 937 358
508 199 742
540 885 1902
829 956 1281
392 431 899
242 858 819
115 243 1922
844 381 1779
612 358 1717
856 264 1255
211 992 1866
837 297 797
312 758 1491
432 844 301
764 494 271
83 728 262
190 645 351
393 648 104
688 956 1819
110 313 1281
687 881 669
600 12 1573
479 587 179
91 323 418
878 711 642
738 52 1483
971 138 1126
337 85 1586
593 829 714
489 755 1590
855 401 848
173 631 1060
597 967 1979
55 705 1212
653 773 166
877 409 922
705 706 689
690 710 806
669 725 60
920 0 1166
270 526 639
548 154 255
201 435 716
369 80 80
592 962 1539
403 899 450
525 132 1719
54 650 1904
801 340 1211
275 250 778
216 672 787
754 247 428
55 241 928
643 252 69
984 518 35
821 189 1922
561 45 372
396 432 1292
843 237 1031
886 395 1206
600 651 1306
98 487 325
885 527 404
571 37 298
400 452 1651
114 721 495
955 736 1519
964 349 271
345 649 800
99 392 1675
645 624 1187
26 347 639
876 121 600
224 280 1610
233 100 863
943 127 795
581 713 506
420 124 592
783 218 1218
239 735 1684
573 709 832
77 5 765
469 875 378
614 471 665
574 465 867
200 768 319
78 866 968
662 263 648
161 58 347
982 155 884
893 18 1819
162 497 1555
809 353 367
541 660 963
933 619 1845
620 0 1167
330 199 1369
322 968 917
89 120 344
736 677 609
475 143 1015
468 102 904
935 255 1381
670 936 1763
841 21 755
303 295 468
49 104 704
874 745 0
846 263 1956
362 588 1096
578 478 647
112 647 515
212 569 598
166 374 1623
851 520 203
102 424 1551
810 615 503
177 193 1450
806 533 108
586 85 1789
117 82 412
642 80 693
376 921 1961
560 851 1639
283 114 1793
390 326 1077
821 636 913
414 14 1397
967 965 651
913 374 1684
349 32 703
196 895 765
972 93 1774
969 89 521
29 818 392
664 830 1391
774 454 1167
261 857 658
691 47 1244
718 167 607
937 317 405
985 172 1029
241 124 1344
315 901 558
36 376 1890
595 820 1025
541 130 1659
332 968 350
888 950 264
310 308 1520
583 886 1501
280 593 1732
247 860 207
418 984 933
729 777 1761
556 260 771
180 204 1440
437 700 1298
76 749 1744
306 490 565
725 915 183
711 995 419
677 437 1899
635 470 1580
72 502 505
579 991 701
766 362 561
305 769 1265
415 193 39
99 89 1179
290 433 612
854 307 1178
13 543 1621
347 359 1113
569 983 1481
360 306 1382
540 91 1603
781 771 293
47 388 1022
148 20 885
503 898 1917
256 628 1975
645 366 1293
287 130 93
324 123 1304
728 236 1754
96 33 1093
185 386 1523
966 370 845
456 298 738
529 9 1745
594 923 242
772 748 1820
815 383 558
107 776 1580
607 957 496
507 2 1154
993 585 1455
741 37 1400
17 802 1906
575 786 1787
450 279 1399
118 26 1803
557 458 520
913 954 1117
943 923 5
687 434 1381
573 205 1357
917 929 1724
308 670 107
921 703 201
471 557 1781
204 112 501
794 463 1361
39 510 729
771 209 1347
740 820 269
180 164 1818
408 388 1381
544 409 356
154 648 1025
207 457 1171
451 440 1349
429 60 25
829 359 1206
401 168 907
150 497 448
387 765 1874
539 761 382
577 359 1182
633 680 1230
584 685 297
33 881 1680
521 152 865
17 362 515
14 854 1443
328 757 848
984 525 715
796 4 510
756 38 55
604 553 1371
747 961 8
16 408 1411
763 815 1806
430 324 841
722 443 1699
285 909 357
301 756 124
696 323 397
268 578 84
406 748 383
714 972 1088
786 586 1907
724 417 1600
788 127 611
828 772 1563
378 264 39
924 100 708
384 955 985
589 768 238
120 603 297
588 845 1912
554 355 919
98 493 909
781 109 776
536 943 727
169 992 1994
407 414 1567
655 6 1967
890 136 1796
486 586 1375
289 779 1207
395 385 342
295 500 736
451 386 1419
739 162 590
240 583 1219
588 682 1603
683 990 280
430 941 1135
609 661 1467
4 276 1182
81 707 1980
301 779 1011
496 929 977
770 200 1512
124 81 67
136 812 1512
955 607 461
651 267 645
870 757 1042
285 349 529
484 935 1400
850 518 661
841 829 1421
965 295 1917
182 458 329
629 395 1747
286 505 1967
619 400 1926
322 358 620
321 805 1468
674 160 45
581 793 80
174 990 744
3 603 668
109 456 1990
246 542 425
135 227 113
34 915 1328
980 812 815
709 755 210
294 958 1587
375 688 749
438 793 1690
943 367 1870
757 160 321
572 607 1603
661 476 36
666 632 1828
753 928 459
1 93 265
864 415 347
418 530 1495
336 156 182
654 749 320
199 35 1625
145 908 1142
287 407 1636
824 600 1352
205 727 368
330 792 74
885 548 1101
505 285 1350
465 227 1185
418 521 1328
603 839 1999
360 720 1814
506 515 430
730 519 1534
146 510 1169
867 495 910
612 129 460
251 182 1362
53 978 1607
886 187 1049
612 22 288
970 906 77
564 993 1850
230 335 1178
870 30 485
608 642 249
314 581 1236
488 895 1067
37 849 346
826 677 356
352 76 1767
396 746 683
857 548 1908
484 177 1868
360 493 864
152 626 233
15 165 1899
87 217 307
749 718 1462
727 555 1177
196 649 101
728 176 847
240 358 1388
499 741 1261
736 867 1098
620 95 1571
333 255 1807
899 339 1186
800 420 323
510 821 617
499 408 1185
18 784 388
695 724 494
570 150 58
16 321 348
838 561 234
22 234 401
434 944 170
367 345 449
923 377 151
347 462 1384
567 641 1704
623 733 927
191 900 671
457 81 648
231 344 812
437 569 650
337 990 881
871 126 25
234 453 931
25 372 366
672 296 1761
523 709 1032
225 490 903
680 836 1079
936 369 1392
710 968 234
306 939 1478
412 928 871
312 553 611
470 922 1073
545 573 821
669 70 1525
549 764 101
873 592 539
916 35 20
906 10 376
741 809 969
744 44 381
236 482 1037
798 848 1267
614 857 518
52 418 204
58 892 602
375 132 1824
491 358 172
871 442 1772
670 801 598
852 81 1462
64 101 656
399 360 1939
928 862 923
869 735 50
634 169 1039
648 0 976
793 69 1514
530 381 507
372 85 666
142 913 1168
136 703 357
23 371 1145
15 899 1265
739 888 1891
149 998 1285
930 560 1536
472 598 1583
531 334 1158
111 769 1692
496 749 1805
298 589 1823
171 793 1280
400 381 216
191 840 1741
541 900 39
193 477 695
952 32 1563
238 323 961
136 840 360
703 944 1445
419 646 753
930 523 555
779 161 495
624 236 1600
185 758 1274
246 395 1193
58 79 39
452 264 152
758 764 1226
408 565 489
737 985 1782
981 631 1052
903 667 1028
982 635 976
61 36 195
296 826 793
893 562 559
32 863 81
228 817 938
828 15 341
558 889 1692
542 520 1107
444 591 408
899 994 475
547 137 1847
111 214 1916
327 148 506
791 653 955
81 47 799
488 201 1277
1 830 1444
225 583 849
815 939 839
587 819 1220
828 491 1663
616 981 1839
228 913 1230
417 268 1574
61 58 444
33 253 1366
869 59 1182
929 828 341
968 814 818
189 171 1782
240 145 1314
315 128 1414
631 917 1502
591 845 1247
394 631 1648
799 516 1574
21 380 198
792 669 672
31 810 1211
628 594 330
999 878 1781
57 593 997
490 401 1276
237 676 1133
304 695 320
231 255 24
64 838 1236
757 982 300
46 922 315
202 42 757
95 422 1471
374 62 213
446 563 247
187 654 914
27 533 393
165 150 1568
198 518 904
406 472 214
285 610 1198
790 305 826
225 181 86
233 884 197
155 343 1085
216 530 1106
617 922 232
380 922 1717
821 915 896
825 107 224
832 984 894
262 899 1393
41 603 1596
40 394 1855
332 983 1559
331 80 880
921 330 343
517 393 591
249 539 1038
818 532 6
940 534 331
627 515 1690
581 548 665
963 136 1135
136 197 1775
324 52 1247
569 831 1539
338 443 406
675 948 861
785 43 1582
392 140 40
303 678 934
193 480 1248
478 95 1152
454 897 1828
226 848 244
916 395 1049
73 212 285
391 18 1656
459 592 34
321 613 1251
565 793 146
245 921 1155
737 736 543
51 378 144
255 551 1034
849 719 765
571 512 1804
575 370 1193
807 131 1321
840 90 604
859 828 1817
355 314 1197
972 870 1728
260 914 430
170 238 829
694 276 1987
252 997 677
599 625 1542
836 153 208
638 775 1152
660 206 1630
295 201 806
830 177 1616
907 85 622
412 891 536
812 81 1654
339 5 696
364 707 1387
907 783 1383
986 409 1825
217 547 486
651 756 1630
906 446 1212
835 281 1100
190 365 1241
443 307 1604
269 425 1799
478 482 337
594 331 159
928 787 823
71 131 1156
975 69 371
631 328 1980
613 243 779
826 518 1618
510 591 7
232 57 1636
152 362 839
36 622 128
520 710 1846
868 420 243
880 947 1775
249 226 1984
946 259 579
396 338 1642
797 3 944
577 578 1521
813 451 1389
579 263 1268
698 548 822
313 613 269
677 557 1009
829 401 132
374 914 73
702 661 556
650 390 1210
447 201 1583
974 869 677
660 631 1117
888 11 1935
84 904 329
487 41 1863
680 353 126
131 189 1556
259 479 499
746 829 641
272 141 669
497 56 1545
391 407 1542
529 230 1802
689 2 1120
528 307 960
319 409 1545
426 445 678
278 339 1375
255 994 1645
141 946 1258
323 418 1453
122 179 722
384 58 1280
723 543 54
684 111 1294
445 382 1273
853 396 384
625 199 527
931 66 240
992 817 975
392 622 1179
26 296 1775
30 561 539
805 508 1892
343 95 1872
799 289 750
380 270 722
639 814 767
877 955 766
354 804 8
423 411 1661
976 994 1577
850 52 1770
554 56 1735
634 48 1499
926 237 1863
820 881 571
526 328 1359
206 142 1168
950 39 455
969 195 1777
866 969 971
676 624 1976
361 57 1597
289 354 1192
53 315 311
467 655 802
925 951 1574
386 647 610
133 65 1522
808 916 1034
253 792 1622
734 199 250
35 564 1738
889 563 1017
709 907 992
197 682 1180
149 33 850
205 575 1413
397 184 1868
532 178 1378
960 573 1202
896 522 791
208 194 123
453 522 1951
220 138 1210
317 772 1522
271 422 12
951 689 1870
574 439 1936
524 659 812
377 698 1302
649 238 87
765 842 1109
28 359 1453
901 506 0
195 265 1280
134 858 1180
880 263 1676
34 507 1361
683 243 1414
831 717 1771
157 843 274
562 364 1627
673 446 1107
627 346 1601
881 121 177
405 167 632
821 808 1654
888 707 1710
721 594 888
41 435 308
193 174 1795
661 469 1423
997 297 1969
829 110 407
837 307 1616
291 908 660
744 272 42
447 949 1681
973 866 198
149 96 57
258 148 1990
873 733 80
266 146 651
751 883 350
875 911 417
0 897 1251
405 549 881
832 789 1246
120 532 1168
944 48 385
971 909 1293
730 466 1357
725 482 292
65 283 365
92 453 1770
62 106 372
505 64 1891
608 346 1147
640 751 1816
843 944 389
844 684 1126
816 679 1321
630 189 699
227 349 1803
638 492 947
17 878 1596
604 423 449
62 705 1146
44 171 1835
674 32 1504
680 846 319
238 665 875
623 337 600
494 157 586
18 779 1630
459 194 1399
57 485 1625
35 764 153
590 986 1077
186 295 850
506 651 1929
492 271 1432
717 617 1604
51 994 1657
698 40 482
42 719 273
318 682 1553
982 484 1329
172 299 1850
39 8 996
320 449 31
632 288 553
213 356 1084
555 80 638
233 116 548
230 795 1085
278 427 1878
272 215 1321
353 193 445
897 734 111
24 615 410
406 786 1879
343 162 1349
693 67 299
221 758 1648
408 927 1267
892 355 1838
83 182 768
557 984 323
998 260 1628
988 751 1031
822 344 1779
904 131 242
641 339 1299
970 941 324
302 688 61
530 759 1948
141 408 783
263 799 661
320 63 525
715 917 38
840 197 1179
164 397 50
255 648 885
288 808 1985
150 223 1104
704 392 397
909 442 973
691 40 921
755 819 894
533 440 1172
700 689 984
23 858 1089
533 838 1780
887 146 762
452 789 713
56 361 329
656 354 1471
626 431 270
975 156 1831
600 828 715
872 984 1784
2 586 265
546 908 1776
351 577 1632
751 590 1522
788 281 1490
425 431 1266
682 232 284
182 21 1277
787 38 591
28 466 1476
49 548 295
451 652 126
755 325 1944
670 92 549
295 939 1060
911 103 64
632 378 1345
958 692 122
648 500 949
957 601 622
911 587 222
830 903 1129
60 594 762
778 751 1702
613 526 1827
653 844 1446
378 263 721
618 47 1830
392 938 803
965 80 184
79 712 1867
848 983 1272
625 774 1817
929 569 268
823 439 581
735 181 251
436 847 804
253 60 1443
166 433 76
990 216 719
514 249 57
836 539 156
144 259 952
307 915 1861
548 253 775
79 677 1920
712 617 1606
973 586 1434
32 312 990
508 463 718
692 183 454
978 845 1944
428 885 174
212 802 1309
5 440 1161
629 219 1180
414 90 194
966 906 1494
611 285 1827
102 906 1094
122 180 1639
88 921 496
996 16 1995
290 296 1731
417 798 1037
217 79 1970
147 348 307
458 407 1113
577 735 881
373 935 906
803 225 645
63 891 445
863 915 218
630 869 169
957 808 1066
138 188 1260
856 608 1054
762 389 272
611 493 1904
469 992 77
227 60 1061
564 900 739
303 552 1495
644 832 378
146 665 1621
219 947 24
297 910 1058
990 316 1091
612 544 1524
12 855 1323
959 198 304
971 499 1835
568 517 1405
313 659 149
190 575 901
872 706 117
650 817 114
968 570 300
341 761 373
635 408 1605
90 4 781
13 617 182
301 862 360
261 654 412
367 583 75
50 370 1203
712 642 1933
456 92 816
389 778 1015
645 975 1030
368 7 677
505 854 755
719 322 1781
801 943 1244
847 127 105
527 559 228
61 499 1117
75 344 1655
158 236 218
544 102 174
745 185 772
12 594 1052
691 755 1065
755 644 827
383 615 921
754 171 22
94 241 637
858 205 739
987 791 1510
902 922 539
555 156 524
485 733 898
266 203 1064
992 468 368
890 485 1770
125 531 293
581 44 1866
447 880 259
104 489 526
465 924 1436
77 695 1436
972 63 63
121 745 956
898 756 1846
662 436 1432
953 568 1197
990 570 831
883 837 97
593 303 1615
36 328 672
117 811 942
336 680 1602
929 950 37
341 860 1167
861 394 809
359 234 1364
227 39 1950
887 983 1295
905 153 1262
974 559 805
865 735 525
220 196 366
985 282 1762
207 730 1954
738 767 158
497 777 800
249 596 983
514 662 1095
802 613 1819
232 267 1008
252 996 380
78 651 1963
341 452 1304
86 580 1308
851 310 996
857 626 1126
264 197 527
589 569 1165
27 227 1884
8 522 1645
708 390 1927
242 68 12
771 499 930
424 180 578
94 753 541
362 910 325
21 827 404
595 730 775
176 493 1198
712 459 205
950 891 1013
902 448 72
233 293 1572
129 631 1928
3 663 1226
412 161 307
603 217 1678
320 581 912
770 323 190
553 128 426
983 49 233
192 696 711
265 237 1641
188 885 510
787 634 1530
757 474 850
636 846 1813
763 144 1027
822 457 157
236 329 1666
205 203 1529
733 856 1919
839 667 472
155 785 1673
290 683 237
607 879 1984
390 634 574
135 205 1313
927 206 1734
809 560 496
759 960 555
377 534 1614
938 50 1883
192 800 1957
791 500 1971
736 746 1438
431 330 932
973 825 1957
244 320 1286
772 663 938
689 800 1087
388 570 391
373 881 711
448 773 655
199 428 960
779 379 1437
188 893 199
302 597 444
104 866 866
688 781 1185
506 195 372
748 564 961
583 475 1628
407 382 875
349 870 1761
800 626 923
455 622 1801
404 123 1747
19 974 1532
933 74 1069
100 330 588
196 940 260
676 751 797
158 866 1719
302 50 1662
599 558 1326
497 965 1847
172 625 434
363 424 1057
52 686 346
918 878 370
82 754 252
314 471 186
208 65 1536
849 285 1506
988 420 1157
476 350 1025
901 808 525
666 671 652
726 348 1874
939 790 885
556 178 639
956 979 1469
657 786 904
575 157 1841
980 717 1289
300 692 1774
565 15 1273
274 567 183
766 821 442
511 227 292
783 608 1419
481 654 185
949 6 1011
512 47 1336
686 47 850
454 375 58
866 29 1006
38 770 1770
185 19 1166
851 936 591
931 830 800
941 718 1369
263 688 894
802 901 338
702 142 1205
835 429 1101
784 196 1381
976 796 1935
471 356 576
60 53 1845
680 522 1915
882 577 142
416 961 1587
221 293 1625
386 818 1172
679 69 666
350 990 1942
323 830 470
699 228 1148
520 409 330
427 487 358
128 720 1416
879 100 1106
197 405 110
824 539 23
839 876 1173
578 467 732
232 342 692
887 237 1803
855 853 903
720 597 1546
247 378 1106
370 757 376
308 958 1093
663 847 1837
342 233 1480
271 15 678
491 283 1311
137 986 1821
502 427 1430
469 938 1449
394 84 183
721 843 489
574 383 1893
436 533 19
163 5 1126
213 862 1504
359 683 970
413 207 1287
76 798 1581
339 651 493
535 772 1428
520 777 1611
42 587 1630
447 519 1447
359 686 1488
548 763 1714
204 880 629
664 298 549
859 220 1351
706 365 471
210 393 596
479 253 1042
929 261 140
253 275 1227
938 95 507
422 294 405
945 163 1174
860 947 540
335 742 225
967 489 1421
551 378 92
774 657 1614
962 513 1553
494 973 251
67 516 90
789 520 343
345 370 1643
512 956 1657
857 711 1026
701 173 13
643 774 1234
348 768 1238
84 664 360
948 49 1626
867 896 1523
361 446 479
96 557 105
338 824 1549
789 622 106
656 509 42
999 369 1276
946 850 1803
71 124 1105
521 786 887
383 20 1631
699 279 1712
276 982 701
637 195 1868
523 567 287
135 356 1668
399 0 1561
184 409 715
797 270 1255
672 470 1538
715 783 1369
936 717 1206
743 616 1777
579 486 1931
11 392 934
894 427 559
169 665 965
331 806 335
646 943 1609
263 981 1988
926 938 1036
734 383 233
948 926 1462
597 88 877
515 404 590
455 917 1530
339 657 541
488 469 1104
281 158 1269
20 210 838
425 635 1538
186 10 871
631 662 1814
531 731 1641
565 943 1290
314 797 1145
497 374 247
493 165 559
764 14 896
991 362 949
94 616 179
275 873 642
871 499 1650
912 224 1337
649 495 168
782 14 59
551 917 1866
833 213 1932
583 476 497
941 650 1671
879 276 99
4 855 1986
940 17 1393
803 416 1071
615 508 700
817 264 683
601 990 1803
898 289 1238
329 801 1582
403 465 220
923 296 535
697 358 115
279 14 1102
202 895 924
908 30 258
373 833 258
329 181 1743
543 702 1742
504 311 1642
884 623 1421
608 305 582
219 966 1457
93 609 285
267 51 1204
211 929 464
54 503 1488
464 448 166
606 346 1335
125 961 382
681 730 228
119 761 33
78 857 1464
304 405 1891
181 802 1561
762 31 611
357 457 257
761 728 1481
354 349 137
600 712 697
155 7 508
116 152 900
563 453 1935
761 372 368
591 667 1518
101 588 1315
983 202 502
639 773 1908
252 684 1852
68 665 72
906 497 19
175 330 575
150 875 1930
775 895 806
853 955 612
395 15 1497
137 517 1804
844 265 182
43 120 1841
674 710 1797
663 96 6
294 53 1139
745 238 695
61 222 1210
354 86 1980
40 607 793
257 10 1369
250 544 1263
368 588 1295
374 882 1056
325 3 850
701 628 1896
742 411 889
834 461 1400
980 104 432
130 974 1333
346 773 1573
462 741 1521
651 777 501
586 334 1098
540 668 443
764 486 1639
433 990 388
492 232 1956
357 432 1148
800 493 973
958 152 55
65 187 1810
862 353 1813
25 256 894
951 157 1637
239 650 1637
985 393 855
480 947 1513
750 451 344
210 778 1183
432 836 1631
514 522 1335
296 994 801
819 575 427
106 791 1465
834 133 112
316 48 103
178 448 1642
911 790 1178
222 579 915
905 282 979
295 906 1595
442 32 434
697 378 249
463 906 1907
906 410 1396
735 276 14
822 106 644
26 691 1487
563 103 1441
212 63 1474
611 59 288
179 48 1917
561 831 890
743 532 525
567 806 1037
460 493 665
365 509 887
963 139 49
251 912 68
229 383 713
402 450 1903
439 430 1625
507 469 382
792 17 1558
450 414 1472
352 189 1501
517 22 840
562 437 1219
214 484 936
566 759 1445
979 71 1455
760 120 1671
422 38 1341
740 292 1778
480 501 1550
381 636 1685
795 473 340
417 527 1679
874 809 668
25 393 1987
527 994 723
152 649 532
455 364 919
211 528 1404
507 700 1746
281 873 1991
478 840 1313
153 843 1540
292 680 1438
671 57 1614
762 884 40
371 54 996
159 330 1680
529 362 228
705 769 1113
498 888 595
440 70 691
291 146 787
164 760 1585
287 410 402
562 68 1858
855 134 307
489 32 375
151 856 774
584 927 556
202 837 424
239 287 1042
398 380 1535
813 853 1013
348 719 1333
421 586 232
444 208 277
556 651 410
307 544 795
687 580 428
637 96 1909
810 168 1507
621 930 1747
13 29 1726
319 537 612
320 734 1579
825 322 1785
139 351 1399
346 682 370
5 912 1177
593 900 1861
564 151 1249
425 241 469
654 533 418
358 844 1047
626 345 927
49 934 150
759 345 1092
640 163 530
193 205 935
436 552 310
922 20 939
641 923 1842
662 156 395
85 673 1961
918 762 1664
210 942 1990
558 712 776
777 949 1753
615 498 180
22 739 174
381 38 608
338 250 1565
327 380 1943
176 911 330
284 455 745
409 267 305
705 933 652
878 975 1736
87 192 615
509 917 1839
486 528 1963
738 236 1267
543 628 1479
1 192 1562
391 178 1200
401 940 1327
336 664 1941
701 686 584
816 844 1308
598 203 1049
748 704 1405
510 760 1915
147 475 1061
765 543 1430
848 847 416
238 618 1097
694 911 518
371 553 475
384 503 1561
66 5 522
590 82 983
441 244 1029
389 625 1281
591 704 1666
678 395 864
563 564 270
585 98 427
205 604 1148
181 99 623
630 184 1132
160 342 771
299 564 982
717 520 419
735 494 1263
806 768 1039
731 899 988
310 493 1550
776 473 1558
872 868 783
936 496 1060
209 730 1986
542 472 49
387 881 983
69 788 80
334 891 271
920 932 1026
552 421 1238
165 280 275
117 178 1273
610 24 865
289 769 1444
670 118 681
989 951 131
133 617 1274
900 752 1923
587 289 1537
223 701 241
412 114 788
118 524 720
931 869 764
792 21 848
274 49 1135
466 576 536
234 886 1766
391 212 246
617 416 583
499 559 1124
532 954 1213
460 797 785
402 451 581
687 536 727
533 844 450
60 466 449
889 900 1252
650 230 570
311 629 434
619 515 1995
550 946 248
624 177 973
316 770 1786
934 390 751
259 102 1966
477 651 1249
306 794 824
284 33 1470
995 437 1662
750 923 254
923 907 1946
479 848 1526
780 281 1526
709 400 1962
138 62 1087
791 233 402
322 799 1588
784 91 411
806 333 753
915 167 1417
955 797 1565
309 201 884
954 675 1128
50 287 1142
661 149 1055
67 741 354
446 780 1168
8 604 1074
260 781 741
169 156 1584
933 974 330
913 437 521
904 74 1812
373 664 1202
831 522 149
877 516 957
135 510 1407
685 495 8
201 708 977
783 79 400
669 979 924
853 248 481
866 159 562
954 366 1265
576 250 938
858 527 1871
17 808 297
692 805 77
73 514 1747
944 882 344
406 846 1229
941 140 1656
74 265 1972
471 614 423
8 612 1436
768 410 304
534 279 1905
640 66 1491
118 72 1494
775 382 1215
875 993 1414
31 394 1985
526 390 588
384 690 1456
935 563 1082
115 59 417
0 7 1449
947 401 1229
310 14 1479
794 399 1693
144 388 734
153 245 1697
633 894 1879
565 18 1496
606 920 1210
791 876 331
858 500 1735
379 133 1511
576 569 1092
2 561 108
609 814 1545
665 370 551
