1500 1268
654 304 1352
1273 1182 921
525 1468 2219
1003 334 2290
444 250 239
1316 517 279
1310 577 1306
162 1290 49
487 1190 1959
527 187 1518
674 1481 1395
152 157 2016
657 518 1186
317 866 2504
260 430 526
1431 477 371
669 785 295
1354 171 225
76 530 1364
485 753 2772
893 921 2206
561 1270 795
444 576 2113
534 647 990
184 1086 1096
222 826 1601
518 110 2255
351 1320 641
832 708 2668
351 379 2228
1103 712 958
1394 1138 2335
836 136 517
603 652 2828
261 39 880
294 687 2058
478 792 1944
432 1000 575
664 694 525
415 909 1143
239 367 2028
912 97 2530
623 1093 1200
1082 1440 2486
1334 1018 1562
465 612 1271
645 1380 2231
1326 484 2070
999 1100 1207
1079 167 170
720 2 1269
1181 242 2193
1455 1233 2488
589 453 464
1437 1355 2503
527 574 1970
916 1472 1199
857 25 1905
261 543 465
763 1367 557
1236 1275 2561
867 1446 699
1148 813 1991
262 65 1119
1423 408 471
916 1338 2764
983 1325 2532
1227 55 784
12 357 1638
416 685 2448
237 1140 2342
1129 791 42
454 1400 1244
201 437 1234
280 337 228
534 463 1320
1343 172 1760
494 1229 455
98 1376 57
893 871 521
958 871 2290
1441 702 2456
639 209 1412
25 378 2929
565 1464 1125
825 1332 2738
944 1195 2376
674 117 1154
393 1373 1640
388 674 1847
1044 215 1939
773 557 2050
377 1356 1719
917 205 530
738 1275 1458
67 513 449
221 1346 200
725 1095 2542
851 646 805
618 487 1818
688 391 248
208 1069 2213
226 960 1979
256 699 314
833 1471 2760
1447 470 2473
872 1077 264
283 202 1690
937 148 160
993 1330 526
51 872 1565
475 1343 1355
557 478 1221
215 1364 2313
1465 913 1198
326 558 1232
829 62 1711
806 844 577
359 244 1881
831 1359 870
178 694 730
1308 322 2401
889 1258 2019
1330 1244 136
116 827 2442
261 296 2668
1465 45 1971
301 597 332
1111 849 572
1444 522 673
382 613 1614
466 30 867
314 1051 2812
1410 238 2267
451 913 2129
91 766 705
591 1254 2773
102 536 1381
68 121 2012
1213 1374 1853
63 980 468
526 809 2984
655 617 2187
83 729 2262
1153 338 600
554 375 2029
1360 396 1603
766 277 1589
1353 397 2137
246 1006 2730
319 1002 2981
221 1470 918
1376 1057 2765
1243 1283 1955
564 525 1879
208 360 497
1180 963 2441
811 967 1412
1293 1059 1777
598 70 2501
776 1271 155
1489 41 2093
1230 18 2555
1037 1451 1322
1199 872 2905
39 216 1604
1148 221 1007
739 53 644
1375 865 230
1051 802 2582
814 545 1017
533 1185 878
1349 903 1103
616 303 366
1232 493 1511
460 232 1487
1170 122 1875
231 109 429
1087 996 2680
1033 692 379
9 534 1059
668 1337 86
950 189 1396
361 806 302
251 1333 1281
755 1183 2410
1403 826 534
274 1491 2121
595 1179 2306
240 80 2816
299 1473 2072
1305 1184 2585
344 1002 375
10 807 1897
690 304 5
1192 707 2468
1411 791 4
52 747 2775
1225 798 1633
40 1396 2500
742 1344 646
286 576 143
659 164 496
1482 266 2986
493 1156 694
1294 452 1707
379 1286 1047
376 756 2901
502 537 1812
521 508 290
1339 215 2527
581 1206 2390
264 695 36
426 605 2227
522 539 798
531 855 1676
1167 268 2045
205 1435 2559
1130 1308 2667
1246 364 944
154 927 464
1363 212 2443
1293 262 1742
148 77 1319
1445 1144 2893
540 247 1202
643 440 397
8 1153 2600
1060 972 1907
23 1462 42
1499 1236 2674
1021 304 1799
1120 662 1159
478 546 2816
857 818 570
864 1358 1851
417 1414 2861
373 76 1834
807 299 768
1152 369 2780
161 66 1180
85 1159 949
1024 1416 2705
1146 943 1622
498 160 2561
73 503 2343
1226 792 991
537 88 1560
117 749 2027
634 717 1756
1148 945 618
382 402 1668
630 1095 1483
264 1074 1659
508 495 2671
1149 202 1528
336 1252 2801
1477 545 746
536 325 2656
824 1311 2815
1182 902 715
785 539 720
788 872 1973
543 110 2977
385 1114 2691
728 941 2632
651 451 519
802 819 1993
1261 938 2878
1019 1341 181
426 585 2887
293 630 2941
281 354 2310
472 91 2812
195 265 479
875 588 1720
167 733 1879
1484 1137 1060
869 1053 2147
1369 1071 2068
463 662 134
75 380 45
1057 411 498
1059 901 1229
716 673 176
523 1119 1671
209 772 2371
1109 456 2214
532 1066 519
1359 643 640
668 17 1479
621 1201 910
709 1232 354
480 1163 136
759 734 735
700 65 2313
146 797 280
805 237 333
1452 906 853
1080 986 1897
7 1244 980
1102 168 711
936 245 76
576 1406 65
924 1033 789
79 1179 806
809 1197 2212
881 104 2417
134 48 2736
629 784 1992
948 538 984
1442 647 2830
159 971 1820
1408 827 2651
395 246 704
1355 214 2179
764 235 2287
1133 605 1419
454 187 2552
346 1243 640
152 364 1876
1187 86 991
501 446 31
1434 1247 489
115 374 619
73 394 1049
59 619 1279
726 1072 1707
108 176 386
1010 712 2109
1471 954 1334
1030 41 238
529 1009 334
766 312 229
1013 939 913
450 536 379
935 334 1226
321 1077 1956
343 1313 730
470 312 2146
1426 479 2898
1216 489 2580
599 68 1239
407 255 1189
200 1432 2182
721 1402 1622
305 1118 650
750 523 1182
290 1198 2850
674 437 139
1378 1077 2304
517 851 1886
75 1222 1995
745 1244 857
7 723 2971
1494 731 2951
130 972 1937
77 825 844
408 981 1797
1024 433 2674
443 759 1216
300 1201 817
785 1063 1174
130 827 2036
490 304 802
473 439 2162
1031 644 225
1285 692 137
1135 507 412
89 744 1688
685 1475 1994
777 1251 1064
1352 107 1513
1471 1241 73
267 1163 2443
1223 1172 2266
888 114 498
1470 1462 1072
911 178 2154
403 481 1617
403 112 2558
303 863 186
1355 903 2648
1108 1172 678
1096 169 89
871 93 2583
1002 683 1519
1212 907 2089
409 617 123
794 1422 2678
1262 883 261
948 1073 1525
1179 242 705
358 1350 1558
636 607 646
405 992 274
717 539 2505
1244 1464 503
390 397 1623
855 429 1998
991 340 1991
24 982 1294
1412 201 2934
616 551 1125
292 1026 1156
1297 1487 2479
215 1085 1090
954 1166 2047
448 267 922
775 113 15
697 819 1231
209 151 164
1050 1408 468
158 679 113
74 819 1110
1284 573 1950
1342 1413 1889
596 398 44
756 937 624
541 367 2667
1017 699 1543
1264 895 2281
942 949 2787
795 1482 893
346 828 2653
80 196 1630
1214 650 2701
492 707 2758
1271 81 263
795 1404 669
24 715 1639
299 1145 2058
240 823 1773
1284 897 2742
1134 873 1803
1037 836 735
359 1160 2785
1163 47 840
797 1270 35
1302 1105 1065
186 417 2055
577 283 1966
528 291 525
561 1420 75
1482 1122 456
260 298 2844
713 398 123
949 818 824
854 1317 1019
839 1467 577
193 1218 444
646 379 689
964 835 1394
1084 457 800
279 865 2916
783 81 1914
303 589 849
173 674 147
142 314 740
370 750 334
1079 1282 799
1368 851 690
615 174 241
1277 1271 492
146 1077 890
1240 100 1371
95 1205 1369
920 480 258
1051 1174 2213
1000 347 2793
732 962 120
155 992 1637
969 532 390
635 1314 2874
34 55 2851
1229 305 1463
1404 244 1201
661 480 7
94 1027 1646
1303 1147 2816
393 251 483
104 1422 1660
316 820 1451
925 680 1315
87 1172 2858
1328 753 774
1184 1236 1830
625 1303 1898
1493 98 1777
1247 703 1770
1218 566 1798
1002 704 2049
1131 1098 1892
507 684 2382
840 66 2729
1358 925 2162
436 380 680
772 548 1436
570 181 2359
648 718 1661
1094 680 80
894 1211 2753
92 163 1829
263 1388 864
1442 159 1842
900 348 1074
341 21 1267
276 864 1276
1377 107 1129
1138 737 474
271 1037 1776
1296 1103 671
894 1060 1372
141 906 2308
418 1222 1922
657 1144 2578
791 1099 2141
607 20 110
1109 159 1823
267 1181 453
112 235 2017
788 118 2814
67 905 1998
111 869 1213
1365 876 2254
1278 312 2997
464 1380 2693
20 10 981
715 1214 713
1206 756 1327
1158 535 1832
682 384 1934
355 570 2965
1364 829 862
1093 994 2198
726 382 469
1248 1331 2021
336 156 216
11 399 2114
1306 872 2947
101 696 1168
910 1357 2293
566 252 555
1004 961 2686
1253 1194 2928
880 631 1348
818 360 949
990 1286 2811
942 1356 1092
1208 134 2025
1195 1398 672
346 1260 1853
1284 1340 1021
601 515 58
1240 1016 1155
28 810 499
92 1494 1936
647 1046 1109
334 868 22
482 1376 2243
1286 159 2197
831 778 2589
727 339 1984
268 1205 1732
891 293 87
732 132 385
518 715 2023
1492 329 0
681 618 2127
1310 1327 1360
1286 360 2244
1347 1361 2049
286 1438 2261
178 54 1238
474 1152 1190
850 616 1448
57 755 927
1272 577 2953
796 1120 1820
120 319 2552
1067 1299 1376
367 48 2353
669 1213 1264
543 903 2749
457 364 781
1377 1477 300
149 1356 1239
781 544 498
490 1113 143
687 1063 1611
1069 1344 1756
670 675 1669
145 675 2047
809 620 2235
1317 499 2194
489 1221 1496
446 1319 1962
937 249 1232
673 232 2299
201 1079 368
672 94 686
568 1205 2251
147 1195 1761
717 501 1993
1274 602 311
418 294 1913
1280 723 2631
1467 963 374
712 234 1938
67 976 2484
886 62 1489
752 433 2954
107 868 2079
389 124 1743
1134 628 1436
992 1209 2292
187 1148 548
506 1151 474
416 586 2729
1345 463 451
1291 912 1709
414 384 1604
118 1400 532
219 1480 1588
49 1415 2749
864 331 2014
35 47 1339
632 818 44
1024 339 1429
1271 963 1847
523 1015 760
1253 1465 2338
1458 361 2666
399 1083 1813
1094 462 1137
408 860 2342
1027 184 396
105 1467 931
591 1072 1645
541 1220 915
737 92 1058
157 756 2332
661 1306 2646
493 1433 1565
674 893 379
1488 1075 2274
496 1268 1380
330 934 1358
1015 1351 1420
1188 756 1833
601 191 503
615 1111 1345
1213 1128 431
628 516 1502
456 181 659
442 184 137
1162 600 2741
190 474 673
300 44 644
911 1314 2503
531 1267 498
969 609 2065
172 1410 2009
1050 393 1334
216 1426 2740
863 735 81
672 1311 2467
1459 246 1052
1042 1437 434
667 1069 2609
304 730 1349
423 1162 2782
459 211 1132
1399 930 162
1389 1169 1882
702 77 2824
127 502 1265
921 754 1607
184 1079 2421
1420 1407 746
733 845 735
607 998 44
1492 46 499
1350 1206 1805
894 1407 2444
213 1012 1090
215 308 2074
1432 46 1775
246 593 1026
976 763 370
1204 688 1731
1435 1235 333
515 1001 1388
768 1035 2139
517 1071 1199
181 721 2347
437 501 1230
956 799 2742
286 341 1495
695 257 1182
275 293 1805
547 1436 2438
1204 1020 3
473 691 1662
479 762 469
1356 1102 872
820 1085 410
395 736 787
1192 987 2946
1295 1436 1418
1005 569 2819
866 1061 1888
119 1263 978
540 913 1736
1336 702 52
355 204 1931
1025 229 2758
386 368 2093
1428 12 1815
306 1424 2771
1217 323 1835
560 1441 2307
1340 141 1518
922 495 357
545 1022 2611
875 24 2276
796 124 2578
1285 1228 2879
61 899 932
26 716 1860
216 295 79
929 419 2418
1342 1154 738
219 1372 572
1352 1115 1953
475 679 674
617 625 566
848 985 1377
823 754 1233
764 1044 2437
410 1226 1708
1086 121 269
188 1087 1095
1276 3 2470
201 672 2462
670 194 1009
297 677 2853
1265 386 2218
1242 889 360
319 89 1311
710 656 276
541 957 2916
673 180 2457
675 1216 1124
1387 160 103
235 514 469
1310 226 1269
627 642 942
1496 1073 295
223 1014 2670
65 346 1023
731 11 2053
617 408 434
1434 389 1159
84 837 620
729 475 2649
225 929 799
69 1057 2286
1155 448 2867
676 763 1142
733 407 2214
538 325 1723
224 431 310
763 447 2699
1256 1470 990
735 753 2671
846 771 2259
610 303 2013
1233 188 2845
1424 160 274
848 621 691
514 1411 65
1119 549 2680
1424 1495 1760
979 1488 2332
1350 820 435
792 1020 2244
1188 1314 10
998 581 1952
909 550 2631
232 1149 644
14 1343 2607
493 552 2715
497 541 2729
1237 505 2361
583 1322 999
1322 864 203
1296 675 2624
367 472 271
513 449 230
1405 967 1490
1009 12 1367
903 964 1129
1094 1487 526
1092 803 742
374 241 2904
1039 1122 438
1302 400 342
30 793 883
1462 140 2627
340 741 1198
974 882 889
1198 1132 244
79 1270 1211
527 1448 2015
656 347 2344
26 460 1791
401 405 2958
440 117 128
1442 719 884
493 1111 2913
1219 1287 2237
1041 1183 1522
1473 812 2707
13 992 1023
874 139 1076
1394 1408 312
1052 1154 2746
123 1238 1781
1127 446 1829
3 1315 922
857 310 2749
144 1421 2175
1120 348 434
235 654 1032
1404 389 658
950 281 842
1237 510 2659
605 1380 2021
658 205 1937
1178 150 2167
96 1308 2409
540 674 1362
965 232 726
1159 147 2063
1207 1260 287
801 1126 758
1313 306 2842
939 1182 902
1468 716 2005
438 1166 1183
292 824 941
875 732 1022
12 236 1361
216 703 388
1404 471 1767
98 485 1045
1324 552 1782
1337 16 363
1228 1224 686
968 61 1154
1378 880 1989
522 1176 2081
1003 1307 1998
1200 1344 1503
131 1105 273
1166 592 1194
334 1475 237
1309 1227 1293
1204 1487 1006
956 547 1606
1040 367 978
644 18 1686
467 1144 2144
1066 870 319
1241 782 2539
578 480 417
1454 1023 1678
1410 1288 623
321 36 1466
496 903 2827
887 221 2213
465 453 651
572 754 1944
8 1475 1218
918 386 1192
1314 903 2818
1197 1452 2822
150 1280 2429
1016 535 587
778 1070 1506
411 571 749
1384 797 1962
584 803 1067
1031 666 404
512 546 994
18 1224 2609
472 812 69
563 1007 2216
433 104 1679
892 517 1019
1117 1430 787
1114 301 2226
982 1253 749
537 1358 227
1097 514 1877
371 1001 1059
755 874 572
660 1310 1558
573 1131 1306
400 1113 626
910 1018 1406
786 824 837
778 766 2037
680 119 2805
845 1220 1033
533 1141 2485
974 1328 1850
3 700 2452
1250 790 2003
754 1091 2996
1164 373 471
252 127 1533
580 1215 334
865 235 447
338 1147 348
604 961 2408
1160 145 32
1239 833 2780
1375 732 743
177 1286 434
1042 403 1850
1346 1095 918
516 880 1584
588 1114 903
1108 451 1083
880 404 2454
140 1303 1855
800 1083 2478
325 1000 841
33 1141 2102
541 569 1100
897 602 47
197 1052 1428
143 836 681
519 567 1286
16 563 826
1388 502 192
241 572 1654
927 531 132
1136 1056 2635
1018 302 2546
106 63 897
137 283 1593
941 213 2651
693 257 964
1064 526 2499
1195 558 942
815 1497 2702
943 211 36
356 88 706
746 418 2894
96 1122 2089
907 73 310
39 683 2542
1481 912 1332
335 1459 1034
934 915 2580
490 201 375
506 120 640
167 772 981
1351 767 1123
670 496 634
102 155 1486
468 1471 476
474 637 2064
660 84 214
365 404 2914
420 370 423
1161 626 216
1169 1491 2880
371 878 2266
1405 992 766
133 400 195
1165 146 2084
1068 1337 2398
975 910 1804
1405 439 1313
758 996 2415
1358 1392 2156
1237 37 366
535 1401 2258
294 761 334
1184 929 58
1177 433 505
1299 1209 1784
833 1108 584
931 1054 808
743 564 179
1402 108 655
955 965 872
6 46 1065
1184 669 998
203 305 1646
1003 1284 2532
514 1496 1264
1460 627 841
1257 376 311
161 779 1419
413 802 2133
683 834 1441
802 706 1156
384 1060 260
1311 412 1525
330 223 564
1415 426 2803
835 340 1868
397 938 2835
107 186 1795
1420 534 2385
1122 829 2076
1113 1480 2530
1082 242 2414
1451 197 1231
847 1237 1053
1300 1153 798
1175 492 1278
1201 27 1455
1241 1081 2068
1188 1125 1742
957 978 2567
175 638 2978
1367 492 1468
794 698 696
317 1209 2894
1127 1468 1956
1395 1177 2733
1398 428 1547
596 726 900
1154 977 2152
529 111 1499
868 171 1105
1364 1378 139
1294 753 2471
638 696 1613
327 1043 2018
1105 2 1809
1170 745 365
488 452 510
324 734 111
472 975 1110
1308 96 1419
934 231 2626
358 1416 2541
318 203 608
545 334 1985
213 1170 771
720 926 2435
248 299 149
1357 438 2996
1361 1391 812
757 468 612
983 716 305
1338 141 2305
1052 872 754
353 459 923
1091 365 1702
583 504 2210
384 478 2536
1091 1260 2002
620 988 1190
1312 1205 2087
1207 601 2312
1226 1398 2810
1106 206 2860
1226 302 434
1048 569 2510
901 1165 619
727 941 199
1037 103 1148
848 464 2538
1110 741 2430
65 307 2683
1407 1423 1440
329 1115 2748
470 309 1844
26 806 834
613 263 8
984 155 335
1262 952 1058
556 582 385
1006 1433 1807
325 232 2115
1020 1294 86
268 519 1535
153 1419 2448
159 999 1781
993 1499 234
1455 1053 576
169 329 2454
1331 1442 2537
39 889 2663
166 1189 1037
1038 1078 97
1138 484 1698
995 185 385
1420 862 415
669 24 1933
427 2 350
1448 344 674
283 1256 1917
88 329 2145
1418 182 524
411 1486 1366
711 138 2623
1251 1095 1677
640 189 480
1312 595 383
1364 491 281
102 1052 816
96 27 2497
763 227 2537
967 556 32
962 68 1475
997 919 1640
347 229 526
1227 820 1268
371 1065 483
668 978 1615
489 1067 2878
701 563 2599
268 1464 1405
1075 1092 1204
1162 70 2855
178 366 905
851 336 163
608 697 82
1261 1161 1521
394 599 1628
205 1282 2546
888 292 1048
1092 67 1110
196 1036 1304
1274 238 1010
383 829 42
819 457 784
156 1108 32
214 1343 1782
9 478 76
839 517 2100
1288 593 1332
619 969 466
530 793 716
1193 714 1419
461 1120 751
449 129 2300
1142 1256 606
425 524 2
1469 890 246
59 37 308
1394 955 1403
194 334 955
381 112 2091
960 136 2037
755 638 769
651 1302 1531
427 644 2957
1137 514 1338
1373 462 1270
1447 814 1518
337 886 176
761 302 2866
1497 252 524
672 1458 500
324 180 1369
1112 1158 1046
126 1226 19
580 772 2591
180 1430 1909
1343 497 810
290 570 1695
620 871 2176
1211 1496 594
1088 96 368
359 1462 170
382 147 1380
353 1128 1557
207 941 1724
1479 843 949
817 1384 706
973 195 752
1476 165 1589
4 274 892
645 81 706
1145 190 2313
587 1054 2209
642 238 963
1164 1283 2288
1392 1463 606
211 647 1593
663 102 303
284 1004 772
53 1083 2287
388 1208 48
402 777 24
416 281 1016
23 920 839
721 1373 343
1381 435 1353
898 106 2136
1139 23 1895
90 3 464
109 803 1772
1462 108 1905
743 1253 1901
1249 431 1140
932 1153 2922
1165 801 1329
1135 389 902
1486 1292 1717
1426 296 1540
897 662 2171
340 1110 2309
380 140 1342
176 687 2687
682 1319 1279
1129 504 1703
1134 514 7
246 412 674
638 260 1760
1025 938 1817
334 122 2683
790 1086 1666
625 870 1128
469 1092 2681
80 105 1879
1017 659 52
1040 484 2024
77 820 600
582 97 2018
1152 829 2215
1455 915 2238
253 106 1727
1255 653 2472
326 537 1062
893 557 1134
1220 861 695
992 286 896
507 395 178
644 762 1886
147 1057 2106
1336 671 1
1365 1132 640
903 1349 642
585 97 1050
609 561 2385
626 1187 2308
229 1323 1524
941 116 989
282 915 2890
1083 624 264
1195 778 1514
1187 811 1920
859 961 656
746 756 2548
357 1311 631
1176 638 1963
1144 402 2791
707 1449 2276
233 323 2947
117 1290 2056
1 574 2550
745 722 2022
1208 313 515
1160 1352 2267
61 866 2362
766 1392 1425
864 1071 2907
666 371 192
988 58 739
884 728 2512
1289 221 1929
1047 1416 134
952 251 2394
1276 383 2328
711 742 2454
788 438 1372
496 549 177
1052 611 1131
351 834 1497
341 1217 914
537 461 995
902 1315 1883
539 805 658
632 1193 1633
1035 706 2961
83 275 141
896 274 2261
1013 738 1334
1476 1303 2249
138 1450 1561
231 1278 2826
876 1251 474
808 897 1569
307 354 2254
730 1178 1150
1137 1320 141
1249 1172 1021
28 596 439
46 345 2065
1238 642 392
1335 826 2489
1409 121 1904
154 464 923
1478 3 2899
665 845 835
853 1283 1011
365 196 975
1269 310 170
296 201 216
633 1127 101
129 899 1072
1147 213 2335
366 152 868
1058 446 441
1298 604 2445
463 833 2335
557 724 667
718 930 2304
861 759 960
223 166 1171
433 796 706
1220 781 2900
66 1161 741
513 1389 1593
1325 888 2585
1180 1315 1241
1092 519 30
1396 881 2461
1279 951 1322
444 693 1956
480 1182 203
234 132 1219
135 1220 197
1463 1228 219
595 892 2469
1124 239 2554
1132 1444 608
1138 277 2800
975 644 1436
622 1039 2121
231 761 1623
646 692 106
1079 1242 2494
1260 1051 611
375 1133 2617
1387 486 1474
1324 1445 134
1038 1216 2191
496 859 1818
1021 188 2303
1386 904 33
718 794 1450
471 449 552
57 820 2375
589 431 908
370 1236 2795
808 1408 280
784 296 1670
429 694 1537
83 1381 1964
280 521 840
66 516 1641
155 161 1197
679 1260 52
1428 1265 1094
888 433 456
297 1176 118
71 346 1461
340 365 2629
907 424 1604
826 1432 2266
1356 1433 2099
761 350 2199
839 1030 1167
618 338 2434
699 889 1487
1426 1008 1235
197 513 1380
310 605 1898
1115 834 2659
574 648 1814
905 534 1290
1182 653 2371
786 1353 1965
1458 427 1015
143 785 180
919 1177 590
374 1185 2457
597 914 141
778 1411 2018
462 1438 13
1460 935 515
1294 1473 1525
764 882 1268
272 421 897
1398 881 2377
432 100 2691
1366 959 437
1320 841 689
542 1005 705
120 1452 130
58 324 491
1493 38 1539
29 437 2182
1497 904 741
381 460 1003
469 1279 659
597 618 329
97 324 1672
93 1308 2222
249 530 642
193 640 37
36 403 2532
920 712 1577
751 908 2437
1485 150 1908
262 919 359
1482 360 1655
1480 456 2578
827 1452 2752
47 313 254
1430 1102 1116
863 411 2362
852 701 958
536 543 1925
1447 677 2245
936 902 2642
179 774 255
17 551 2205
1022 442 88
751 698 1183
403 562 1489
1217 1029 1825
1457 498 1901
559 427 1274
1106 826 2139
375 789 349
474 200 898
91 211 1290
63 54 1651
1472 438 841
249 1126 973
100 559 1210
571 1393 2148
1381 1399 402
1473 665 1947
740 534 767
177 239 847
1416 335 2708
577 384 1406
1490 432 1618
1266 948 1330
504 1037 1385
974 975 2568
255 691 1392
266 1336 2752
174 564 730
807 415 41
1338 717 2435
337 181 2062
21 178 2558
1371 1362 1364
257 159 1333
1183 726 1914
956 822 2108
559 985 1141
245 243 857
483 1006 140
658 1247 114
1203 606 2301
1123 1124 97
105 742 245
75 1494 466
1411 61 1203
639 1389 2207
434 1495 1740
575 469 2594
2 708 513
1476 238 618
140 26 1876
424 489 1811
565 125 25
750 363 1229
514 231 2676
1132 588 1178
232 1197 2711
635 31 2018
1235 1397 983
938 256 1758
818 20 440
432 1366 1161
120 1375 56
886 479 2326
1285 866 2508
466 224 681
1095 1007 2897
967 840 1518
1132 904 2837
320 714 1351
1153 135 1163
772 502 410
1400 1185 1771
393 677 1094
1297 855 786
44 350 2613
468 689 1346
993 1144 2514
1096 956 1033
1060 447 1328
1123 1097 2677
412 701 2023
357 1085 2173
563 696 1817
657 872 2563
1149 837 133
895 955 477
724 365 856
737 1178 2871
999 1032 631
609 112 1566
350 826 1582
1043 362 695
634 1314 1737
257 719 1048
1363 908 928
1136 604 1520
912 670 1644
1320 1228 283
377 483 2382
1412 1438 2068
456 361 1541
750 1407 2319
704 903 2472
964 1157 1641
955 301 2854
960 382 2990
862 874 690
1095 785 2166
957 533 1734
784 843 1202
1203 999 825
457 35 1162
1052 911 890
700 874 1245
943 532 1910
339 842 875
324 1291 969
995 1205 903
453 1404 2026
1079 156 2021
614 1437 733
1440 575 2719
318 633 1914
253 939 50
500 172 2294
224 145 2057
582 319 994
306 1362 1494
77 129 853
448 1192 2210
461 1043 2395
446 1057 291
1496 234 994
982 1189 932
1017 1430 7
536 636 2357
1496 1292 323
241 589 961
1275 1049 367
172 156 2332
706 976 2176
581 1167 1081
1120 876 2635
883 864 2593
1234 845 1847
1268 676 1175
519 143 496
1130 229 102
406 23 921
1340 261 337
1437 1406 1551
93 744 1573
1479 1231 643
1239 348 71
109 336 2972
265 1406 421
328 1360 2161
90 1109 2710
1306 851 2414
1315 935 2271
676 1186 1399
938 916 1734
169 356 1459
836 772 625
1354 1474 2122
899 515 1900
945 1043 1907
518 754 882
92 348 258
1189 554 147
1164 164 1967
987 619 1378
840 1270 1003
702 1260 2270
742 1160 381
653 652 2365
958 626 388
309 512 350
876 1351 575
1125 1230 2613
442 1288 294
1270 1148 1754
747 1362 194
1327 370 669
1369 307 2333
1341 838 479
27 603 2759
70 1268 2796
1481 844 412
223 749 671
882 1359 1900
647 557 1310
222 1403 2647
40 1189 545
879 711 136
315 1070 1575
508 1172 2997
1173 104 1273
420 1169 975
78 246 2980
625 1433 699
538 913 211
1291 245 2862
174 598 1438
1080 1023 431
1099 343 2384
759 1101 957
464 762 193
742 674 2007
1334 323 2102
1322 838 1723
11 35 330
929 1235 795
1012 1330 1038
429 228 2440
592 945 823
291 476 2803
1225 1468 1589
1070 388 2812
701 965 246
1477 1389 732
862 610 2895
396 51 1274
710 160 2410
459 734 1883
867 1355 947
241 785 2371
210 810 496
977 1065 489
164 980 2595
309 559 2715
250 573 931
1347 544 1111
844 1380 1575
1467 592 1770
1172 562 104
1173 1207 1918
1318 729 1937
723 585 258
878 1167 2054
594 1107 696
460 234 1054
898 349 868
394 465 2971
688 1340 1499
947 744 2408
419 20 2641
699 367 1552
662 1229 2903
1035 996 857
343 285 2821
243 244 2064
1156 218 2090
1229 1367 2201
571 1374 275
424 926 2404
1030 85 1983
566 953 2184
332 147 1430
679 548 2853
878 1274 2142
752 210 2955
505 224 1216
926 226 912
503 1030 1550
245 534 1279
1370 36 1717
256 1105 520
877 418 2686
1099 395 2541
940 109 389
655 207 2120
220 1256 100
1468 98 575
731 505 681
1359 1234 1266
35 1380 874
602 381 1938
523 1096 1759
1443 1161 2270
1115 1141 1048
398 659 2276
1391 210 635
1441 927 92
1018 1371 792
1474 287 758
333 455 1432
489 115 357
895 1215 360
865 477 1402
801 1136 2292
311 1325 946
1032 522 2693
685 289 1568
470 89 2952
703 185 348
89 1050 2577
1062 326 722
233 866 677
1157 778 109
951 862 1051
128 369 1756
720 1208 146
954 1170 1682
1046 578 788
885 463 911
1311 379 2459
1325 126 532
423 700 117
749 601 1454
497 946 2198
477 685 304
180 941 105
1319 715 2336
341 427 1590
217 615 472
528 267 1924
1333 1389 1511
1157 1273 310
632 1350 1715
136 319 632
1048 583 1113
952 490 1242
1275 69 1905
1289 1335 279
444 1240 1910
68 1435 2490
1059 1474 2995
184 1373 282
1417 67 1560
86 1007 1596
1009 1288 2636
983 1406 1815
728 1084 872
552 381 844
241 772 2295
125 1425 529
1327 886 576
1311 1016 136
902 26 2180
1005 773 2750
52 101 1297
1395 1448 1593
213 567 702
39 703 894
1169 628 2905
1264 657 654
1263 695 2235
557 335 1371
1231 181 2234
165 224 2878
837 350 2741
1072 164 1871
593 785 815
708 223 234
703 854 2301
840 1295 418
1422 760 2737
127 1322 418
641 1339 2221
1431 441 2479
114 945 2014
155 209 2522
1190 1456 560
199 1473 1348
853 28 808
42 621 502
1108 1227 1864
1248 1076 2868
996 438 974
190 539 1524
225 322 2845
731 1120 1567
1369 245 587
1251 1367 1478
278 49 801
593 617 1897
138 1002 1213
1101 325 1755
1235 486 545
789 638 2294
108 310 1804
847 227 79
486 330 1803
985 815 465
268 1145 2596
978 1393 0
677 443 1458
46 131 410
1344 795 2957
342 1316 1128
1379 275 2384
694 585 574
332 240 378
905 25 2496
157 760 2939
7 1309 1593
605 314 833
719 589 1830
579 463 2182
712 432 2405
1169 1477 1097
1292 1155 1338
68 1472 2885
1057 1445 1468
510 346 781
590 124 1775
1143 486 91
1056 482 1043
723 1277 1436
1045 923 1833
958 368 2771
1231 1329 1828
868 314 964
401 276 2418
726 1342 2525
1468 811 963
628 713 522
787 1154 2340
1476 1375 2017
846 307 1627
1006 843 1887
681 838 784
75 368 1171
697 1236 799
212 604 1723
321 810 1853
384 334 1394
104 1187 161
286 1366 1659
823 108 379
250 1065 1462
1252 433 1771
50 761 2107
356 1453 1918
977 640 1565
862 715 1028
706 313 1863
152 406 1133
856 761 1389
1196 183 2183
585 1113 260
1023 938 1093
613 1484 1294
125 279 306
148 78 2530
889 221 2712
1053 577 458
287 60 2275
37 1063 783
1381 10 1839
740 1232 1355
767 451 1189
1441 465 1832
443 1410 1468
669 396 869
498 67 2684
688 193 867
951 109 1505
814 218 2107
700 173 2913
113 24 818
694 66 1407
1386 1311 2888
1141 776 1043
961 1179 2296
1274 344 1716
1215 164 2747
521 939 1041
356 223 1974
1466 246 25
1053 807 2742
126 1146 1670
1159 1306 452
308 1318 632
828 868 2916
734 1343 1053
999 400 779
1497 308 2773
1073 1229 2735
741 655 53
104 633 2559
1306 936 2261
259 1146 1711
102 247 882
1104 1231 2897
649 1075 2246
126 503 304
22 447 365
989 638 1918
1057 185 370
749 823 2866
831 172 1389
981 1276 2850
294 1162 1343
1106 352 1559
850 955 1335
626 235 283
698 1398 1636
1411 442 499
406 1333 551
773 1040 286
1341 1339 2776
362 716 1891
971 113 2320
109 917 2288
47 837 2646
806 79 1760
282 1390 2486
719 671 992
0 743 401
374 555 145
272 1084 1769
81 770 2295
1384 932 1497
1319 680 2512
324 224 820
1235 1179 2352
940 272 1977
764 176 1598
467 964 41
996 993 2127
970 1489 218
1493 1176 583
678 640 2650
690 1016 564
376 1343 604
843 888 1090
351 1389 235
1449 1372 1804
884 172 463
1268 815 100
1471 646 861
304 483 1822
387 912 172
479 742 69
20 630 2154
789 1411 90
159 462 219
578 345 2688
599 150 2072
335 973 2885
1261 1155 1478
242 184 2797
586 184 2026
715 960 1359
1448 724 1236
560 1034 833
458 1468 2884
1307 342 1815
863 394 98
948 405 1895
1473 904 183
567 1172 789
1181 572 1847
962 1293 2167
1103 227 1301
1126 591 1251
1107 823 2036
1263 809 2796
212 1065 2806
1419 315 326
691 968 2469
1291 198 1843
1464 1260 2274
315 131 54
144 227 2375
1243 795 1205
315 195 647
89 756 2448
385 444 2330
1121 396 2472
1287 1169 431
633 1481 2832
1189 1126 1767
1292 999 2053
997 0 1833
143 74 2723
816 833 1700
1258 541 661
90 291 681
899 1476 1209
1372 161 793
64 1208 973
933 623 746
138 367 2131
319 1033 1536
438 1301 2285
572 6 821
598 514 1419
753 1166 1416
1077 886 1208
446 1225 647
718 926 1422
836 122 1815
19 116 960
51 385 1108
922 1090 2772
479 218 253
254 1195 644
1048 844 1592
1324 1400 1222
453 548 1339
236 106 1030
203 1057 316
762 279 2581
917 904 1276
490 1420 1962
1439 392 328
1097 61 1195
497 1201 363
1170 479 1093
15 1309 2580
158 1020 2652
365 676 3000
919 1160 1299
942 1142 344
974 304 2460
1313 1423 2700
214 285 163
392 1438 1168
218 942 1107
337 304 1328
79 575 1505
891 1352 635
1077 69 2579
313 1358 1105
1098 355 2845
263 462 138
477 537 1917
136 1378 2440
1122 492 584
751 647 665
1221 580 1816
439 979 68
1077 1475 1962
348 1398 1306
1307 1205 862
834 1299 1335
285 688 1395
202 861 1969
34 1272 1739
1016 1070 2491
1112 469 1633
322 567 1491
1131 863 2714
17 343 373
909 32 2083
1023 378 1953
461 247 1316
362 385 1957
243 1183 946
880 622 950
1393 508 1093
866 1125 1983
1075 390 1365
44 493 2605
1399 678 58
1121 909 500
37 942 1713
1314 302 2542
526 475 581
244 1260 722
488 399 1995
49 1401 85
631 765 1144
266 561 2092
140 650 2934
104 1193 2962
915 144 1255
1069 1384 408
1446 939 1621
938 949 725
62 1398 1023
462 725 2030
253 750 1438
285 1317 2624
1001 261 1002
202 1461 2276
1089 669 2771
259 309 471
1252 184 1302
642 1166 1666
592 503 2779
1060 504 897
1087 1477 2170
1221 313 2280
392 969 2716
131 1381 237
1310 1241 487
62 1427 2126
770 359 2371
873 351 720
432 636 2186
1141 251 2864
156 112 427
699 383 351
1004 1229 2223
797 826 2642
694 401 1000
178 420 2468
1178 520 1753
1463 87 612
1138 1399 842
112 651 347
1331 1435 184
1290 891 524
307 1391 2208
313 987 2593
1497 720 2762
283 487 332
81 902 2966
242 119 2186
135 161 2437
481 587 1573
191 937 2628
1239 557 1698
707 1178 2366
1190 968 982
972 1445 267
1137 43 501
3 997 1061
1241 1183 1663
100 362 34
57 736 2285
287 1065 2116
251 1373 2578
1302 344 2213
783 754 468
1128 508 969
606 1344 1388
1106 894 113
203 340 665
1200 766 2303
933 1216 772
251 508 669
881 491 2516
549 198 1037
622 1355 364
240 368 2316
243 1128 2304
1224 627 135
46 227 834
677 401 506
437 32 2037
631 213 1981
34 924 391
392 1405 20
1456 845 2365
590 283 523
1236 1071 92
1013 1187 836
346 1337 2490
333 376 2274
22 819 2695
2 948 593
363 84 1590
144 243 677
484 549 1061
580 860 1718
869 1396 2241
173 960 2046
1212 392 986
55 652 1640
929 200 2135
844 1358 2830
1206 972 134
954 1274 424
391 714 2123
812 1048 933
756 42 2061
1483 1219 2455
388 459 1944
1381 36 1208
1451 440 1017
701 230 999
69 130 374
292 837 1612
710 1437 1091
626 307 1868
85 448 937
776 678 1662
987 655 2300
877 778 873
529 512 2018
754 1466 892
1140 87 301
1144 739 330
436 358 299
70 972 1130
159 630 2405
1422 110 2245
703 719 2967
215 1092 2077
948 146 991
1018 609 2027
1437 1231 2156
2 1449 2414
231 928 2114
1472 535 2376
805 1094 981
830 864 201
8 552 2315
1189 398 1881
1308 1460 1415
860 103 1178
1058 414 2891
706 1295 1349
1050 624 183
1320 666 2212
1124 1389 2860
630 1106 1592
396 5 894
1392 298 1436
946 263 1609
747 586 13
1044 422 738
793 878 2265
1352 214 1170
73 323 879
1373 133 193
229 1426 2976
42 998 167
368 1383 629
1278 515 2344
1304 821 1023
415 734 1775
1113 787 1606
244 1143 875
71 574 1795
1044 1223 1101
157 640 516
1210 574 2300
1021 1160 917
1357 1297 222
1154 1216 1048
131 154 2191
479 877 1798
1362 114 2272
308 532 1564
870 690 2279
1194 1128 2457
616 654 1890
409 232 1520
1370 260 697
1414 468 2042
1034 606 2356
347 1450 2498
700 151 2216
1205 136 2202
1382 753 2645
1086 477 817
41 1250 2183
54 812 1200
1224 677 2198
986 200 2304
944 533 2024
1121 737 436
1150 1299 2310
1027 646 1026
459 1238 1668
599 1197 986
782 1224 511
547 345 870
646 1035 890
29 456 1095
973 324 2143
659 1026 143
735 344 392
1063 45 392
204 393 236
544 1129 2177
33 1353 1757
223 684 350
1355 320 821
1435 828 749
255 237 1507
1328 485 888
503 598 471
1491 909 2900
1322 122 353
656 714 912
119 805 1661
985 67 2864
232 1336 2272
484 294 149
1004 742 1439
1059 1405 1809
1156 164 153
1474 1229 418
722 399 2827
986 1142 1823
1315 143 2366
769 1385 1824
362 1430 1966
156 993 2799
1224 754 2866
1233 293 1607
587 144 1545
1056 6 2380
1230 613 801
1167 408 2271
794 757 2217
655 852 892
189 730 1741
399 153 1273
983 239 1400
330 9 2616
407 73 537
158 321 1962
1290 638 704
174 1135 775
43 489 1619
1201 1184 1831
1082 1074 1929
870 455 1819
890 437 836
693 519 1417
1323 848 1124
228 362 1658
447 1423 1561
306 217 1312
941 537 1551
695 499 1709
1233 229 785
920 521 874
636 66 526
1166 245 1197
1005 767 2183
1332 733 883
900 1053 1145
652 345 2834
1197 725 1094
1169 749 18
1252 476 1526
1445 777 2916
403 1189 868
922 587 2880
421 1494 2910
311 83 1704
468 1330 1536
1245 171 414
1249 98 2819
802 1090 2976
320 1302 2804
955 1147 455
1420 380 2936
753 108 551
1356 1116 2090
1495 1170 2397
51 1309 2294
803 1239 216
449 817 2588
1416 1105 1180
1314 556 397
928 1399 133
1336 1149 454
1439 223 2581
1383 39 462
1224 917 464
404 1182 484
265 1324 1769
842 90 1177
1041 452 242
1020 971 1175
914 861 1702
788 535 971
870 70 900
42 1292 775
1255 115 2627
213 678 1558
962 1347 2342
352 601 1159
821 435 2099
940 1203 2177
31 453 2918
1460 1399 523
694 541 2754
305 471 617
986 1371 1549
1318 1419 694
723 1407 1185
1097 655 1014
414 37 2352
269 313 16
234 1266 711
1058 1013 311
195 400 2801
577 1202 2923
1175 1426 1501
38 621 2422
1145 65 2159
114 834 2607
1113 828 2469
577 1084 1676
903 1069 1512
820 857 762
644 31 2460
128 405 1445
1087 443 707
1350 1056 2600
409 1 113
760 516 2269
824 366 259
1180 524 901
1030 801 2819
564 1291 2147
618 1269 348
1486 1211 2790
1258 1207 2461
376 163 2678
693 994 2721
775 296 1438
1086 175 1473
1454 388 1108
1290 752 847
333 1467 1798
97 1316 1108
117 948 1450
357 924 2454
1433 532 456
643 298 1198
810 210 1224
1489 1327 1626
629 1405 325
660 85 2824
177 366 440
1025 374 2551
1279 655 1705
1318 1058 2573
52 1468 1137
348 991 69
160 468 2074
293 674 1602
1454 599 2312
234 1202 401
980 367 2721
288 460 2708
1032 1309 2538
1246 82 2282
784 297 2998
309 643 174
935 684 1570
689 566 2230
715 617 1630
827 675 2622
1236 293 100
1144 504 2300
588 749 787
1415 291 2468
145 1469 2385
544 780 102
692 423 856
211 762 1570
895 777 1398
538 1446 298
198 916 2448
480 156 202
545 1284 2147
1321 195 1230
664 464 2481
339 586 943
1177 1221 323
416 1350 559
581 476 1530
1083 1499 2678
957 788 2412
1205 867 1175
558 110 894
1373 1124 684
893 1207 1306
154 1372 674
552 220 209
11 868 250
1225 1314 272
771 1208 454
1202 87 965
1298 579 1182
279 113 2003
289 1168 2130
567 482 2756
32 888 1899
835 514 2499
523 956 1229
404 153 2830
194 1027 2407
267 57 2261
163 229 2095
1222 461 1674
279 66 641
343 215 964
834 57 1677
1316 686 1354
785 442 1166
815 428 1774
1102 1289 1810
1363 145 2720
113 837 1806
298 581 1580
1388 1370 352
374 1052 340
1046 501 616
968 1494 1092
1303 790 294
85 553 799
825 323 1438
277 1364 1528
103 312 1354
84 1385 260
988 1005 1656
273 363 1360
119 1018 1532
269 1485 291
1273 156 1102
551 783 2680
216 1473 1610
316 1174 2883
132 51 685
986 1312 2309
447 792 433
1085 988 1620
1218 520 408
317 477 344
135 841 2467
739 1399 1808
539 1494 343
930 1383 385
353 695 1940
455 602 1829
134 42 2648
982 999 2240
771 1019 1036
843 1222 74
1434 555 2738
910 1078 584
1168 618 2822
572 1485 1904
634 623 2495
725 1481 1213
80 832 659
814 633 2157
643 613 1531
871 949 1901
874 287 1619
1161 970 2349
856 121 959
1458 543 473
1277 8 1148
271 1266 508
1040 1243 474
227 404 816
570 1345 2013
727 520 671
742 479 2903
792 1371 1032
48 405 960
486 1093 1038
190 1021 1940
691 283 2596
289 151 2159
615 326 1436
1431 730 2236
870 773 393
452 858 2543
304 1225 1744
428 192 349
1487 1079 519
19 173 1361
579 655 680
105 1340 2255
953 190 2821
1332 318 1783
1256 1341 1036
773 1203 634
72 379 2142
307 553 377
511 989 1728
1166 803 908
35 73 576
1370 442 337
703 1068 2899
915 81 2432
990 219 262
1099 829 1880
360 467 2599
966 1490 2761
1281 449 2776
1181 1267 908
390 1254 74
690 238 1779
995 597 1962
590 757 1250
345 569 437
195 165 768
451 652 957
1461 1176 1181
1042 630 1414
884 745 648
856 225 2363
190 677 2724
101 1481 827
1114 957 2893
418 1328 1858
882 1499 2043
1304 338 1935
1318 1293 2548
378 433 2804
355 38 2369
1078 1319 269
1403 1112 566
1090 1038 870
566 432 1249
1448 259 2943
141 372 753
1072 1372 477
1095 928 976
569 365 179
220 719 716
1117 1329 857
221 955 1799
643 962 589
173 1230 2468
1334 1137 2709
1259 128 1340
953 781 1605
1295 991 411
1372 272 1756
1183 689 556
1148 1013 2914
876 1406 1246
570 1295 1582
474 1456 2995
504 1233 545
1207 765 1577
175 1270 824
320 12 1032
1076 1164 1934
996 859 692
128 19 2474
1150 9 1690
1229 1090 1185
79 332 956
399 1448 306
1443 485 1516
530 503 1962
1489 39 535
696 1121 1210
54 769 1204
1480 19 1180
336 866 2994
204 823 295
1435 615 1054
921 100 2829
1119 752 233
748 1154 207
849 1065 2020
817 1024 1421
1446 1388 1959
1053 271 1846
1296 888 1736
487 654 42
586 134 1270
1203 187 2765
890 1036 2275
1324 1464 1148
233 451 2194
946 1264 1024
141 698 232
338 86 1478
1109 216 1145
1483 12 993
1246 631 1109
262 1036 948
429 693 1218
1438 1386 336
565 1313 286
580 139 1011
959 1014 1630
460 1289 798
553 606 2594
1309 1061 1709
702 1025 1329
956 905 701
636 776 2810
982 818 1424
1215 547 2686
63 840 748
1332 1303 407
1453 244 834
352 905 2841
1071 870 2279
618 827 1556
242 1076 999
606 765 2448
1414 1263 1319
1010 608 488
769 1317 2767
1154 880 2746
236 1439 560
49 283 305
297 562 1101
852 1309 1434
1193 37 1999
84 18 2602
637 405 1563
975 986 518
509 935 384
678 114 2656
1055 1284 586
282 817 2589
889 66 941
226 817 905
524 543 2849
103 1158 1787
1409 1287 1648
1410 48 1082
1264 578 1057
244 1399 2297
1197 716 983
619 1021 174
1347 532 972
818 587 2270
16 32 2877
404 641 987
1191 1126 2773
5 312 1638
299 309 1557
1388 273 607
465 379 1520
169 1108 439
533 789 1087
333 420 727
1057 857 1749
889 145 1532
976 30 1610
1061 7 1710
1125 139 1414
1312 593 1383
454 717 2142
1163 1334 2121
380 188 561
933 1118 1541
391 734 1903
1146 251 1092
1493 1055 599
926 1056 1973
312 1405 1711
901 1225 2957
654 197 176
1474 796 1877
176 990 349
953 312 1777
595 359 635
1247 1399 2021
567 129 397
1228 668 1057
1127 1446 899
1357 1020 1375
824 781 340
875 966 1950
15 1480 722
77 1004 1152
1036 695 2110
1215 151 1292
133 270 2234
860 1474 1345
361 1177 1915
152 1022 164
927 981 311
1297 578 2189
683 451 2987
1267 1018 691
648 274 2414
774 294 993
412 116 1034
853 920 2980
861 906 306
242 1407 1241
722 1411 283
1414 850 2266
370 838 920
883 1025 2178
833 396 2288
476 674 2902
74 801 514
406 537 1387
626 525 1537
1083 195 667
237 921 2998
1228 161 545
1380 1415 1318
905 362 1254
1327 430 421
47 1081 1812
1143 952 701
11 586 1614
1094 1423 1083
1395 1063 201
979 1082 336
1073 1323 2368
499 713 292
358 623 829
1086 711 2418
868 359 2301
467 895 53
107 903 2596
1495 718 2255
65 1317 2701
1248 1141 2485
917 56 2389
1139 1131 1701
641 1154 48
657 649 1359
142 375 2488
985 287 1784
1083 845 1598
642 789 1485
21 602 2084
1413 1451 2776
892 430 697
301 518 2654
464 877 2299
904 693 1664
1146 392 1500
337 509 125
998 425 1049
1449 1257 1458
1076 1270 526
502 1042 2095
658 181 2489
431 432 2648
145 871 1883
129 1485 1501
298 277 1173
1068 202 2475
1465 1188 739
984 631 2441
1456 1247 1478
1063 590 1266
1358 922 2091
185 466 87
1172 513 2930
1331 240 2100
896 699 1863
214 858 1752
579 1049 1663
1480 674 2198
843 923 1662
1007 1427 874
487 1104 2066
396 1277 1642
1440 519 2691
1267 437 1148
747 806 1422
1272 203 507
327 929 477
998 482 1755
379 855 1113
812 848 2338
415 1137 2864
419 678 350
2 1057 2054
1276 821 301
1099 1458 1576
878 1130 0
1326 656 947
499 667 1289
720 1213 2344
369 941 721
485 777 1265
1185 88 2961
1036 228 2128
1403 186 517
984 1053 865
1283 364 1586
817 761 851
714 360 2703
783 125 2082
1469 1060 1205
291 654 1654
1028 1335 1254
918 270 139
966 654 2210
483 1096 965
245 882 2743
64 480 900
594 227 1185
1081 400 1223
639 829 2417
43 1212 2385
656 1061 1992
1321 462 771
911 1348 2627
1401 997 1406
503 344 2607
844 140 1662
636 994 2928
1498 1431 642
148 302 1129
326 107 1640
908 1406 2921
1080 981 1620
1157 463 1936
450 116 2379
813 970 1093
661 63 2756
701 269 187
274 431 1330
1421 227 59
855 692 867
517 477 892
103 295 1159
1233 1420 1592
133 142 2701
1115 281 2693
1464 408 2307
192 588 1285
256 1038 916
842 891 779
745 1455 1835
1196 563 1171
372 654 722
1066 1238 45
155 831 194
578 254 2599
10 1143 1143
524 445 404
1158 332 1673
194 14 2614
1378 34 1115
698 798 781
369 737 2275
460 422 2827
1278 1240 1166
516 1476 1690
1256 586 112
211 577 1263
311 810 2491
976 1290 1825
1448 23 800
1216 880 830
932 396 469
1427 1345 1377
219 533 2893
1160 106 2610
824 518 947
1035 492 1196
458 98 2145
832 409 2094
1068 478 530
370 706 2967
686 1295 1369
667 467 1195
1167 883 2918
116 1449 1810
400 902 380
1385 1442 1020
521 541 367
1074 164 487
96 731 1669
1449 1164 2007
1194 135 1466
586 50 389
1190 1110 1074
1104 816 1766
127 766 1336
29 1447 757
1293 1247 39
759 1464 702
524 1003 958
790 937 1159
888 1288 886
1472 1300 2324
322 1324 72
971 463 1403
729 797 1960
423 453 534
530 400 521
860 456 2231
1263 274 186
520 465 2538
708 389 289
762 1364 1526
821 225 2001
1270 1078 1030
1417 1152 2963
1010 656 1297
1300 553 773
193 304 2331
200 1029 2078
789 706 2699
1208 518 1406
1081 1034 41
338 960 2695
528 639 364
397 701 409
590 600 1569
1275 1162 2147
1452 576 2523
980 1046 806
4 50 2712
916 812 686
633 658 566
389 11 889
735 582 1079
486 1429 352
1295 242 2980
255 352 977
1198 406 2044
535 1170 488
971 1386 2721
160 385 1976
398 645 1340
363 666 468
1333 945 388
937 1154 2622
1444 780 1657
980 974 1878
1151 992 2733
277 652 2922
981 927 2689
754 107 2680
40 1101 142
150 1041 1960
1017 19 1522
552 303 2414
848 1473 2173
1155 445 1367
1043 1481 1790
1032 774 37
461 108 731
30 958 1931
1093 1236 55
1401 669 1542
1187 686 2558
1238 1127 922
1489 170 1575
1329 308 403
118 605 1586
391 795 1015
553 764 2257
1390 947 998
628 86 2156
1023 441 1050
805 808 1354
640 681 2789
684 47 2921
1344 244 2180
180 1458 1096
1211 834 928
1142 98 1463
207 1241 413
17 23 1158
1333 1456 1626
452 378 1692
1015 84 2458
332 170 2146
504 298 2365
1249 1389 389
517 243 226
565 1452 1909
1191 1238 240
1183 1124 1630
475 435 2492
1078 358 349
1011 1256 2303
1013 323 215
408 1330 1347
1331 173 1208
420 1448 1517
827 236 904
640 696 1284
1317 779 1093
1028 307 2751
214 1193 164
1076 1059 672
1354 512 2741
1330 138 832
1346 423 2400
1147 1330 1762
1026 1264 1356
1347 843 1955
1149 890 1416
709 857 689
1185 694 2408
363 321 416
707 849 2080
93 716 2301
959 35 1797
492 1068 1718
602 1305 2124
381 498 1785
1360 548 1036
1242 571 2731
450 845 1062
1283 992 221
116 1201 2724
1073 1114 1106
1090 1233 1051
1058 673 1897
97 8 631
393 1115 2411
1385 222 891
762 463 2947
746 450 422
861 1162 1051
1423 1374 1615
145 41 1098
348 1057 2913
237 544 2291
1408 1405 1737
1003 74 1734
1211 798 2243
407 1349 1212
1000 1175 2339
671 1390 2153
412 550 1245
770 180 2430
1033 703 240
692 1127 561
1288 193 2460
352 1107 509
50 17 115
58 1269 2709
1063 851 1832
769 346 2334
385 383 2965
924 1212 1135
858 1147 152
1428 117 240
49 1212 1737
842 946 2765
1303 538 1272
1164 1481 210
1039 1088 236
1416 994 1466
964 465 2015
1119 76 1701
383 38 1902
522 276 2982
45 1006 2113
1215 579 2961
82 280 511
1478 1234 2567
1348 1311 2324
225 795 35
302 77 2809
1065 900 258
442 5 2422
775 920 1829
1067 1107 1084
672 1404 2823
177 187 2235
377 872 162
1035 678 1688
1349 404 2744
485 1176 333
323 585 2097
660 94 1772
1425 839 2449
1089 1260 588
1368 147 2377
1054 115 17
249 342 2869
1067 97 1845
768 896 2647
295 1117 2717
960 1111 2896
1395 229 27
563 1328 118
1425 1410 1246
201 1303 27
820 334 1628
369 112 216
89 730 2869
151 230 2093
168 268 3
134 813 418
1165 474 1372
1371 643 1236
600 333 2686
458 592 2370
859 95 770
864 699 53
858 260 1574
1408 76 2247
331 928 185
468 1049 2626
107 778 1441
1266 388 2401
826 1264 1270
1193 1310 1728
31 628 45
1230 171 2809
671 455 993
1112 1081 948
528 193 1283
1414 1484 282
826 257 332
1276 11 2784
360 224 1906
248 877 1408
902 587 2456
1186 896 2119
629 336 2970
796 1275 1338
134 269 2159
220 486 1699
58 489 780
513 418 2532
544 1103 1790
624 153 808
1023 749 1271
923 212 2908
981 895 549
585 178 2440
18 1289 2935
27 1192 1056
327 640 2425
917 1305 475
133 826 464
257 671 2907
14 426 2252
95 1186 1564
488 1129 1365
132 218 526
1144 119 282
663 21 516
652 739 90
1245 867 1125
153 947 2947
1433 1158 1390
123 1363 1122
1325 566 1908
1173 1333 2640
1390 386 1770
124 343 1527
247 1155 1082
1177 1218 2110
543 1091 2621
366 406 1903
603 657 828
777 1280 466
751 1156 493
1113 1041 2835
1396 966 847
935 634 801
554 697 727
1056 1313 1261
1116 1211 1208
86 224 2521
1470 901 2006
1186 1461 2201
12 677 2778
319 1342 2592
411 1158 1679
833 1206 341
1246 984 423
1265 277 1651
1222 820 1372
402 435 967
1153 1356 207
170 1126 94
1091 810 1644
562 969 90
252 1266 2977
887 183 2631
955 596 124
1001 898 861
502 1268 1825
108 1134 2749
992 647 2469
1130 848 2536
1470 112 1046
1426 2 2146
570 983 2700
818 145 2062
854 498 2743
695 21 542
648 1238 2557
122 984 560
404 1469 2391
854 982 2008
702 1286 319
1431 336 631
1301 920 2190
278 218 289
650 722 2328
209 647 521
1422 946 2937
835 729 1131
113 920 2605
1467 147 481
562 1444 1199
1321 299 1223
738 88 1926
1384 1444 618
78 777 441
103 260 1169
6 1064 2335
781 284 915
284 39 1335
1372 180 119
846 145 1811
350 143 1384
1452 939 1642
1007 1452 360
210 1067 1075
735 916 2200
284 405 2953
724 1328 884
1049 1163 2586
1450 1185 2089
1111 725 1212
1033 261 1282
892 1261 921
981 584 1912
1098 104 2651
244 1447 1643
388 301 1658
1111 13 1794
613 123 640
1368 1131 1910
436 1492 979
678 734 2918
1482 1366 1969
1188 250 1297
675 785 2127
965 373 1369
247 1034 2398
358 127 1189
1474 1028 1619
681 994 575
1330 961 1469
421 219 611
507 713 1161
791 1292 129
1202 151 1779
1477 1466 2994
620 741 2993
1415 1030 2487
721 218 65
901 366 1067
149 246 1628
300 242 2222
510 699 2864
1002 1322 2250
1274 262 2111
1485 625 727
272 320 801
495 522 398
799 631 1549
1212 339 1759
898 333 2328
985 588 1660
392 1384 2764
1269 465 1383
1038 368 1202
1459 565 2936
343 572 1275
10 949 645
589 588 2267
230 905 683
1075 597 2463
1430 1090 173
1361 529 1016
1204 410 1528
1277 1056 378
0 34 843
1216 533 2239
768 239 40
1128 791 2414
4 483 835
587 188 1708
881 344 1222
1374 411 2779
212 351 1523
1319 783 704
147 510 2156
790 1220 2635
1161 584 436
989 758 2676
1345 470 2165
451 1093 2485
912 791 716
652 572 821
984 1269 2015
795 382 814
1202 1008 2133
387 1262 336
20 1425 2873
258 334 2458
927 481 1703
516 1329 2039
699 534 1287
1400 1164 199
989 545 2144
677 943 1963
98 677 334
243 982 127
212 281 484
1158 1133 1433
1247 1319 589
829 177 484
774 701 2212
1292 125 2052
1429 1269 826
1490 192 1480
923 787 1639
156 265 111
1351 688 293
765 538 572
1090 1136 312
950 754 438
1487 1463 588
481 1242 872
82 554 439
1000 1447 632
931 670 2345
164 439 822
765 287 1498
162 221 2668
1341 984 1258
689 22 1072
120 1442 2624
25 931 460
692 1288 2144
1410 1173 1047
939 999 829
1388 1473 473
284 212 951
238 1353 2248
229 291 1017
1351 13 935
582 829 2522
345 1176 2792
433 1040 2892
897 1462 1277
431 1363 1128
132 727 2483
572 385 632
992 1342 811
357 1212 1545
23 1105 1116
1152 977 174
56 316 879
1011 98 1337
551 221 2774
175 1220 1915
810 900 487
1223 1041 646
1091 1027 115
787 957 1964
1016 547 1257
165 459 2234
1191 1496 1311
533 214 2566
258 1165 902
1007 1132 2624
685 878 2112
295 1017 1731
1337 683 2800
1291 571 1804
1174 1124 2909
913 67 2628
819 66 2620
506 648 1781
1429 515 1701
1187 44 544
1006 823 914
836 712 1512
1329 1248 102
172 527 1057
1260 966 1887
575 1162 2505
991 530 2120
222 424 800
1490 951 2521
1054 56 1332
571 74 2320
1488 626 267
313 1207 2455
192 129 2182
926 1137 2604
990 1385 94
148 926 2413
716 1358 360
859 319 138
1039 92 957
86 116 2364
48 1032 1184
858 265 1846
604 591 376
401 963 1945
258 1411 1764
1186 394 240
892 938 1843
400 656 984
287 842 1730
1302 1381 2985
658 717 2848
492 933 1370
413 1026 1714
1061 1396 484
1168 1243 954
1219 401 741
1323 684 404
1203 637 992
196 178 660
334 877 104
653 1127 1681
1038 1101 98
722 628 2828
874 597 1214
933 297 2795
918 754 1024
649 655 653
116 543 744
977 1467 2117
1262 496 1112
1041 327 2631
1478 505 304
1449 143 398
800 761 1612
936 262 504
488 1283 752
826 893 1217
1162 1016 563
1259 1104 1865
1412 490 2171
997 1321 1422
1059 880 147
182 1084 1111
1257 428 1177
13 262 358
98 1336 689
1413 618 216
1240 158 1354
58 170 2375
840 1124 1276
1386 107 2158
22 810 488
354 1116 1382
524 1254 1623
529 85 1816
1069 1442 909
969 881 2299
592 821 2496
31 863 427
453 319 1847
1250 1116 2401
623 814 418
1377 1204 1152
108 41 2664
837 60 25
928 599 2196
724 20 1293
491 1224 1123
932 52 1326
550 212 1210
1104 111 2391
1049 641 994
1063 1312 274
1135 714 917
1325 1361 630
1446 1306 1100
482 674 2365
448 497 2218
856 377 2414
1349 635 2300
1366 563 1464
191 835 43
1100 682 1705
494 75 2892
1313 1374 465
854 1340 2313
1435 473 1747
1151 509 1283
714 910 2547
1370 15 2390
852 1262 1300
968 733 8
645 432 1425
349 451 1308
183 633 325
500 613 1309
427 258 1154
605 1197 1174
768 1426 1885
314 1298 461
831 966 976
675 959 615
1145 691 2192
478 249 1955
828 82 1852
665 1214 2389
386 458 1666
375 527 2585
1267 1093 476
1461 525 2632
34 742 391
1499 748 274
978 62 2391
716 251 923
1399 972 1344
798 33 1416
186 1237 1678
558 253 378
1267 117 2604
115 349 495
1254 49 610
873 141 2259
280 8 2977
1244 639 2052
1392 630 2447
810 48 2494
815 229 1066
553 992 942
425 923 967
1339 279 2462
760 1051 1259
1316 226 432
1444 141 2624
874 1395 2616
1226 886 1634
1008 1271 382
779 1347 1090
74 203 164
1259 1195 2555
35 147 549
596 283 874
755 593 1344
675 533 1575
364 486 435
1243 634 2257
199 1065 622
813 827 2917
913 931 2435
1404 1172 1288
110 1159 1063
557 896 2404
1407 577 723
909 1414 1112
887 50 2881
283 911 2892
417 650 54
1043 114 2269
125 763 645
401 645 2326
440 694 1160
45 339 812
1054 566 1677
880 780 260
368 1480 2999
1016 504 2002
463 1188 2536
1348 1069 2854
149 801 1707
1 598 1592
1154 799 2229
424 577 709
273 1255 319
114 727 2927
825 211 2947
1253 141 2165
128 411 2391
409 298 866
217 17 2971
591 364 646
158 1207 2937
1175 722 252
1011 1170 1671
387 1055 1404
925 1390 858
1330 1095 2957
812 154 1585
406 177 2843
377 494 1671
1379 1053 1820
631 1335 1555
816 292 1481
502 159 1364
153 1184 1261
386 749 596
1200 1385 761
72 388 447
995 1078 663
958 924 1253
600 1315 2944
129 898 1359
1118 677 755
923 834 2325
382 498 1387
1196 1293 2417
615 966 1666
1213 1049 1599
676 1240 890
886 1319 1167
1458 200 2933
1346 313 1824
712 581 756
1396 581 1000
1495 97 2353
705 1131 777
270 429 779
72 997 2392
350 629 370
885 841 625
1217 429 1296
1105 615 1305
704 570 411
185 911 840
266 880 1369
348 292 351
545 1370 326
689 242 191
1263 666 394
691 1445 102
776 646 2889
37 679 1910
1312 36 2458
1067 850 1571
925 1299 2288
378 487 2242
56 71 2401
1089 1311 814
218 1462 1996
1380 823 263
912 1349 1854
1494 511 2080
819 706 1146
780 1249 1220
1262 1328 1829
990 1090 2536
1411 448 1230
1217 11 1444
1451 1219 1677
205 1290 1484
323 796 2060
1145 888 1045
356 1262 878
1189 1134 2922
1051 963 2089
1483 470 2210
530 550 663
887 1300 719
398 1306 2643
1311 86 1400
263 1036 2833
367 1380 1086
1446 1393 2890
644 1060 1123
1457 611 2882
410 347 2880
32 724 1459
877 1340 803
573 613 1183
1463 1126 681
421 369 2829
907 884 513
435 841 2034
59 413 433
1045 1380 2568
238 1436 2339
1136 976 807
835 1440 2898
772 161 601
718 1443 584
1118 125 132
901 1303 146
446 803 869
87 496 1940
238 1139 659
1406 1347 2499
1475 969 112
733 1487 1602
328 841 1214
1367 702 281
265 692 1336
1383 996 184
55 818 1090
595 29 2702
753 438 1636
1304 1005 1208
1045 0 2620
99 261 2654
143 1089 221
988 948 2548
109 966 1783
771 1180 1804
101 1442 595
442 816 2022
165 1029 1791
1071 7 1875
354 887 1198
470 466 1292
583 1375 2055
871 1403 2288
1194 504 1019
716 1161 1497
1419 888 883
504 967 856
623 1120 931
911 668 2401
239 1204 648
373 1422 2072
949 1023 2291
741 1396 599
645 30 717
248 1361 780
1282 510 2184
1269 1072 1307
147 1014 2733
845 653 340
428 553 2419
744 699 218
1386 1394 545
486 697 2665
1481 549 2690
610 810 834
967 830 1664
1295 183 2874
1163 1246 2524
683 395 1513
1139 1147 2928
402 1343 1336
1453 919 2887
766 678 326
303 122 820
316 133 1910
70 605 2996
369 450 304
980 1437 1674
666 224 969
132 741 2674
455 1439 557
681 891 2497
1436 1278 607
229 138 967
611 778 2940
805 332 606
397 378 2683
1329 1440 1495
1015 436 1195
1201 741 219
1280 761 2767
915 1191 2109
1254 1401 2824
1457 958 1790
329 1157 2322
69 1287 2369
829 1057 1002
845 1057 2508
278 1440 2907
1082 1445 553
733 248 2791
1221 750 2336
569 1430 1776
195 771 750
38 362 1904
204 683 2612
372 159 1301
677 445 2681
466 1454 2428
1210 794 2975
1391 778 2374
1300 1394 1324
1098 1415 1135
1356 846 780
641 192 900
872 393 687
1024 1273 1941
987 311 1453
803 1289 979
247 470 2201
1412 566 2470
38 1399 591
457 47 1519
228 541 1876
305 1106 1968
549 1067 2658
314 847 2497
20 223 1805
81 1069 424
812 199 2462
9 641 1978
60 1089 732
110 77 44
368 1245 2208
536 167 1889
512 8 207
1444 1306 1408
491 165 1950
514 1292 243
682 1409 2541
780 1100 1100
793 254 1256
801 39 2240
1389 1376 2318
798 1146 1688
440 515 1639
1423 580 990
1096 1236 1565
1101 1133 1087
834 1146 200
738 220 1777
1379 547 630
739 101 2940
756 507 426
1127 424 2100
70 1007 1431
254 1331 2754
71 1348 1608
247 194 2593
1315 110 817
220 273 2232
1182 1104 1061
1100 253 164
939 1414 200
730 732 847
1084 1035 2291
612 1045 1099
696 1308 1460
424 1113 1359
898 243 2937
277 1079 2965
711 55 1601
919 482 2401
52 595 852
355 362 1962
1417 1034 469
1167 484 1261
1322 187 2760
928 321 2333
1485 488 323
1065 399 364
954 320 479
879 1117 622
1319 287 2377
520 945 797
1454 919 246
1211 382 489
740 678 348
1110 245 1983
1389 64 761
419 223 1832
1076 156 1202
515 802 843
625 891 2800
277 110 1788
1335 1231 1423
124 836 1366
684 488 296
811 1102 2623
322 442 1940
484 455 1324
441 1051 2386
16 1250 639
335 1127 1119
1186 341 879
649 311 1116
869 460 657
1375 718 2621
1421 1214 1615
452 1059 1394
164 1116 726
841 806 1343
1406 324 2890
1340 925 56
1180 421 1027
1247 1204 369
1496 1276 490
614 795 2183
761 37 2030
970 191 1282
227 1272 2524
495 213 175
1433 1342 370
27 1322 281
858 523 2069
431 190 1658
1486 768 2626
1390 721 965
1484 164 2801
1492 1380 1902
832 83 1836
759 381 618
1265 260 1095
1439 991 1083
914 22 1699
559 76 1917
1123 310 1188
704 1319 584
1206 941 2979
430 154 62
1029 1286 984
850 298 2349
280 1379 1656
1387 882 592
1326 945 1545
555 78 1426
1068 1431 195
951 510 2385
1092 936 62
1097 1370 1351
399 44 1202
614 860 1084
137 842 158
910 345 1167
944 106 417
1114 528 2083
459 505 294
325 584 1002
953 729 2921
622 1021 2661
80 234 802
977 192 1900
1228 428 410
336 1385 2773
1464 1281 1158
1157 193 469
469 1383 1768
511 519 2418
1408 1235 1511
1472 1452 2716
1303 1487 165
1328 263 1410
466 1108 2812
1488 1123 2036
1118 898 1314
802 107 1991
680 1308 2638
124 1091 356
904 401 752
583 239 1035
1046 1271 795
505 918 2334
1364 1466 1242
1221 1420 1953
535 417 2880
822 612 2382
670 202 2212
296 1221 2240
1461 279 1182
531 117 694
798 596 1392
304 154 2499
1421 263 414
622 223 804
1289 1021 861
811 660 2900
196 503 2328
769 519 111
1418 630 883
1171 886 1993
1343 1206 1414
1371 1056 607
1100 375 1125
453 468 2350
281 1332 1821
458 324 2540
552 804 2273
1009 536 2330
532 981 497
602 271 1117
1488 852 49
1413 628 2737
118 666 2081
736 1469 1932
379 295 2238
410 815 2719
1147 559 385
758 1040 1094
973 691 1340
6 65 415
48 1260 1616
330 1398 2323
411 139 1714
737 491 1722
717 1268 1830
649 1018 29
976 362 850
19 963 615
303 690 292
607 1019 931
299 1406 1343
1265 1256 2859
865 1468 2457
756 664 1488
515 112 1004
564 497 891
205 641 1769
1029 272 1449
686 1492 429
798 703 450
542 862 840
1417 516 1915
1064 1229 2000
1064 865 757
310 1179 2327
603 239 2478
211 778 1860
422 1073 1898
1014 1449 2658
1229 1189 2864
271 571 2047
301 456 99
1309 1274 2291
770 1407 279
757 990 1786
1257 471 2785
410 886 2312
1236 917 1492
226 752 1049
1174 186 316
682 1201 1280
1146 463 280
921 1456 1837
1074 1358 2748
1361 957 124
88 954 290
224 1060 1128
924 748 2382
162 824 1503
837 963 1946
238 486 2571
1110 102 494
491 618 2585
271 1004 944
1268 528 2687
179 521 1129
946 1463 1432
1481 1365 174
978 1405 207
1103 727 1262
1466 1069 2359
868 1268 2299
407 192 1082
1317 103 2358
650 231 2995
136 1163 630
1344 449 2840
1030 62 1238
1210 136 772
494 312 1548
1179 1272 1221
125 1235 762
47 77 1362
296 220 1163
830 162 1156
555 1290 2588
161 902 1575
426 575 34
859 1259 550
1245 378 2285
1000 1115 2725
1132 1229 571
372 873 16
740 1407 1848
1125 771 2911
281 729 851
1126 42 1640
331 1257 1749
1406 423 1490
1128 402 2810
350 358 2665
627 708 501
1107 726 98
326 425 1208
81 498 2491
604 1383 574
1416 36 599
1237 936 2536
780 1308 647
998 1457 2089
921 444 179
1054 342 2197
83 1418 1616
82 1271 1400
729 1097 2393
167 903 1364
0 1401 1460
821 370 1763
1266 22 419
500 1249 2724
1401 1310 1148
441 1257 41
289 1440 850
218 1037 512
1172 126 230
179 52 900
963 1306 2739
121 853 1416
606 1216 2431
743 859 203
1305 1225 335
176 1462 1473
254 603 474
539 811 2932
849 761 2384
847 1266 627
885 753 1119
1390 202 1900
551 1339 551
996 836 204
1271 722 279
1028 762 24
748 1363 2818
1456 687 1261
1084 796 1521
372 630 536
110 1015 1221
344 1216 538
584 1215 1604
1048 1325 2248
194 1118 1283
631 958 545
394 331 2573
691 791 2585
896 98 1620
485 95 1498
207 440 1031
345 857 636
414 692 545
1073 1113 2952
418 967 693
1007 192 2459
1402 903 1125
130 210 1393
327 279 2045
665 1288 1853
564 473 2419
611 231 1863
873 694 1018
1453 464 1791
877 402 816
28 90 1835
476 1244 2369
505 448 639
1093 217 2842
1199 1452 1267
1234 54 1500
1176 322 1548
171 663 2193
546 262 495
188 91 2413
115 1069 1937
994 300 2819
183 693 2932
417 706 1063
180 376 1880
119 123 2864
227 81 1845
445 621 2908
473 197 2831
44 674 91
115 1281 904
1329 1391 327
413 1025 477
1499 514 1125
43 976 1381
904 984 865
137 589 978
1342 191 3
1362 348 2064
604 579 1774
671 228 18
973 239 672
206 1168 1125
741 403 1450
239 466 901
1424 747 1742
82 385 2355
118 401 1227
439 1325 2062
384 577 1774
1290 1005 2658
48 1132 1588
959 1233 2057
129 1075 1472
1047 1319 1952
979 920 2776
671 1224 2893
1034 19 1232
32 590 1565
765 158 1987
1074 1200 818
171 881 1109
1020 941 1291
920 454 2108
688 145 2618
93 1433 1607
809 1493 577
41 725 2016
597 15 998
1062 348 171
1064 226 1862
1286 50 2113
820 1126 2184
1192 1226 1664
425 226 2812
1200 1167 525
1078 228 2271
885 995 2140
251 872 2894
139 841 361
224 707 408
301 200 1005
1163 579 2874
394 95 1977
64 753 492
1298 430 1859
1471 491 1428
1105 190 2917
445 1322 1163
1475 1466 1004
765 887 991
1321 789 1188
69 1153 1112
650 114 1363
1445 721 1554
291 640 1746
1490 1230 2540
501 691 2660
149 1323 287
501 70 1313
776 1488 1045
95 524 2978
1095 431 391
202 769 276
1467 730 1383
435 1362 453
506 865 756
230 532 563
586 247 2318
849 1438 1517
849 629 847
1345 1367 1872
1487 1056 349
707 804 2482
1114 634 45
719 1496 1690
600 427 1859
1162 709 2524
621 66 1461
1450 1177 1250
294 257 281
965 799 649
298 1375 1054
1111 372 1987
748 1259 484
123 493 2762
4 1254 878
1227 139 2599
56 491 2779
876 901 83
1255 517 1733
276 48 513
906 380 2584
800 865 2594
279 729 726
1072 795 866
1375 208 1665
1147 576 1291
613 108 2446
1009 918 1144
1172 1475 1230
1107 70 2795
816 392 448
715 1423 1544
559 295 548
295 1416 882
412 1485 2445
1208 49 2110
182 201 2008
1037 643 284
250 329 2331
952 1361 2638
823 548 2634
795 767 216
532 1461 611
1359 331 81
1462 50 936
1338 585 1552
1190 690 1342
535 1258 1561
1288 872 204
569 606 1373
122 427 597
245 1026 2182
1433 23 466
1060 109 2425
359 351 2959
724 893 1711
574 68 767
578 889 592
198 560 334
1491 452 1105
62 878 276
1029 878 2018
900 768 2305
1455 1017 2906
525 94 2953
1070 417 1081
1349 158 1802
574 1024 2314
1199 1173 1077
311 349 1681
736 1312 1786
62 587 2547
638 1240 2216
173 1411 167
1282 1330 2594
198 437 2138
162 502 807
726 345 1434
250 812 1747
1353 3 278
1036 1344 872
259 839 1135
930 915 1226
202 205 2247
967 659 568
172 208 2280
318 1260 495
821 38 2009
845 1451 595
1010 1449 2661
200 439 2768
662 900 2951
252 743 714
1459 648 2959
767 1432 2427
1219 778 1347
767 907 1508
1421 637 455
221 674 1192
296 379 914
1047 886 2235
1125 1468 2873
1171 1356 1393
1453 421 823
391 626 2355
371 1047 2465
1362 1310 1847
1202 426 2756
1439 380 660
1424 751 1371
260 1238 2393
655 515 652
925 664 448
581 1252 1347
239 1313 1791
991 701 109
32 1021 406
623 38 2737
937 490 1388
288 663 863
778 379 274
838 198 1686
36 943 2695
183 948 1479
380 733 170
667 1442 255
285 202 1625
310 320 2886
209 522 370
1340 1003 956
1391 949 1072
1294 976 1880
1209 1473 2357
1293 1259 1714
804 421 1525
1120 775 259
274 735 2775
1427 1299 996
1151 1049 2152
592 795 1379
635 421 2806
1055 1102 2496
430 862 1301
905 276 2432
389 153 1302
1345 936 529
1025 355 2588
714 492 2280
160 94 2005
302 1225 2712
270 670 422
1436 781 274
616 425 2681
484 180 1276
483 1215 1023
436 1307 1601
1012 545 350
1271 968 781
1466 1318 1980
1078 1361 1024
1480 633 1705
1432 386 991
927 18 105
1268 800 1095
994 249 1289
839 265 2829
568 106 1347
1090 205 2908
249 796 2600
879 518 2578
323 964 2173
464 81 1352
1402 564 502
1320 902 2513
945 1351 171
1261 534 1882
1242 374 506
383 402 2133
1361 1155 2959
624 772 460
1179 1459 2274
1119 942 879
965 12 1202
709 373 2724
60 1336 1914
130 1059 2718
1155 260 1155
1374 1480 1769
928 728 1725
738 958 239
1272 898 2744
437 1172 2379
673 946 30
822 1271 1779
931 882 2825
1299 1309 1170
624 542 1004
799 433 2329
270 113 1104
617 800 2119
1485 960 2578
1367 450 2684
9 937 2755
1051 145 845
825 307 372
1231 1433 2583
612 693 410
611 1427 1725
136 1170 2808
830 549 2930
705 653 1473
282 829 2429
354 1236 2192
434 1226 2855
744 58 1913
1110 518 141
225 1255 1408
302 283 154
36 545 1371
1423 610 2716
908 288 2589
1093 705 2953
589 1438 617
1126 268 17
59 656 2002
1015 217 894
151 368 1694
1104 312 1029
1008 1132 2353
373 858 2597
661 1477 436
1483 614 1020
1479 1013 2306
1374 151 2987
360 173 1494
454 1062 1029
1153 258 2947
891 0 956
542 1106 2329
288 764 2666
198 620 273
722 1313 1242
1419 140 698
934 533 1443
396 909 1040
546 255 2113
792 986 274
78 1295 2352
748 1047 1481
1205 161 1758
962 481 2826
562 1176 179
924 113 2588
966 978 1413
53 205 2027
1159 1084 783
1309 1066 796
438 1074 558
753 1320 332
257 1481 988
141 487 2361
832 1373 2068
61 1241 2418
966 694 2541
1117 879 2887
1479 932 462
1227 458 1321
183 1167 999
433 824 524
1022 1462 2818
705 1096 1083
94 1280 509
1362 217 2262
1498 1409 2869
907 1364 195
1115 241 596
1392 1483 1082
561 851 145
1155 1428 839
913 287 1471
237 740 1361
498 1192 2648
550 1176 773
270 640 753
1437 94 2628
537 211 577
1393 1373 2951
1088 1102 2269
1085 815 1612
573 379 1181
872 510 1586
29 818 911
440 630 1413
258 62 2222
1212 1487 2742
430 470 262
1062 653 1510
816 1334 2594
686 1419 842
497 1003 2289
1135 866 236
1304 1487 989
71 629 1961
1369 796 236
112 40 423
914 467 1270
952 460 2932
397 394 2767
899 392 2898
659 1248 918
553 322 2346
710 311 2014
14 463 2360
405 453 612
1214 906 307
906 565 94
897 1137 1676
1338 272 1622
408 1345 72
550 1142 2754
1287 157 155
235 729 1444
1042 1470 2509
1014 763 106
1122 615 794
1440 150 2318
573 344 345
5 1246 588
666 853 791
1220 478 349
263 1083 1383
1337 936 2633
61 991 1349
1012 787 2192
1150 535 1302
793 125 2388
1012 1001 656
597 218 1907
1468 733 2471
947 679 2892
1004 1036 402
630 549 577
275 1440 2952
745 780 268
18 626 1394
22 1359 2289
78 643 857
943 7 2117
170 1322 2582
1382 61 2223
997 903 2828
476 442 1274
651 727 1864
448 1470 2609
1348 28 2875
1270 302 654
317 1272 78
588 1477 2517
584 1313 30
1019 876 2574
465 254 695
306 1124 1718
255 200 249
687 916 172
1305 326 1068
111 823 2589
94 1449 2360
266 701 753
175 998 2524
548 68 1635
1209 78 2796
1363 1255 87
668 7 2937
122 454 1184
808 550 603
1400 798 2484
1223 1061 2513
814 547 1909
767 915 2574
1100 1441 2410
248 327 127
246 176 2521
725 211 1873
1156 994 310
527 1010 1673
758 685 1945
450 62 2526
227 529 1196
25 976 1407
113 974 1285
539 124 136
1191 1368 1176
164 1477 2887
1031 725 2540
1150 962 2717
191 1247 1922
797 1175 948
1194 103 2618
1419 329 576
1133 821 1363
574 218 297
1087 771 277
1269 1245 2403
1328 206 806
428 143 2407
1014 821 971
746 196 2176
732 1339 1204
609 65 1448
601 1470 999
439 742 2095
865 867 1316
1387 1441 735
1141 32 2224
192 1382 901
276 1190 2003
1450 485 2992
19 1069 1975
203 84 780
54 1032 864
28 184 1658
855 455 2861
1257 83 2861
1353 908 2627
823 246 2421
752 1174 121
182 926 299
608 212 419
1428 1469 856
428 448 1108
736 1037 2837
42 795 2715
850 1483 1338
163 137 122
275 767 749
290 606 989
121 1165 70
1438 1201 657
637 1315 2373
387 1459 2895
1102 712 2662
378 395 1722
1251 10 104
1142 584 138
1385 492 2413
5 1497 1341
452 1490 1698
1366 177 2741
252 1023 2055
1199 1320 2713
1046 195 2744
321 590 494
87 503 1793
686 113 145
695 1472 2659
14 825 698
1400 40 1942
1393 965 426
297 1463 371
389 1424 759
329 56 2057
619 311 2504
315 168 1576
308 1174 1994
1177 331 980
462 464 557
1168 1376 1358
734 219 2113
1040 873 833
1415 671 853
663 778 1753
40 51 1872
30 1418 1596
568 237 2609
1131 498 2335
475 1410 2915
963 259 406
127 747 2559
1275 1423 432
1137 802 736
489 746 2050
310 100 1675
1281 298 1248
27 1145 1800
200 855 1646
1352 1082 215
656 642 951
940 228 1787
1323 1240 217
13 515 2667
503 469 2416
97 481 857
312 649 817
522 273 794
121 46 1942
150 1498 2037
419 1359 1191
1284 30 121
188 495 974
662 750 2344
846 709 1408
272 556 2292
1033 535 1102
1391 869 1084
1450 1357 1560
614 446 1084
736 637 2359
289 1023 1529
86 384 1567
1281 693 2863
1139 263 2515
375 799 1502
111 497 1768
1206 569 868
665 1477 564
1339 626 228
189 1105 1310
430 1016 2146
1 603 1814
24 437 365
1053 469 2919
167 233 1964
512 1495 304
1213 564 1958
300 1459 1910
163 868 1440
353 956 2013
994 1086 145
16 37 2636
1394 367 1693
882 7 1407
538 377 1459
678 651 1831
1089 1044 2222
99 961 1438
499 783 2067
970 957 1355
105 1198 2288
1278 93 528
525 894 2903
679 110 2097
730 871 1811
1131 1259 144
44 392 2321
41 393 2541
449 1461 910
939 1360 1191
1499 904 2691
879 504 652
852 649 198
1300 521 2767
222 508 2209
1301 1294 1791
760 785 1170
1360 223 97
970 327 1972
944 1362 2508
782 930 2079
210 357 2403
57 826 2531
1498 819 1363
236 20 2870
903 126 2548
322 884 1091
480 1372 2724
65 1078 1101
218 359 870
1484 1054 1665
734 126 2817
278 789 263
851 1193 1975
1084 218 2920
908 1480 1027
1413 988 1810
763 879 1549
316 1343 259
791 596 551
1044 995 698
360 856 160
1336 432 906
512 43 408
560 646 619
1358 1106 350
166 1225 1358
838 1315 1189
508 761 1396
936 705 1055
1494 1253 2082
711 6 2760
1161 1490 217
804 422 2707
719 1049 353
949 86 2226
1335 796 2795
1307 1364 1737
1140 595 733
642 1478 105
1344 528 2463
426 1090 1902
791 511 616
815 1013 2105
1181 813 2617
692 961 2139
780 88 403
946 653 433
786 1476 2756
269 515 739
1234 497 1596
1465 1172 2961
608 1323 793
1380 607 1264
1323 699 1223
1339 439 1943
741 377 193
1240 169 1104
653 1304 2058
713 1430 930
1373 516 376
1022 85 862
827 330 2945
1397 1491 2576
783 862 2614
1357 578 1619
43 1165 484
666 1306 17
908 456 372
381 1211 1060
591 724 2895
1026 868 412
1096 779 362
273 1104 1559
1077 7 1661
685 761 583
1231 1089 686
676 1265 1341
1160 1068 292
1342 543 1548
935 604 1640
943 630 1692
199 358 330
1133 1362 2772
1081 576 700
1116 436 1809
363 1390 1222
226 641 1382
185 970 1573
509 1267 697
325 863 1060
761 76 906
1195 392 1024
1143 665 1774
1317 80 448
64 393 1722
1398 384 534
1366 1314 2885
951 193 2407
569 166 2438
611 1411 2190
402 1010 1527
546 1406 718
782 341 1235
232 1045 2445
1478 1015 1516
471 3 2310
293 1159 1614
729 290 1082
810 1360 1077
139 27 772
1368 1198 1996
1140 865 128
340 768 1595
1175 212 824
697 1183 1646
415 174 2521
1287 548 708
708 1176 964
630 1256 2452
853 218 2299
959 1478 2361
197 1460 2588
186 262 405
455 938 2572
866 600 2362
706 970 296
367 703 1872
422 19 2523
168 467 769
1285 84 108
794 303 2003
1142 566 1280
1429 49 1975
930 1462 614
744 1026 2207
1359 705 173
640 1297 2455
76 467 1777
5 292 2030
945 1407 2500
896 29 2068
600 1416 2056
1081 454 2273
548 845 2278
208 924 155
323 109 115
378 1049 1549
344 438 567
60 1080 572
207 62 1945
441 217 952
1019 598 1028
714 1134 903
1459 895 2588
1239 913 258
395 831 2103
989 1422 2056
526 157 848
1008 1304 713
750 607 1340
1484 968 530
329 1390 1079
362 723 576
473 845 200
26 1005 1552
929 288 2980
1346 425 1429
1108 1092 1139
390 76 2612
100 587 2831
525 1244 263
342 912 2390
1103 1358 1371
609 751 1081
427 303 1448
88 175 2135
781 1476 1347
547 279 2614
922 330 2307
1378 406 1301
838 879 67
790 58 2217
650 982 577
822 830 1315
1232 393 2078
1270 693 609
554 1121 2116
1248 1237 89
546 1008 457
653 765 1630
1327 513 2624
799 43 1547
1425 915 1904
979 1264 889
425 906 1786
1273 379 327
558 275 13
1174 1074 400
1289 74 316
1185 548 2591
793 94 1194
1121 224 768
717 1142 2133
1165 752 2250
111 1304 2742
949 535 532
24 734 1790
752 683 1246
302 1445 760
991 883 1705
811 120 1808
151 159 623
1376 1179 2812
361 296 1675
135 951 2192
872 327 2436
1230 427 1815
869 522 996
508 1285 2187
507 724 2938
635 708 2610
1071 989 1117
264 732 255
637 909 2849
55 810 1115
1385 61 2696
55 891 1229
1445 1342 1419
773 804 455
144 568 1504
781 278 1673
509 1098 670
1382 752 2928
142 122 505
968 789 1718
1176 1270 121
851 1185 1022
1123 1296 1603
727 926 1161
1372 324 2206
542 133 1023
1242 560 115
92 581 723
891 589 2367
139 209 2712
886 1215 2575
349 1434 1223
969 865 1284
787 1262 284
276 940 611
1001 562 2989
1118 1104 2386
379 630 1919
919 65 1651
36 1034 1768
855 1292 781
495 41 2929
683 331 943
1316 621 155
809 149 570
233 67 1207
1050 951 1482
1182 1410 2077
1116 1499 1948
354 1211 2988
1192 1202 563
328 166 1305
313 244 1169
1260 635 2044
476 136 1296
1232 126 2814
737 256 630
1367 1231 2577
593 175 521
1047 1277 2308
1259 918 756
1122 549 1385
560 414 1492
1418 1039 183
53 35 149
1085 93 735
647 56 2470
206 1392 630
582 1305 842
168 432 756
1418 1004 1761
170 410 1870
866 1354 850
1250 413 2570
472 1171 2377
1140 743 615
803 718 550
883 1079 2281
481 1042 1240
728 1062 772
364 1240 1575
606 369 1948
210 1174 954
731 1448 1986
860 633 692
1434 278 2657
1442 951 2217
1222 1369 1771
1438 1090 1039
259 192 2075
1250 29 1837
549 344 2635
526 779 574
779 1113 806
1126 651 308
153 188 2115
386 527 2844
1045 399 2255
913 209 867
1020 554 1337
91 755 2897
13 1446 2732
1171 823 2970
139 723 942
1383 933 2837
181 911 2339
730 706 2504
1272 1001 2638
587 598 995
1102 1492 2500
307 266 944
1279 717 2151
1129 308 1425
1 740 896
1223 977 1056
1062 1441 175
646 412 999
900 378 650
318 1334 193
293 249 1190
562 288 104
890 129 2001
254 1227 2718
797 776 1063
673 115 1609
1307 7 2594
150 67 1438
1256 307 1450
405 687 1163
117 1378 932
206 1469 2763
843 1425 1794
176 217 733
1011 852 1171
847 1440 1325
1260 8 933
1360 1116 1845
405 724 464
8 526 408
961 1413 95
576 523 2969
228 952 2276
364 1482 2702
23 908 2721
725 239 1443
312 337 462
99 1120 1562
112 624 1198
684 434 1267
993 438 1949
206 148 667
126 1385 2911
664 1233 936
813 366 628
1156 10 1934
1292 213 1821
1298 1299 418
932 504 1103
154 1076 1224
1124 1010 2654
165 371 1131
1026 1103 1952
191 52 2435
1286 275 902
934 312 54
1287 267 1531
341 311 660
1061 570 300
988 317 608
1254 1023 2353
414 134 1130
576 962 1021
423 245 2772
1396 711 1376
1427 1226 2557
516 1328 1457
884 621 1748
800 218 700
76 871 810
1398 1423 1555
184 1016 2526
807 1491 185
349 244 1819
1432 931 1383
174 24 6
961 403 1363
157 1212 2400
547 914 2298
1117 504 893
1443 1071 2384
842 444 377
494 1055 2907
608 736 1426
749 380 2009
1409 425 2219
1469 1118 358
1245 351 773
1005 869 1717
633 754 1766
1436 1084 110
1218 478 1238
1184 1322 2219
342 882 112
146 247 353
972 1220 1159
421 1185 386
1178 1371 1937
915 66 955
689 1246 1341
651 189 856
398 432 1618
1075 994 2192
1477 16 2391
1376 1426 2358
1178 536 1841
467 1248 2949
947 1162 1272
1406 199 1820
834 405 2682
1209 1292 1993
142 1029 1004
264 1466 1446
487 1238 2635
515 1381 2518
76 859 1374
100 294 856
792 102 227
1371 118 1873
1070 1328 1044
532 697 1616
1174 427 2128
978 1415 794
66 1129 406
6 1462 289
807 1168 818
1365 740 1059
684 606 2234
101 1461 762
511 674 2946
1491 1379 1324
366 1464 1194
1252 1130 1987
585 1099 2876
445 669 959
1008 432 1801
607 534 1330
1193 838 2566
1399 801 1071
680 1082 1681
287 1417 972
1198 1022 126
451 726 798
1306 893 436
292 58 1404
88 66 596
1216 972 2428
67 476 264
288 141 2449
72 434 1783
138 895 997
482 708 2293
204 1310 242
1069 1113 1974
441 1399 456
187 904 409
169 461 1639
1149 901 561
1065 1217 133
1133 1024 2740
281 580 1521
361 671 511
31 504 1383
137 255 1962
63 274 926
841 335 2335
1308 405 44
1124 825 1673
950 432 4
1301 901 733
422 506 1016
627 1237 589
443 913 2459
628 305 568
1019 1047 2845
806 295 6
599 1172 94
659 1401 1615
328 123 2495
1255 159 2261
697 124 1552
734 327 619
1280 948 2712
219 306 1663
1021 1087 2377
471 966 2155
443 1339 1558
7 526 2115
1253 4 1932
54 126 1771
181 750 205
1407 315 1633
775 1384 1619
1405 988 1747
1470 342 1223
505 23 2404
124 1224 1244
1207 1237 1318
189 1365 1799
779 396 2293
873 360 1922
1029 935 371
1379 964 1781
331 622 1256
1179 1062 1480
1026 336 327
50 591 2673
1055 1460 2926
383 844 1476
171 667 966
548 147 1764
822 274 1437
1205 672 1312
709 149 2880
1201 1214 1199
182 578 2930
747 1413 2909
1492 1126 1265
1158 405 1989
654 43 2253
338 776 1530
1266 799 941
1214 581 2740
556 583 1840
1210 832 371
1232 947 2982
662 1246 1922
963 1361 1868
841 1021 1262
456 509 313
621 1135 1335
417 974 2359
45 1252 1745
1301 873 1435
679 608 1634
1170 639 1617
837 49 1653
1036 1380 720
1176 317 1503
41 468 209
1430 1088 979
1107 1321 1644
1244 783 1878
813 257 1334
188 196 1676
477 1048 31
511 860 2111
579 828 731
260 820 1614
1238 993 1618
217 1362 2904
15 481 2657
571 1403 2379
437 1465 2501
1028 115 263
1105 13 2876
431 350 416
1382 468 445
114 1385 592
510 1385 1732
598 889 297
1377 1462 1728
291 882 353
758 56 1450
548 11 2185
477 544 465
1365 111 1687
66 69 1772
563 659 1627
1296 128 2785
253 684 1632
1101 308 2298
46 1018 985
290 1363 1984
1235 399 1883
1384 912 2748
1152 1446 1688
698 802 2051
274 685 696
1220 59 2402
1282 991 1944
723 61 2060
637 1307 782
84 1448 2419
1258 143 2652
269 995 2967
594 1332 2599
491 1415 1134
1486 1093 1507
1039 1226 462
632 690 2814
749 1218 997
1326 517 521
74 1470 2164
230 674 2854
217 1215 2466
197 1302 1334
481 1438 193
1143 313 1106
1055 773 2317
196 70 2295
21 572 708
339 145 2573
309 1470 2408
179 247 616
1056 458 2194
520 1492 2242
56 986 1939
926 813 2976
413 194 868
696 1076 2971
667 901 1746
235 573 1381
605 365 2834
999 501 338
787 6 786
784 1489 1151
551 444 2466
648 667 27
1049 478 984
95 135 2768
161 1199 1645
1043 520 680
881 440 1270
1129 1207 79
447 1419 898
1313 1421 1506
455 1055 2215
1438 1412 907
861 918 65
1353 191 2683
308 674 2115
447 610 2888
395 130 1593
713 859 1767
1032 1277 419
696 1077 2510
295 478 2922
364 558 2896
298 734 2167
1334 848 1112
627 334 1895
568 479 1214
576 308 918
85 898 2980
1348 640 1886
510 552 1845
499 1422 537
1280 102 1635
50 41 1708
771 1263 2605
728 699 1817
520 1411 2177
234 306 157
267 745 2220
857 530 2612
1447 1022 2770
770 211 1345
566 823 2314
37 1226 14
1238 408 940
261 859 2791
883 901 830
957 1076 1381
1299 268 2178
305 1031 1388
534 388 1433
45 1389 181
972 764 1704
1452 1133 65
1332 230 1709
366 149 1711
941 740 2028
1283 150 2768
1430 291 631
3 366 717
438 700 1521
828 644 857
1495 1381 1458
556 679 1168
168 1179 1329
1112 714 2472
1281 1091 2760
1380 528 2109
265 975 32
170 1482 846
122 1145 1161
1116 972 2205
94 313 965
721 521 777
1134 1211 1348
575 680 77
193 547 1308
610 622 1575
1225 1068 244
256 321 2811
593 361 2243
33 107 857
598 406 185
186 1200 1659
987 1381 1538
1397 597 224
1085 368 2775
680 31 1971
906 844 2994
629 1207 2607
1234 737 96
1297 1166 944
785 287 494
482 353 2663
1475 259 2911
804 479 930
1273 582 2098
1403 245 2845
187 431 2840
777 853 2497
483 1406 95
904 1267 2251
1288 732 1146
664 606 2108
492 396 2903
647 1239 327
862 382 151
312 1455 968
687 841 1550
704 1075 483
457 1161 2611
938 585 122
1350 1351 563
799 270 106
498 450 1026
1389 46 1789
1088 524 622
273 642 864
594 127 1386
1014 738 1228
1066 734 603
1080 1273 2376
1351 895 1149
25 681 354
1402 1130 155
1464 741 1347
1409 1167 2171
1264 931 2010
1034 1061 2071
1196 1037 2978
1279 541 2283
189 959 2247
1337 1460 1524
567 1479 2352
1128 1180 1461
1197 229 1234
1183 15 2827
1277 833 1305
817 233 631
376 291 2245
739 994 1363
1299 89 1480
275 1467 926
262 755 1703
1049 1311 307
786 1051 1464
1065 1230 2597
757 798 2778
534 167 2638
1443 934 1526
12 1158 1373
971 1131 250
373 1171 1190
895 282 2545
240 941 1864
1461 1047 2960
1185 425 2571
914 1299 1516
878 111 463
612 1268 723
902 1153 2345
420 975 2696
841 232 657
1429 903 94
584 960 2495
554 1358 1173
331 667 2223
575 1178 1206
1376 995 2688
972 586 2717
1335 383 2486
518 673 2845
1251 180 2037
1451 377 1005
531 786 693
519 1475 623
390 1378 48
192 1066 50
335 341 2061
1397 1163 1991
163 1440 526
744 1141 736
1457 813 845
1305 1309 2800
772 1314 106
603 1453 2049
550 1437 774
521 1423 2286
73 257 1446
1101 1365 2833
509 83 2939
544 1045 2524
236 1367 550
90 1368 713
964 1189 165
1427 363 1543
121 797 771
1341 1256 1668
867 732 442
1022 551 1222
123 314 2582
561 1298 2757
641 1080 1343
712 1345 2515
789 40 999
1258 1135 2811
131 317 984
1027 1214 1085
1168 1082 2058
555 469 2308
555 165 923
500 388 1378
830 1369 125
690 222 1632
1487 1327 1319
400 248 1909
1333 1462 736
612 1104 781
1088 1301 1516
166 1389 452
1018 898 2370
445 775 2159
21 808 995
1441 1423 596
146 1292 68
1456 780 2085
1136 1356 1152
687 883 1400
906 781 1801
1491 1324 2600
838 645 1761
1463 837 795
1243 706 2945
961 121 1358
1475 1254 1579
774 1246 2291
942 730 276
1397 1219 2496
1432 1007 1846
347 1278 2723
501 1272 2385
18 502 715
368 753 1542
365 159 1829
1074 760 63
819 770 1415
804 745 1819
871 527 2070
803 1345 2098
1473 1455 2639
1166 580 1416
352 1 611
743 778 2697
931 538 13
654 1167 2194
796 331 1960
779 405 2420
1440 351 134
1159 1167 1171
963 130 2712
10 1170 1427
620 257 624
621 388 2730
106 45 760
543 1025 1516
171 936 1719
1173 326 2803
106 169 650
844 886 2369
349 1060 2578
975 999 920
909 234 1383
1355 307 1241
1283 476 228
434 896 803
91 494 1591
1241 544 2814
1198 11 310
1462 661 2465
434 214 597
1422 639 3000
601 1265 1227
693 598 1120
320 191 2906
1214 784 2391
1343 1244 2144
808 853 625
1498 1284 21
314 903 2001
617 1294 1721
166 575 466
867 452 2716
140 48 1214
624 1075 1128
345 398 2311
51 96 1147
708 256 2199
1354 822 90
38 545 1452
540 485 1344
1171 1034 1986
698 189 2072
890 254 2292
449 679 1624
53 124 2160
1494 924 1654
829 806 1938
947 942 2359
1070 1168 2561
1436 566 1762
916 1054 2475
60 968 2595
1098 665 2352
1034 147 2025
732 1068 481
1006 1356 1414
923 1333 2600
1109 945 376
602 809 672
435 172 1060
634 366 2873
1425 497 2408
806 1315 298
894 902 487
960 1120 2872
1130 676 2149
774 461 714
87 1495 2229
610 431 2350
228 1255 129
1151 310 2265
639 573 2936
385 1356 1255
435 392 1910
181 766 2442
495 738 2462
1027 650 2067
1407 534 2736
994 1210 2401
230 1270 2565
762 1161 2023
1374 1324 446
1460 654 605
1141 1276 529
801 800 1348
1219 565 1184
1383 907 1649
588 1083 1306
757 1455 42
777 486 1163
513 397 1650
1002 27 2621
1315 1128 386
519 1465 179
110 21 1315
705 1282 436
160 1168 2055
342 374 2359
713 990 2244
106 303 404
185 606 333
68 304 840
754 927 2033
782 164 2942
187 120 927
760 593 1175
422 486 544
1001 125 564
918 481 1782
1469 392 254
478 435 1479
1071 179 1568
1466 1074 2918
1066 1444 2516
945 750 2133
663 1474 2399
1209 1135 2551
380 287 1029
462 1110 1523
469 1343 2342
1393 597 630
344 813 1100
456 589 511
439 199 1541
15 983 420
558 1109 308
33 392 2287
828 812 299
339 687 1700
429 1191 170
638 1007 1067
1041 1012 641
619 734 1792
899 1386 1174
1031 1484 426
1061 1296 2603
463 567 7
1222 748 378
1314 206 1157
347 864 2395
596 484 2139
285 522 1116
151 371 2036
930 348 2815
99 922 2205
1401 558 2679
17 194 2517
882 632 2077
208 1204 516
556 364 1646
1244 1145 2610
0 1435 238
471 1451 818
549 952 2592
199 1191 228
332 877 388
1072 366 2778
1254 395 2610
652 289 2693
863 447 2574
30 177 1187
1218 292 2209
1282 902 2885
