1800
905 936 2034
1169 596 2324
776 98 2647
115 631 2583
985 772 315
521 493 1884
1560 291 1791
380 316 3010
775 1347 2248
940 1169 2573
1331 36 1438
1471 83 2222
1237 68 3563
17 672 2065
593 842 2827
1657 729 2518
1503 1135 1949
119 325 1813
1076 187 364
1219 858 1237
96 665 190
1401 1381 2833
936 1533 3074
469 1147 1155
554 1735 1456
1719 570 1709
1122 112 3028
374 663 896
655 493 38
806 169 2491
424 297 2869
339 368 1648
1371 1633 2790
840 725 309
692 663 2187
231 797 2753
817 1173 900
1303 79 2473
1215 462 1424
557 572 2129
684 1497 3237
865 900 2146
364 848 423
235 87 948
810 1527 3251
1774 1238 575
1056 1256 2502
1028 601 1496
632 1204 1074
1229 1670 1840
1491 1747 2324
532 1594 1605
1307 1298 3416
1308 1414 3068
218 1725 1097
564 1418 2558
1264 2 2916
1192 285 2358
521 231 2503
30 1016 1166
613 1607 3419
466 1479 1683
578 679 522
816 1411 2025
1162 157 275
329 823 552
205 819 648
1292 687 1984
1044 440 897
811 317 1761
542 988 1199
1413 577 1741
738 1690 2614
1705 1127 890
614 14 198
1066 107 64
1068 56 594
355 294 814
55 106 3427
330 1436 2649
540 315 269
565 800 2117
40 1669 1685
1525 1572 1743
363 1240 111
336 1723 284
1644 126 1221
891 1170 2820
718 1750 2146
166 1247 3204
389 230 1197
1077 238 494
731 343 1781
23 688 1101
1788 68 1455
1477 530 2710
1393 169 2891
1022 1143 2687
371 33 643
427 1709 1007
902 672 1445
1007 1329 380
1588 1054 1434
1755 1156 799
303 1083 1165
1218 884 62
1684 1148 1574
1151 55 1349
683 1085 138
938 1467 2424
323 569 2108
457 1223 3417
216 240 2949
1028 1725 3583
1058 346 1754
242 1467 3467
580 358 450
1406 651 480
1630 44 2547
1787 567 2007
454 268 2689
1665 1185 1604
183 1520 1738
747 652 885
1665 1023 680
209 1614 3596
707 1381 1560
52 63 1363
566 1384 1965
1700 431 3585
1069 172 845
750 1301 3135
1624 833 1217
1166 1286 1572
1696 531 3370
538 551 2618
1558 188 1494
1236 56 11
917 865 869
1405 58 174
1789 931 3091
1594 704 307
761 1719 461
1503 1568 2542
130 956 1590
1690 1779 934
1085 923 2887
580 1266 2875
1268 161 2952
268 747 1068
1380 1466 1114
397 606 1191
227 889 2656
755 584 479
675 1166 2898
1547 718 658
242 1225 3377
1079 42 666
1241 1486 3583
737 1751 496
450 1741 454
1298 1744 2229
1362 1583 1806
442 1193 3592
856 1427 1572
1537 620 3131
1579 333 2655
43 1557 3539
1509 1524 908
239 1615 62
212 1324 2906
261 289 1321
1186 620 3266
238 1124 2169
433 1577 1302
726 759 3194
718 270 1927
142 48 262
357 1786 512
1107 843 756
643 133 2167
1168 708 1069
1046 973 1818
308 121 2744
513 457 3395
1468 586 1865
1320 1517 761
325 1029 387
1175 34 2439
1759 210 3149
1706 56 3346
1442 1051 988
1363 904 660
1000 295 2800
343 953 3070
1567 1075 1045
499 1145 673
1152 1212 2130
268 1670 2490
78 1015 778
127 1359 3393
151 876 1511
1731 947 1621
510 887 1190
652 87 1236
976 708 3128
121 398 3052
437 1083 2867
1513 634 1172
1214 913 710
204 1153 404
241 21 684
55 1302 2075
1427 872 847
371 1390 320
1257 19 202
1181 665 3168
320 1037 1012
877 1746 840
274 1672 2972
461 874 2050
815 712 2827
1462 565 10
688 411 1349
254 274 1056
969 952 174
601 1179 1535
674 1741 2068
852 424 2566
1183 570 75
1790 775 2417
1474 1308 3015
328 872 2569
501 814 3042
103 249 2369
1739 603 2310
1343 129 181
1358 227 2114
1428 1082 500
1254 514 1919
379 1401 1264
281 756 3167
1484 753 1781
1378 1284 2136
82 57 1585
413 126 1499
1520 940 3
509 67 2873
1670 1482 970
1535 1468 1097
15 1027 2598
1604 384 1390
928 1368 2060
195 851 2914
1546 283 1853
533 1003 1398
1446 164 2708
1272 501 3051
1082 325 2042
175 231 2264
354 297 1222
889 1172 3382
277 522 2923
839 1748 3578
613 1299 865
470 209 391
1181 959 1177
857 605 1811
414 77 1169
92 13 597
1344 1501 2709
765 1689 1698
1367 894 3136
394 450 273
1239 137 618
845 1689 1180
408 1016 2126
373 533 3271
820 891 1323
685 31 296
1651 377 2520
1108 863 2814
1759 173 1859
1484 999 3059
946 116 3158
878 1567 1055
1043 860 183
1455 241 2308
1603 820 1564
1481 181 3544
1729 429 1290
1214 1671 811
313 763 259
506 1026 2485
627 81 3186
1092 2 3129
1185 1453 3444
771 1789 3298
1044 68 354
1153 1119 1148
558 358 2401
1114 966 1596
395 1614 525
1185 1716 530
1683 1274 3236
159 882 1658
421 1191 1497
1126 89 2191
140 1446 1015
1140 215 2337
320 1769 1168
908 1300 886
838 191 211
367 1047 3414
927 465 3288
1451 1145 2960
953 1031 326
975 1413 2469
719 390 1756
1738 636 2998
199 1384 2841
1466 1221 186
202 1536 1567
799 1646 68
1654 1703 1192
54 272 349
36 531 2871
1649 1677 2396
819 1126 427
728 1240 3089
590 1287 2637
30 189 606
786 353 1874
112 1166 2399
178 1344 2187
1302 1205 1548
294 1287 886
326 1048 3230
1187 1620 3122
368 1720 1638
1458 1510 1313
1030 274 3475
421 1569 785
391 36 3402
638 636 2902
1639 943 3207
1570 1358 2698
1356 1576 456
1624 1538 440
732 9 835
1211 614 1330
423 849 1773
1429 842 552
1232 1322 2764
1706 966 2337
1159 1116 163
1154 634 3130
1590 829 2233
489 564 2239
215 1194 2948
333 169 899
1740 1067 335
204 428 1645
1571 550 1942
1507 261 67
16 1321 513
638 1407 1835
656 1591 643
1527 41 2652
372 1110 1007
996 1398 2750
739 626 1726
1045 1180 901
1104 109 2275
157 1637 112
589 1432 3035
1152 312 3249
1771 849 860
793 40 1756
762 645 928
871 1762 2082
1420 1663 1396
492 102 2616
265 1620 884
1003 1421 2
1593 585 326
328 1211 635
1145 337 1022
793 1409 616
112 641 3344
409 1546 2391
12 1719 833
810 1386 1011
1609 1219 1341
10 753 222
1698 865 2550
1699 441 1520
562 1251 1958
1000 809 381
1009 474 2774
472 1337 2659
1246 1650 58
655 659 2066
697 998 2975
1098 1500 1511
413 1725 989
500 957 994
1165 1305 49
1355 1398 2020
1742 1683 497
35 565 670
325 126 2652
765 609 227
1412 364 1969
372 244 3038
1662 674 514
1250 931 3197
762 159 3016
722 726 214
512 755 3392
1659 569 639
550 25 639
705 446 3302
1670 1572 518
1589 1559 2416
39 1167 2429
1021 1630 2434
957 1632 3441
1389 1142 1337
383 174 3075
1397 1080 1959
976 1101 3170
1316 1051 3324
1226 1344 353
516 306 1527
1556 628 2955
444 1010 50
1047 982 2598
875 717 2580
1648 742 2962
1642 1501 1695
1345 954 1908
935 1258 3296
1586 1093 1803
689 1491 2084
960 1245 1664
693 1330 1985
701 804 3336
859 1519 2626
928 759 1319
1727 287 1053
1232 1469 773
1567 1206 290
151 732 923
1364 451 959
1362 1336 1577
849 1708 571
703 408 13
989 430 3179
1531 1467 1085
913 1540 1868
540 1237 355
1072 479 3440
1202 244 426
1473 748 3263
1578 392 232
1494 431 3329
1209 1064 3088
203 9 3310
99 1226 3041
645 542 3377
1539 1586 2930
728 8 1261
572 1019 2310
835 1551 832
1378 1407 3445
1516 486 3052
667 1129 990
283 1525 2797
922 1378 839
193 578 2408
1181 1457 2624
1089 1024 2142
776 974 2514
1440 1556 938
147 1601 380
231 340 1466
912 1754 3593
23 1012 288
1235 1019 219
798 1718 1467
1027 706 2759
1163 992 347
885 298 267
455 503 2036
767 1763 3492
342 209 1074
56 1092 385
144 599 1977
1380 896 670
1029 875 2143
1323 1128 256
1789 1252 1546
442 789 1239
1164 76 2392
1530 100 1095
1792 1753 760
1429 1282 1664
139 1028 1648
1709 129 1682
705 247 1169
758 1713 621
1575 1171 840
415 641 1288
407 1618 1916
1771 657 3591
1272 1175 679
41 699 2242
568 978 180
216 675 2428
1193 751 2679
550 898 497
810 1509 2423
1374 185 2216
707 980 2197
507 1107 1875
1125 322 1540
24 519 1829
832 325 3549
644 1629 2347
1103 1027 1331
844 145 418
570 89 1099
366 1588 1237
600 1765 3239
560 1545 416
1255 1481 2103
1767 80 1606
1406 955 1483
962 127 630
1496 21 1374
227 39 2576
900 929 443
1732 1275 3342
1402 1628 1301
1797 1043 1971
1227 361 1536
933 1196 1486
1230 1683 2675
448 346 771
514 800 1588
1483 162 3125
986 1639 3461
573 1047 750
1542 1381 1307
138 589 3160
189 1289 3452
943 1238 443
1565 160 3541
788 271 1129
1393 410 2049
1485 714 376
1481 630 663
243 1678 2661
732 976 1439
1421 1543 2591
274 764 1168
1569 1090 1940
1068 490 647
767 956 2084
259 1223 1369
1695 1432 643
630 1747 2607
751 1415 456
536 336 3275
191 1145 1781
1246 1002 2359
910 760 1560
1571 946 1989
639 457 1298
1425 606 575
1003 1096 3560
1681 1361 1468
814 508 1202
1694 158 1558
529 1395 3197
1061 560 3092
770 11 3178
76 312 1538
1093 481 3197
1692 1462 1995
366 181 2401
435 804 24
632 1503 3034
556 1649 615
1335 236 3061
663 1186 1720
1046 1347 1058
187 740 3485
145 799 514
406 123 3584
1066 953 3227
1742 467 2872
1035 598 2128
1772 1073 2507
1740 434 1016
20 612 3366
439 1115 3291
1702 1485 1564
1561 293 806
915 786 3078
1110 919 417
1786 1597 3285
1490 1722 2008
727 171 1225
549 1079 2226
288 1043 799
1623 1117 2689
905 530 3257
1444 140 353
410 1138 2429
397 1361 3208
1739 504 3000
702 1656 870
1112 902 662
1072 1705 3039
1735 402 1971
790 76 494
1763 493 2613
1243 555 1485
119 1392 1112
398 979 2048
749 838 1324
1610 583 2347
410 521 783
1313 470 533
478 47 1349
650 1772 126
134 1013 728
237 256 2176
647 70 2420
375 801 1853
362 1144 2125
171 500 873
1493 337 3143
1398 879 482
446 1304 556
747 451 2773
237 801 2696
1053 1123 27
734 502 303
1304 1400 15
855 106 1053
1628 387 1412
437 609 2403
1238 82 1686
1002 1126 3017
106 30 1221
1223 1152 3531
1336 486 1175
1105 449 1895
537 1613 1165
531 784 3222
436 864 2199
194 828 358
1194 661 745
746 1787 1954
1110 561 2499
1534 1669 750
759 73 2815
1775 616 3247
385 213 3008
424 698 2688
984 917 349
1463 1703 1603
777 957 751
850 1628 1429
1612 1490 2053
1469 459 3112
1069 1118 1050
1744 1798 226
599 1611 1044
1718 1468 2731
1735 1120 2993
6 191 1683
809 1696 1710
661 1027 2317
1301 712 3168
230 551 2384
49 1128 1472
849 370 649
1034 424 2379
307 1281 461
407 742 1937
1241 951 2694
665 1615 2949
484 740 3099
101 812 2537
1380 1449 266
1683 788 3308
1295 574 2912
903 1649 2743
1394 1398 1658
1158 576 1109
334 818 924
1435 85 600
1619 101 3559
1306 545 1987
1733 331 3285
510 4 241
480 100 197
1652 817 2014
525 330 2363
189 1505 3492
977 811 3464
749 528 328
766 894 1638
118 241 911
1063 1731 424
665 719 2274
617 548 2030
927 1228 535
1483 583 531
760 1643 3402
1177 57 688
1248 596 1556
312 609 1808
759 1643 3439
631 465 2965
428 606 1928
683 139 1805
943 1791 3463
518 1691 1537
1002 845 3051
932 291 2821
1071 404 1332
896 248 2430
604 926 1582
625 1543 1275
861 745 2988
331 1486 2715
55 1157 382
1779 1621 132
682 248 2048
693 1633 1732
901 78 2120
389 899 1421
1109 1174 396
1294 1533 1519
400 771 2204
1710 888 3134
91 1058 903
1450 451 1504
261 1595 1294
2 998 2337
864 87 2939
1632 601 3097
774 1058 447
24 1178 3247
1392 70 882
74 1632 1489
369 1371 570
1634 494 2368
419 100 2142
1517 1489 748
390 362 1903
1417 1251 2270
1777 437 2083
897 1027 3525
328 58 1976
1574 43 3214
789 1121 2474
1552 1007 35
716 1361 2170
319 1153 414
1103 907 1511
311 1332 2158
1060 1768 2690
103 567 794
647 646 3224
1758 791 2464
684 260 799
1108 431 1323
1602 1329 1190
968 1430 1925
481 1074 2125
281 166 1770
697 1636 1260
1174 977 108
1206 1368 483
930 788 1833
1456 1439 875
1051 575 1164
1067 246 2849
1097 423 2817
1174 1475 2804
1057 633 114
938 313 3297
1244 1406 2336
348 323 2232
1506 318 974
856 1071 2797
263 1664 2799
1146 465 2520
1432 1623 707
255 300 2483
64 1703 848
465 1703 2950
114 1762 1227
42 208 385
38 1673 1589
155 1416 932
1193 1107 2523
1623 314 1403
578 1176 1891
1405 886 859
1207 1795 818
178 642 3554
557 636 2941
123 1606 2522
1332 1652 2842
1088 1243 739
1572 1344 1213
1324 349 3103
1747 1411 1505
1260 839 3195
225 755 2546
1025 945 1925
1366 1217 3386
628 1593 1359
1730 1102 3034
917 208 1536
229 237 3159
1715 810 435
1522 987 202
794 901 969
1708 230 167
39 1766 283
1545 36 391
32 170 3252
1253 438 985
650 328 2208
1317 1565 450
1478 729 2583
640 1633 3446
1137 908 968
1018 1570 1856
830 988 115
1686 671 3217
60 269 1667
159 687 192
1742 1721 558
1692 596 1840
1798 1708 2507
1261 302 1527
631 752 975
114 1511 1738
614 1394 1218
1602 374 787
1736 9 2002
996 1119 1639
1196 1339 2124
852 497 3278
95 987 1778
113 6 3547
922 976 2887
79 342 41
448 1144 1067
642 310 1720
1559 443 2112
1735 842 1404
491 26 974
503 1395 2618
1601 95 2049
326 977 1577
1402 1629 1382
77 314 197
982 727 2471
1650 796 853
528 976 956
907 1534 1191
8 295 886
783 1135 664
1514 1031 1520
605 56 361
1333 254 595
886 338 3090
1004 242 1421
880 651 284
558 1082 918
1113 0 1806
1639 585 2448
1507 869 3505
134 703 1394
1244 1560 3593
215 1752 1720
1489 341 710
269 980 2784
1727 1696 568
917 1246 838
230 823 857
1039 1201 2302
567 1016 3560
823 1606 1975
1363 1622 1500
1221 721 3161
1118 186 1196
206 958 2159
588 1239 1520
501 525 2922
1004 1609 2991
415 499 3599
1032 962 353
1031 62 2386
716 309 1801
1133 477 1088
1771 180 2664
1686 737 2257
1601 116 2179
353 305 399
1690 592 3227
645 426 491
585 780 1634
878 1156 1523
1556 1425 2463
59 1414 504
69 88 1570
1776 1310 240
1013 1533 7
1078 1504 1265
126 1084 2353
1327 421 693
110 220 2891
1640 782 2865
335 1465 620
1095 660 808
1230 1498 541
909 150 1549
799 1417 1065
205 811 515
1733 987 810
1445 903 1648
235 945 1287
690 63 1991
495 1588 652
789 726 1726
1725 613 1270
1171 709 1507
1281 1223 2944
989 1439 2179
628 1022 2969
1142 388 204
1372 752 1771
1064 1108 1224
1120 1 972
907 1307 3158
1374 1707 1159
829 749 615
248 94 2662
907 843 741
335 322 862
363 539 2521
422 605 595
1448 1530 592
532 108 3374
231 1151 1716
1336 1009 2469
479 1084 2517
1099 999 1261
1268 478 784
840 586 141
414 1190 790
1493 343 1735
1065 1413 2964
1583 544 3522
839 720 13
617 587 1441
1095 10 2099
37 141 999
673 414 2800
1243 196 93
1505 68 2601
564 28 2547
258 11 907
1587 511 3037
713 1439 1647
15 655 2642
989 1153 272
284 599 3282
463 1354 3378
1393 1505 1510
402 644 2772
214 479 1847
1503 938 3535
223 321 3592
247 1313 3591
805 1520 1066
1699 351 753
644 742 540
1366 329 1454
794 523 1179
793 1312 2204
1515 173 1214
339 7 1223
168 1113 1552
162 1546 3048
825 494 1101
277 1002 16
1743 1485 1189
695 1005 406
1392 312 3500
242 199 423
1093 1758 50
1307 1081 210
1451 1020 895
1051 1023 3328
176 1215 2329
682 824 270
367 127 3180
25 914 3169
364 249 662
1322 568 1029
1016 497 699
7 1559 961
1084 1653 853
1549 315 2401
498 94 615
841 1550 1530
1094 711 2871
1445 514 2098
641 777 3405
636 924 1227
913 626 1710
625 1640 1305
1281 719 233
1684 22 1261
324 1126 1315
626 1157 3552
1293 30 3481
727 1735 822
1419 341 2341
1478 1567 2205
48 1667 1113
1536 1643 2778
935 549 3579
1431 1286 385
135 571 2373
1532 728 2926
1422 1341 2829
1576 1187 1662
1354 487 2888
624 267 2712
1225 1604 3074
234 1708 1723
1299 1257 1116
1167 568 2057
672 152 2333
1466 304 3084
1527 1319 880
158 1209 84
1044 1762 1222
138 392 3081
438 834 1760
1745 1439 297
1388 1047 674
631 515 3304
1439 1195 1781
1434 616 1137
425 681 1694
309 57 3528
298 894 2746
197 1036 3081
1411 933 1089
1348 1642 3384
510 256 3349
625 1018 3376
579 453 2024
1278 982 2731
403 638 1642
671 1727 868
329 1774 1057
1336 1560 594
459 848 1755
1645 1468 3259
81 901 1359
742 65 1128
910 195 116
772 1185 2823
1303 1384 92
343 1069 307
1284 4 3056
1077 449 2815
838 1733 1006
485 230 1840
948 1048 159
757 1443 75
1680 1379 1078
1523 165 1784
281 1756 13
387 231 1878
817 827 1027
487 805 1186
1701 459 317
586 184 905
1346 210 363
584 492 2002
1144 253 2899
981 1514 1020
1003 308 3215
317 1098 171
1316 1601 937
692 1504 784
182 1608 287
819 1203 2268
1526 705 3094
86 488 1983
1568 5 586
1289 825 1406
1506 1729 1689
1286 953 1902
607 1226 2971
217 735 1011
634 1086 2626
1027 471 1221
960 220 3166
779 1492 154
1382 53 2677
1363 1313 339
1006 1229 46
946 559 100
1102 1296 2922
1407 487 90
926 152 571
1404 650 1908
1551 429 1823
1538 13 215
754 926 2879
853 1400 971
560 830 654
362 244 1383
295 833 2133
1518 1763 1234
1131 430 643
833 1459 111
1736 145 3220
330 371 2292
58 1468 27
1769 512 1442
1625 1405 723
739 1591 853
1263 138 767
339 729 796
1712 1545 395
497 1695 111
257 1763 186
1188 862 3282
1311 186 3323
1488 456 3026
1205 740 587
1447 995 3086
998 545 3141
645 615 3070
198 1143 1447
975 508 3308
1127 645 1063
1723 157 2889
1141 235 3417
989 151 1115
76 154 2559
845 1253 3144
193 1613 2588
654 244 3267
476 1575 2334
1466 435 3520
784 1583 2937
1611 763 3564
1029 213 1904
56 1177 2945
1324 1238 3261
1402 1668 2590
191 936 2790
1685 225 3312
1437 741 778
1566 737 3324
965 575 1814
354 1057 2609
256 271 241
1546 65 946
377 101 1155
1714 666 2287
152 1744 395
1569 133 260
292 654 1322
1501 1092 2631
1010 1748 3340
1605 891 1518
465 1328 2933
1766 1229 280
1101 73 2361
1314 495 2052
1733 1465 265
1010 1513 1163
1699 97 653
535 1045 2039
468 456 285
1570 1422 1167
1710 1753 1707
973 571 1022
225 1324 87
1083 765 66
347 1066 1346
627 1609 1377
826 873 1347
603 516 2433
1572 1711 2723
1793 904 1518
1436 1284 1354
1524 127 814
301 527 1315
368 116 2800
1542 409 2622
14 754 1580
510 992 563
701 51 243
423 279 1432
164 1765 1460
291 1545 2103
636 150 2500
1143 234 1839
1151 1478 1486
1140 1490 1983
475 62 3173
1604 1028 1899
1224 1321 2759
1163 406 343
399 115 3238
629 733 3170
125 1357 2480
1782 820 1795
670 1533 1331
1661 875 3596
462 959 1370
1762 1573 662
545 1379 1164
141 1767 3589
1385 741 955
1411 292 3363
1586 83 1552
1128 818 160
1189 1064 3298
1423 198 3566
650 313 3241
1318 1621 1197
1521 1084 2542
318 343 2957
1795 953 2610
647 1586 3227
985 1531 2926
905 1109 3175
567 516 1463
133 95 2661
151 1549 1832
563 1753 2630
313 1738 1823
937 1195 552
1124 1368 1117
826 566 637
1038 153 1364
284 623 392
1389 971 1074
1592 276 688
1357 1662 2642
684 1528 3450
519 1296 1262
141 50 255
1526 200 464
1018 1799 1729
893 447 493
1055 818 1286
1529 65 3580
490 1597 2241
1211 144 2671
1628 554 2055
98 931 2760
791 442 1990
130 1018 3600
1495 1108 211
451 608 947
659 161 2243
947 1010 2343
182 1636 2751
1529 180 3368
1561 1416 2861
939 727 184
742 15 2039
274 38 1867
1061 891 2245
160 1713 2006
443 1561 1132
1093 1424 1121
862 598 3544
1411 1192 3218
780 938 2036
1644 241 2609
1300 1260 2095
969 745 2957
251 617 1819
498 322 3003
832 818 1151
523 1494 2545
1201 700 1732
1754 1465 1851
1412 1096 3587
29 866 1848
1290 328 1387
1345 82 841
1150 1775 25
853 292 1713
1705 1229 3374
807 738 1371
429 463 751
680 1129 521
1361 1256 2356
1278 953 38
1605 761 941
714 1593 3092
1759 823 2594
1415 1376 1362
508 1329 374
695 758 1349
104 103 1619
1552 497 1414
1685 356 365
260 614 2489
152 145 3331
100 1726 3090
213 722 1701
414 1244 2063
1390 1025 1616
1250 1304 1680
1371 306 313
401 887 3133
860 591 3190
1254 882 316
1388 1107 2247
1671 1291 821
1420 51 1393
1573 736 1794
1775 203 3036
1557 1450 2325
574 199 255
980 924 1081
823 1381 3143
416 91 2445
229 918 2945
453 958 453
321 1312 134
1052 1348 3427
1502 795 2143
813 390 863
583 1337 3318
1079 1494 3001
943 1322 989
503 1235 3241
1255 201 1023
302 492 3061
92 1191 2326
590 1519 1767
1560 377 2320
332 976 2217
1519 1139 178
100 854 3444
1038 1439 100
156 1476 158
35 381 300
276 61 660
1442 874 1570
552 1603 1317
719 87 66
764 91 49
1282 688 1495
316 1321 782
382 1251 3514
1384 1686 348
88 1280 432
797 1362 895
1045 1137 3227
1114 768 1188
1664 1524 816
687 1084 1476
19 133 3048
290 50 1905
384 279 3217
1305 1506 2739
1596 1658 3047
324 1390 2220
578 936 2546
240 418 3520
1211 1395 3282
429 76 305
1415 1136 2535
1716 1695 1712
1555 1333 1734
1279 890 109
1765 439 230
730 580 561
1355 1395 883
675 1600 1524
612 204 98
1680 622 1205
1280 1566 2423
1704 530 1875
1442 943 3506
26 589 2096
697 787 1550
1592 922 978
962 1060 1101
65 230 1128
502 669 2002
1350 1092 1326
1111 358 2576
388 391 3184
1517 658 15
75 619 2377
1728 369 1375
164 465 50
1426 811 3475
800 1763 2754
726 815 2890
621 600 150
552 557 1823
1099 998 2246
1091 1196 2256
430 1219 723
365 42 364
1520 1156 17
666 1057 271
1236 629 1032
1312 1454 1435
953 785 1936
340 730 548
1415 120 2427
926 1678 228
1383 1624 1666
132 372 3394
536 792 525
920 608 183
1213 1790 644
1772 523 2232
1765 836 1046
993 150 2867
1143 528 3587
252 209 673
177 163 162
899 1667 1090
1444 181 2935
825 499 2754
296 1354 1365
1778 111 113
195 1047 2504
315 1679 1118
918 932 604
358 6 3128
308 1060 1607
260 1137 2572
594 436 2977
1756 643 1932
1783 1383 1941
540 1478 75
587 625 3205
1233 671 2029
1231 1490 2707
1510 1277 2257
1459 725 3199
1268 594 304
1449 296 964
388 1705 2062
1213 1193 514
1430 1317 832
624 892 1647
1629 631 3096
952 1305 3105
1772 1630 1743
67 165 352
370 261 1838
891 504 1410
676 1298 699
851 266 760
711 623 1207
216 1170 3113
1788 1465 17
149 473 2107
948 1504 3501
1024 795 1840
1540 1536 1208
1602 1688 2865
1408 973 1631
192 1379 2086
554 299 1751
1734 810 2399
1758 1081 2605
389 623 376
1636 1756 1221
168 1564 1479
73 773 2219
649 37 3392
1037 420 768
1589 1489 1943
1704 366 972
848 638 3169
1566 1360 970
1184 1289 2856
620 279 2975
706 1644 2059
828 61 963
1702 774 698
778 349 800
1424 572 941
149 652 795
792 1663 233
1753 1665 884
1411 381 1969
1141 778 212
1266 660 1514
1387 688 1629
198 1364 2030
828 311 934
418 614 1260
1173 1249 1793
1714 142 98
545 214 2114
287 147 2903
1665 1349 1739
1296 420 3585
468 256 1757
240 1769 750
274 392 3525
1080 1556 1773
401 992 2630
153 1536 2987
69 979 1956
809 1721 1166
1676 987 70
591 743 1700
1762 1525 2435
1271 927 547
1613 779 371
633 757 2136
727 339 2218
269 862 323
50 286 1170
855 1329 223
985 804 785
571 103 3404
1580 1659 837
444 773 2979
559 1224 358
616 1226 882
434 954 560
1217 1439 2049
1297 489 1663
512 1187 1793
1307 1242 3222
1176 1241 2623
1511 617 1569
1765 156 2802
752 77 1259
362 54 381
1624 1035 2361
897 1514 3170
1702 1402 2284
1575 1016 2985
1300 33 2918
471 755 2739
27 1343 2163
640 294 643
320 34 1754
73 304 1839
411 807 1178
395 1163 2272
146 993 1326
1342 275 2941
254 474 233
158 12 2830
881 139 464
1135 1537 2256
1364 1148 649
1485 473 1314
1505 935 1314
1141 195 449
1645 992 1933
259 1355 2508
1629 1053 831
899 1186 1377
293 1408 777
570 249 3011
812 1615 2920
1551 66 388
1383 1539 3248
1037 947 2813
1059 1308 2483
857 143 2861
1777 305 1599
597 702 1236
1120 1405 237
179 1526 2513
424 688 1659
377 272 1620
496 7 1331
1779 1287 93
1172 785 194
1674 1234 2666
1203 897 2631
1476 1136 2946
1256 512 2590
1059 157 2774
730 258 1036
1349 534 1147
1460 1017 2829
1606 549 903
1536 712 2506
1234 41 737
523 93 990
409 654 790
418 701 477
1039 1400 1379
1681 136 1071
223 1435 1986
984 1587 1737
1722 406 1307
341 1439 2822
1196 690 3484
120 1189 1115
1531 1016 413
110 455 917
1164 1510 1483
1374 959 2123
868 926 986
670 1260 3464
1155 878 2351
1222 1261 739
98 765 3143
719 976 3120
875 775 3330
608 995 468
1400 45 1869
1221 1081 2396
921 1264 63
1041 159 205
835 286 2935
544 1065 719
462 697 3126
1614 836 251
1170 1611 3135
708 1463 3468
1495 1 2625
1716 1247 3053
266 1113 494
1319 376 1499
435 1370 2710
1343 1424 1475
221 975 3034
842 103 1706
332 207 2057
925 1798 2497
449 584 55
818 389 2566
1764 1154 2677
307 20 793
97 725 1126
1435 12 419
1467 1752 722
1418 900 3473
144 112 116
830 1532 1953
413 196 302
823 1640 1377
887 1379 2750
272 27 2473
866 1658 2335
1587 1557 2899
238 685 957
703 16 239
556 54 1653
20 246 2508
1225 1757 1379
569 791 1108
29 347 1327
1527 788 3415
28 1402 3193
561 955 432
1477 1112 279
405 1540 3019
599 653 2071
712 1433 1572
349 1701 1145
648 1544 229
1375 1765 3210
136 109 1231
1441 1359 1404
1385 281 1782
159 1503 1333
957 1505 3263
1646 1680 2507
1428 200 1522
1520 1076 884
1607 1629 608
460 1696 1475
565 587 1531
633 570 2380
1021 272 467
642 753 3570
979 767 1837
1417 876 2916
894 229 1048
342 170 3290
717 973 3060
77 1314 1535
977 1221 1708
1650 1030 3543
73 1370 407
1414 1147 1209
821 1096 1517
463 784 3235
118 586 394
1483 1799 1118
700 364 2295
1240 1626 753
1266 1574 1154
9 1639 3141
406 530 1245
843 906 354
754 315 38
696 709 1125
1398 1278 2149
332 1295 37
1029 1252 1682
922 989 3278
1658 145 235
722 1673 300
710 592 3501
1641 455 345
576 774 607
444 188 1789
315 303 2711
139 35 1807
1375 1419 2624
609 986 113
385 1708 1007
143 46 984
1012 1290 1288
868 856 1877
769 727 616
215 1589 2478
1641 190 1475
1677 765 679
469 547 2885
1438 376 1331
1205 1517 1247
1706 208 3274
1500 1647 2571
1432 429 1485
715 300 1161
834 531 2246
1304 1587 2189
1373 1075 1815
1795 666 2647
1119 892 260
894 1208 1121
970 1131 3546
1284 246 586
1124 1783 3556
192 935 1813
16 1401 3471
1600 1666 3486
339 1370 440
944 108 193
553 105 2047
871 1465 3314
1312 1195 765
1167 771 2645
480 1107 1231
1208 694 2722
169 1643 1031
926 1796 1544
814 1007 3549
1238 438 2096
1763 262 437
197 76 1968
1541 850 415
345 759 1953
107 75 3427
604 1209 285
1672 971 3543
974 988 738
918 1571 2460
802 157 2209
1690 59 954
4 1047 3256
1061 1056 3029
1159 705 3597
725 250 1235
1105 139 571
991 184 2709
881 1660 2201
292 536 2175
1179 1136 1948
49 1063 131
1627 61 931
959 1184 2315
1452 1483 2311
639 1697 1621
536 1626 1416
606 256 120
417 1136 878
1054 1775 2595
1749 754 1023
1338 925 1951
675 1605 3079
1022 75 1794
1218 1221 1410
202 57 422
632 190 1025
361 590 3150
1309 916 693
448 437 1086
427 757 3472
280 320 3385
1121 27 263
781 500 1071
1794 1399 3571
1210 609 3588
1590 1559 2165
1736 1106 2698
1333 32 983
991 333 2938
1743 181 2112
873 1182 1671
1286 81 469
837 36 1974
509 138 3546
1227 529 1549
1157 1152 122
1729 1770 417
1274 1143 68
67 1044 2138
1031 387 3192
435 827 803
445 1415 1532
822 1371 1163
1355 1041 1479
1263 1688 1861
1082 49 3224
1782 1628 1743
308 1000 929
2 224 1560
1655 576 2557
1416 894 1496
1329 1667 2772
138 1612 101
1239 876 900
862 294 869
1310 217 1336
1302 1546 545
946 1275 214
447 231 1083
757 2 1446
968 676 2782
179 296 459
1252 906 1101
1577 1312 1272
1620 1748 653
1223 1267 1254
778 404 3058
789 1450 1402
1389 1571 1098
1184 1371 2743
1180 1349 3056
430 286 739
1400 897 2745
1231 661 3575
1164 912 585
1530 148 1030
1122 1420 3411
803 1320 1155
387 1023 2929
1086 493 1601
1055 1526 2493
355 1047 2292
677 796 3119
1154 694 3488
693 1203 3334
1275 1267 3048
665 458 1670
1280 936 1002
773 1633 2478
1698 1381 2391
305 1254 1239
1340 1720 2331
1677 1272 2859
1376 1416 159
1492 328 2521
363 1107 2383
1394 1755 841
1433 254 1328
1656 1345 1436
18 1651 1068
769 546 73
1328 1402 3470
750 1759 796
1667 912 2221
142 581 60
662 1241 2153
691 1535 1973
1718 1047 2546
347 1491 335
1518 902 2981
1757 252 2874
378 627 806
861 1249 3588
293 294 2357
347 239 328
1443 991 1081
256 478 438
1766 1760 2782
1037 688 142
1376 877 3391
1069 546 2363
732 1144 1141
1418 909 339
1472 739 1749
1546 1305 641
50 718 475
183 311 776
931 272 382
1 1321 2758
1011 773 2454
981 1592 90
38 1667 14
606 1085 2042
170 984 23
143 445 2139
1522 1182 1571
756 537 2511
501 532 3322
954 1267 1163
1369 1137 1958
568 386 2706
1592 1744 2608
562 46 2236
162 6 2144
1139 243 1803
816 624 326
1721 731 3369
1468 1757 685
1120 852 1945
847 1365 3114
536 711 372
850 25 3041
541 1720 1910
692 388 40
253 1495 1954
1051 169 1993
1386 124 2923
884 401 1223
1368 608 121
1095 1134 2433
859 245 1120
596 1182 2123
1435 1172 1364
1077 979 2721
1458 379 1940
1161 766 3334
1224 105 1089
74 601 1655
17 688 753
1007 829 645
1679 604 2291
1259 1238 3086
26 623 2642
1564 1553 420
1201 1410 3509
571 1200 3048
60 1688 1230
1680 444 3276
555 8 495
769 84 1446
270 412 882
930 1389 934
482 484 2450
1258 802 2822
1448 1528 3142
800 954 2104
345 1034 2460
1562 500 712
1194 1239 1799
835 1270 1596
723 1775 2460
270 1075 597
1147 609 2293
808 509 3600
1160 693 2804
5 1311 695
70 1251 2461
706 1415 3328
286 82 2338
75 1283 1915
1149 118 3261
1068 137 1371
1613 719 1121
449 10 695
499 855 2521
1636 1216 2362
1021 1575 3098
578 1423 225
51 1702 2506
68 1746 1893
323 148 1026
1377 753 2780
1040 1755 1356
1325 1138 2155
776 587 2048
232 1576 2649
1346 1753 1741
106 1221 323
1717 1038 2007
993 1667 3281
1372 670 3502
273 523 1719
1400 1452 16
66 414 3561
1165 609 3273
240 1527 3119
254 50 3226
1229 1766 1052
170 1424 551
1576 121 2143
130 1284 2512
1745 48 3088
47 661 1702
236 1367 1495
66 290 680
365 1126 3512
1421 1475 1389
921 801 3382
833 126 389
911 1437 3448
916 745 213
1517 379 2607
892 825 2386
613 1152 2348
1086 352 2478
1298 1665 2454
1637 454 3381
1063 1421 1594
888 370 1855
1139 1449 2948
363 1465 596
185 1071 1850
350 1410 3206
1351 24 2488
956 1242 35
919 439 3198
1696 697 545
113 1705 3253
1652 1721 1122
0 509 3366
461 284 184
384 1497 1795
315 1540 2299
419 1231 1763
709 122 1042
1352 383 279
767 1209 685
1360 455 3166
1789 1013 2860
1535 1555 1418
1692 952 549
1229 893 1764
718 854 1577
581 1593 1653
497 647 156
1118 1491 2317
1092 1548 2477
487 565 1444
1791 846 603
949 365 3588
1663 1776 1167
1055 1337 2602
1550 1180 2555
1517 1227 1996
1378 259 2774
104 765 2991
1722 359 1526
960 227 1405
418 1149 1737
1566 1795 3064
245 1191 2097
1156 1060 2845
1361 980 3375
1081 660 3566
366 550 814
653 1501 1272
1584 1359 2906
1474 546 837
249 111 2186
1157 1770 3465
734 1167 2019
1348 960 3257
58 1569 2145
1192 1292 177
1336 3 112
81 1312 133
1234 925 1916
1414 1523 1552
221 355 3559
877 344 3281
1431 564 3320
90 391 1662
208 1608 3328
1038 1518 134
367 1229 3447
910 165 3437
1589 832 882
661 358 3524
1755 1403 430
88 1005 2855
766 1368 2957
386 30 285
923 529 2544
629 471 712
923 1211 1410
1414 436 501
12 23 105
1353 654 1028
1664 1781 2790
405 1790 238
1636 747 3335
783 1226 2889
1050 892 1268
1701 1218 2665
1719 176 142
282 553 1444
318 1056 3103
1257 135 2569
724 1618 2882
1705 315 756
131 852 997
1247 1099 387
949 513 388
21 1032 393
69 1608 706
289 844 2762
782 1284 1151
601 1108 2840
346 146 2999
798 580 3233
1297 947 756
1013 1157 1490
539 1173 1464
1597 918 1735
825 1346 2848
595 634 2426
1092 9 3600
165 91 844
1460 82 2389
167 228 1734
1365 373 3105
336 498 3253
1282 1298 3311
615 1700 2251
940 1042 2807
1064 1705 1210
715 125 1307
362 1444 3417
1516 537 66
217 767 2961
1677 343 1825
1466 809 1942
809 749 846
971 1076 2698
588 1742 1674
533 1142 2068
234 1297 2066
1208 732 1197
674 617 2014
1770 807 911
1638 1610 1733
199 108 2730
303 1682 632
1258 488 1945
1596 914 1910
181 1193 2819
349 1443 2841
664 1648 1906
596 281 1946
1626 470 586
1178 520 1432
1404 1690 2070
148 44 800
65 674 2433
657 392 576
280 1756 983
1522 1289 1087
499 1160 2068
1155 1267 2550
962 1227 1402
97 1648 1878
1053 1751 516
695 329 3108
384 1036 1535
1577 371 3487
364 1437 1602
942 221 2570
980 807 530
641 39 1349
1480 563 2031
1754 94 1361
1426 466 3065
781 47 2841
1288 1697 2536
309 118 2791
548 1561 2284
872 1255 2226
955 394 1280
441 98 166
1135 1491 697
1229 1242 377
120 849 626
59 1430 2696
1793 175 2624
761 1019 3057
1006 354 2027
1784 1112 2120
1269 1687 3519
1315 1186 3068
961 763 815
1329 1633 2261
1209 1155 463
1206 1276 3157
346 1007 647
447 738 53
1471 1154 371
1512 337 2570
34 1699 816
1632 943 2631
1050 110 287
942 1506 1111
1076 1698 1096
228 1326 3577
1384 758 2715
7 479 550
889 242 1894
75 336 3261
1401 1606 472
639 778 2033
915 613 2311
1451 1544 1584
1508 1113 1473
196 15 2816
1364 1228 29
1565 1354 1375
526 561 2651
1694 1531 3378
80 817 2322
176 1452 2220
395 1660 603
154 1239 2690
1324 1004 595
1463 1506 3114
1657 791 3214
587 64 1662
783 29 1447
244 819 835
1765 1779 867
879 462 2123
275 131 3255
1100 817 3421
661 1430 146
400 256 2318
1023 534 1123
501 597 2267
1688 295 381
811 182 1850
1098 127 1454
817 1518 1886
696 794 1221
116 119 529
1443 42 3108
860 182 1990
1145 480 2430
460 1461 2350
801 1160 2951
958 586 119
1196 141 2163
225 1600 3329
1751 578 1732
260 1287 172
737 1367 2230
46 1759 2966
1051 1643 646
561 1180 313
1302 1348 1482
1428 110 1354
1482 1073 2471
1502 1311 3418
1757 1160 388
1256 1411 3551
1497 1124 325
240 1718 2956
402 1413 982
1318 1520 3256
289 522 1230
1239 831 784
869 1237 2540
652 962 1500
1582 901 1514
1716 86 2578
1320 1235 3190
392 1359 2508
1749 731 3034
310 1172 2154
1123 1528 1201
862 1136 1567
1331 1261 1411
1011 1588 3126
1043 1001 511
820 1 543
1155 1013 1355
318 1697 15
1735 1034 3507
433 290 96
79 606 3437
827 125 3395
1724 1538 417
1426 360 1977
1609 414 2983
1106 1544 810
385 263 224
801 23 1040
348 978 451
1595 947 2622
1534 799 2712
733 651 208
797 1742 3190
1042 992 2213
1508 1779 479
1748 455 2771
508 1473 1231
1444 81 845
36 900 1274
1326 723 3036
887 1766 2252
1687 939 3262
102 1282 813
942 404 100
558 1480 775
1413 208 1484
282 578 1939
1257 1687 3156
1664 1035 1037
340 7 2944
841 1311 416
361 101 979
931 1006 3087
1224 976 3006
1468 276 978
1383 1554 434
1185 922 183
921 50 689
1521 171 188
172 821 2185
1251 1163 2703
179 1508 3459
1128 112 2618
1587 1517 1761
890 626 3060
1360 758 760
1168 1305 1705
1622 433 353
1709 1100 457
401 279 3411
899 1592 2934
844 1273 2229
205 873 2846
1774 1711 215
364 517 2450
1359 715 3577
399 722 2304
1565 1357 3379
1744 27 181
11 1718 1566
1436 542 2940
1173 905 253
61 145 3558
1109 896 209
760 980 1500
769 185 9
113 730 3358
55 738 3002
1263 709 617
1486 982 1922
1310 289 1410
292 1654 2531
426 162 1694
1770 1353 2079
699 1117 2296
543 404 393
157 1718 2461
1324 2 3134
1301 694 494
883 1126 2175
62 832 1613
1680 1634 25
947 1611 1657
404 909 1365
715 476 2237
772 875 182
1612 804 2051
1377 397 1640
1551 1618 2823
1007 1679 2344
1327 1429 361
1452 907 947
1614 844 3440
1570 455 3270
109 493 88
858 1392 948
1013 1008 622
511 832 2789
99 958 3201
1768 1092 275
368 759 221
454 419 1748
1661 1052 804
1218 1414 859
504 172 1020
297 887 2806
838 1049 3596
752 138 2835
1102 1396 1732
1391 119 3105
607 326 2519
573 1642 2527
464 446 582
451 1255 823
1456 1252 728
1413 866 981
826 1200 1118
360 476 1930
163 1699 3212
1052 305 591
895 796 825
1008 1589 2928
246 862 1336
100 1189 3122
1594 203 1398
1281 730 502
807 717 1338
1635 821 1763
472 1146 2695
881 1584 3076
1700 639 785
212 445 2143
811 554 801
575 476 3267
1773 44 2212
284 1619 2264
704 1682 3419
1210 700 1820
1156 79 2702
1074 726 168
798 1098 304
314 151 1970
7 1410 813
117 495 2235
481 1232 2167
808 1192 421
1588 1255 1678
1194 223 3438
173 581 1876
660 1783 1170
1553 1605 1116
1790 274 3472
1369 288 3127
441 111 3558
1292 666 2006
1031 1776 1198
785 662 2395
556 709 1125
1176 1732 2822
1633 1223 2418
1 207 2022
33 407 532
817 1403 1047
236 30 1393
1429 1168 1050
474 265 960
1232 384 679
853 739 2930
1571 1318 1741
756 1106 1061
464 1530 3355
1406 1148 3225
878 1488 365
115 895 290
669 308 28
982 902 3549
1600 1091 2666
646 135 572
1752 1039 2989
887 105 1551
1088 1587 1859
1621 36 3040
1538 1413 36
1480 1387 467
1344 167 611
595 1629 3362
595 813 3530
903 408 892
795 632 3024
700 1367 1974
1217 15 1559
722 816 1106
734 1265 3031
158 404 805
1618 20 1749
1245 1310 1708
668 431 2372
1204 386 3325
1370 281 1334
1216 491 489
918 1553 3041
871 1631 1557
514 1143 2868
1745 166 1778
615 546 1594
119 1267 2392
691 945 1310
215 130 2786
729 304 3368
155 927 1486
0 423 1029
233 192 3568
1396 1168 686
429 1495 149
21 827 1666
1691 1062 1662
1361 1070 2622
1617 364 1501
1285 280 3311
1608 332 913
1218 1022 1728
128 102 1199
827 1403 1814
463 231 211
1626 894 242
1753 542 592
387 1063 2748
1307 442 2142
403 13 1828
297 979 973
407 131 2775
1681 1680 3494
1779 772 738
1410 295 1125
1172 1650 2955
1473 64 2284
1195 676 2313
1144 196 2652
1126 1332 2090
1724 756 568
442 584 3311
395 236 627
316 295 2534
708 1297 3358
270 1414 2543
1043 711 1400
1100 264 1897
796 328 171
687 645 2834
809 1214 2453
1525 570 820
752 265 1254
1440 1021 1660
1505 1187 777
1393 972 1959
1166 199 3496
549 491 1088
546 1158 2431
685 1170 108
219 388 1433
978 67 2870
1422 59 2494
474 821 1825
1701 1221 1087
907 82 2814
443 142 972
1244 17 169
750 386 3157
771 1131 1988
1526 846 2235
438 249 2075
372 223 571
1127 1784 2906
1464 863 3361
672 839 2020
248 52 665
428 735 2400
52 857 3593
1759 807 2537
1123 814 654
359 1644 1246
591 315 1191
63 1624 637
1568 392 1029
212 370 628
49 1479 2472
51 487 1088
44 1484 1199
1149 1510 1663
755 147 3202
1671 791 3192
616 699 1989
1382 1654 692
1529 852 2301
978 1179 870
1682 708 2966
1543 399 182
1511 1159 1192
1328 1761 3178
898 742 1330
1399 64 587
1041 363 2483
1103 1681 1254
924 463 2610
721 243 597
264 1119 2849
136 1418 2038
14 1611 651
352 233 96
1785 935 3306
376 18 2884
1249 877 1467
688 1507 1484
830 739 642
1715 891 3472
351 1793 1476
1799 1548 3210
245 1016 2953
1463 909 302
868 991 2602
458 1323 535
570 511 3381
791 1105 1309
1676 1155 902
904 1577 1769
1213 1423 3348
1148 1786 1568
455 858 3081
664 1538 3146
1353 982 1626
1477 415 1401
341 1109 2989
125 981 1152
1420 85 18
369 1143 411
838 623 131
824 1448 1881
759 72 892
1628 1443 2131
308 578 2042
458 488 1347
376 1745 1966
1583 79 3038
519 1252 2450
741 1377 3211
648 826 573
1052 1711 1643
427 437 1168
886 618 201
300 883 1299
1607 1563 3245
1722 100 473
203 1554 1484
1440 1551 2033
964 1659 3136
1387 536 2872
730 1566 1253
1732 1665 585
59 43 1182
1329 1058 1276
673 450 578
1787 309 393
171 373 3142
1630 1204 680
441 1065 3428
1453 1224 1718
1150 121 1555
1254 577 1256
333 1511 2424
351 383 1058
1357 1558 633
863 199 2736
653 1197 2678
178 1268 231
972 102 718
1583 1795 2677
31 1286 1419
40 1534 2372
498 1175 1096
1767 1196 654
386 239 26
86 1202 2356
914 1373 1087
1797 1200 2173
398 1043 433
1663 1254 2031
489 1520 3294
664 1071 1704
90 852 1992
78 238 1949
680 60 2068
711 617 3174
147 1133 76
1790 603 386
247 497 1923
142 1458 553
728 1799 226
1290 289 1460
262 910 52
230 1426 1089
1124 1483 128
1595 1502 1050
1215 169 3499
1357 796 236
140 856 168
1585 279 1531
835 135 431
1525 1169 2426
489 921 2114
879 630 3280
377 638 457
743 272 2878
554 505 332
736 578 2978
920 1414 273
1136 1300 2109
417 1106 1917
1504 944 1679
1446 410 1992
701 1373 1771
1540 686 1087
1036 115 1815
1516 671 2973
228 244 353
1481 111 2181
1678 993 512
953 1605 581
1334 1129 2711
1601 471 1095
180 1030 2304
162 40 1240
356 531 2463
1263 414 1452
1080 669 1578
1506 1651 1495
1237 337 1273
1 1417 1184
137 1155 3081
418 1529 3577
1379 296 2213
1377 8 3304
265 1107 1438
601 450 2394
1204 1292 2786
967 643 1943
156 7 840
1036 1573 1008
524 39 3487
1675 580 1376
1795 1196 1744
1032 1656 761
576 1232 1298
707 1482 216
982 1617 3502
1608 888 2909
1068 1522 2628
456 1638 687
896 1174 2877
403 1202 1820
506 387 454
980 241 1340
1050 1459 3264
527 229 3085
725 551 2434
1637 292 807
406 1610 828
301 1734 2701
409 509 2536
163 1766 2594
1753 1335 1963
1151 1168 1130
719 950 3258
229 733 2381
896 1613 2304
1589 619 1635
868 401 3010
86 90 166
746 141 2947
1438 1244 2922
275 593 2049
1255 149 3462
527 878 2037
1503 1198 1954
1502 1057 1618
687 294 1941
1105 1233 437
1248 259 824
1326 559 2594
533 851 2583
95 1777 1076
44 1777 2798
1228 1647 2373
437 341 1986
188 320 587
1024 427 2779
1614 420 2643
1650 1735 2292
1744 1175 2687
1607 1149 1487
272 275 2601
1369 781 2073
1475 565 3069
883 375 1602
52 1498 1390
285 1629 2102
1195 873 3049
1089 1427 2601
892 648 3375
40 175 1711
646 709 2785
295 1423 210
169 358 2222
566 1146 81
681 830 3458
1639 684 2017
1599 706 469
334 298 2715
784 456 327
129 1735 542
467 1709 3134
34 1012 2172
1519 977 1164
1012 768 3559
124 468 3023
644 787 492
1784 609 258
487 1287 3466
1425 391 298
107 882 1720
1036 199 2419
1640 1098 773
740 32 2076
787 968 1513
804 787 138
1720 548 2759
1246 1507 684
885 1297 3445
889 651 2107
317 1710 198
1420 514 250
238 743 1951
1072 798 2198
965 502 92
1581 133 1855
479 1402 3427
302 1298 1090
376 109 645
950 971 3232
669 337 1782
1246 941 3302
398 1631 751
1470 1136 2308
321 1644 2547
15 1402 504
1287 1738 32
233 1645 1123
1266 1177 1282
1441 1134 2885
1617 116 1781
45 698 1553
1464 23 1150
454 966 1515
1231 394 2482
866 1780 1411
479 1135 2190
1070 1061 2106
1666 1175 3382
44 1413 731
106 785 2106
1682 729 2723
1498 615 1745
612 796 1360
196 653 3189
166 561 1309
542 546 2307
860 1260 2475
1094 285 2704
1376 1209 531
891 1591 594
1371 107 3489
1228 1725 1888
262 441 3027
1792 992 630
1167 497 2067
1184 1472 2904
1180 1321 318
1026 514 2536
450 1213 3055
1279 421 181
1088 503 501
228 1106 2395
1648 728 3089
300 1163 651
1400 1354 3353
28 1555 3218
892 761 1109
1527 935 1031
1713 514 779
1721 598 637
1345 138 760
319 1543 832
44 46 1255
681 643 1457
824 60 1325
1491 828 1795
696 288 2253
1534 137 2537
1580 1646 2869
27 623 1514
1331 699 2345
867 1132 2847
1600 1149 1466
1133 63 2551
1711 1456 2991
883 973 481
445 339 1682
552 660 2937
1798 22 786
930 1705 733
851 1288 72
81 151 440
864 315 613
1300 691 1636
1257 170 2139
311 1511 2493
1581 1023 2495
494 169 3572
802 1786 1545
269 319 3161
157 1248 1773
702 470 3356
937 1186 2165
90 1563 2165
1186 294 174
158 847 850
1443 1440 3447
71 1020 3200
1637 142 1033
89 244 1689
1176 1009 923
1022 243 48
416 511 2228
1283 172 9
1347 130 3463
380 1690 1343
818 1366 2233
211 1292 2929
491 466 1210
573 971 263
10 188 3314
1359 142 2225
966 1619 2108
1189 468 650
1780 427 2855
1799 544 2321
635 1245 2247
1450 1491 1972
891 429 3172
252 1633 688
509 765 3135
1550 565 226
1264 1044 3279
169 1542 2890
163 1587 3010
67 1607 442
925 205 3309
1430 1170 3284
1511 469 2147
1661 424 3115
1025 1097 1746
983 396 244
481 1402 2371
77 979 1890
1274 678 1895
1712 1490 2772
740 1386 3400
815 960 1431
669 1732 2393
1226 1209 2386
912 765 81
813 1023 773
1627 1455 3243
83 1678 2342
714 328 2476
13 326 363
1711 520 1976
1368 1620 2797
15 1717 1506
998 501 1867
1343 227 1886
851 1194 3071
1761 1503 770
1213 420 1769
1087 1126 817
262 646 2961
1311 308 804
299 786 349
408 840 2899
365 1208 2507
232 1262 821
98 1650 1820
245 718 2433
1473 771 1147
959 1592 2652
586 980 1837
1667 6 3546
133 1349 3206
133 43 2928
1568 751 1661
1179 1797 896
662 1132 3568
938 285 736
286 344 1900
792 311 2748
1573 778 3075
1450 1669 384
156 1163 1287
1020 1353 425
897 312 1644
1713 896 1848
568 445 16
690 1704 3444
1419 1108 900
1454 1471 1265
859 972 567
1108 548 1850
151 192 1890
1684 1779 1068
875 1502 500
614 1016 2174
170 1604 2632
760 700 1912
521 1753 777
1106 542 915
200 217 2963
1657 180 3083
93 328 423
958 1469 2477
1545 934 1155
1356 537 1645
1788 1054 228
80 1773 2768
1541 390 2681
1664 1719 3077
1108 953 1446
1269 667 3027
676 304 2902
632 878 3184
642 216 806
281 100 205
1170 49 445
282 1000 700
1317 1685 1923
1195 64 1845
1396 771 323
194 926 3175
861 1675 3469
575 828 3422
1196 158 2274
663 1215 3479
1703 1790 3397
373 160 2752
412 1397 3188
1648 580 1627
733 1710 2734
19 237 1600
1570 631 757
772 349 595
612 1489 2654
1304 335 3150
92 927 84
1638 1216 109
1500 269 1469
1476 1116 1739
1085 1093 284
1547 1742 2101
577 1221 2619
139 1323 3014
1694 754 195
1319 1628 1822
757 16 646
1045 579 990
1005 1421 930
1063 827 1365
1490 1710 1795
1202 150 2379
1111 931 677
1703 1192 1888
324 777 363
1245 1016 1459
671 686 1338
1770 857 1898
258 1290 2870
1665 1123 1453
1413 42 2580
902 1144 72
87 292 3141
499 466 1643
1126 718 2056
1048 1158 3581
1409 447 2014
576 895 315
1725 1373 1732
1315 281 1420
257 1074 1247
413 1181 554
593 184 960
287 1731 1794
275 1658 530
460 1691 311
596 1100 1648
506 1626 3396
878 859 1731
524 47 932
1120 959 612
1594 119 1287
1086 182 1110
457 1105 3021
1170 640 2162
1461 566 1483
902 642 2758
1321 109 312
1695 1032 1094
271 411 789
955 1748 759
670 1291 216
1456 91 2960
614 1295 432
1136 1418 1206
401 1627 1915
673 1269 1523
3 1789 803
1632 1658 1588
738 576 91
1280 212 3389
563 948 2678
1145 408 1208
1071 1693 1777
1655 1592 247
827 1463 487
378 1053 2111
1585 1372 3586
232 1242 1913
1381 921 289
1354 1202 1949
1631 851 2442
322 1638 805
1688 1166 2479
254 618 2649
1025 509 1018
964 18 1444
950 980 2821
709 960 3523
1123 273 638
796 1702 2298
659 539 3073
1131 1414 1207
1555 280 1158
585 514 3239
1599 796 1866
27 1463 2624
224 982 780
651 1491 2962
1198 1002 0
755 480 2850
589 1093 2577
378 351 52
966 1297 2747
516 1638 2668
96 1740 3090
1470 801 2847
1024 209 2857
1220 705 663
1102 1011 409
538 934 122
1584 752 2025
539 1698 280
1689 170 2019
1596 402 2228
1725 1375 2782
285 879 280
1087 449 2217
490 1564 2918
350 1583 3147
1507 230 2673
343 1216 849
1545 106 526
866 1176 3244
461 417 1884
1067 643 1638
708 801 697
165 1607 815
1452 1655 3483
1555 577 2184
136 1780 3070
61 1462 313
161 1116 3441
1491 403 1335
452 584 2393
650 925 2335
207 1447 1022
683 1431 1926
1563 1071 2241
1549 513 3232
410 1103 2736
718 1792 2025
683 1407 112
882 627 120
1397 1283 172
779 167 305
36 1105 724
774 1410 1239
749 1764 935
559 1180 1662
1791 1766 2157
1562 1196 1620
831 886 1755
770 705 1355
1100 1691 1010
721 511 3226
145 1053 436
635 444 2447
964 378 1523
1110 1381 1629
533 411 3085
1125 783 1580
1330 275 2913
873 1592 1881
1474 473 1894
764 1032 210
1235 1238 1056
1691 1682 3535
1149 1614 701
394 845 2989
1188 1144 938
1101 244 2192
20 189 2451
1482 1781 2376
1094 890 1903
72 1791 2379
141 1482 1612
609 1006 2041
1620 981 1388
411 560 1550
1216 1655 2566
800 377 920
960 736 1727
402 547 1599
775 403 2572
532 87 1576
745 1295 1339
1559 891 1956
1264 821 1758
1382 626 325
609 974 3386
1322 1764 3192
1620 1187 3236
218 675 2240
48 567 1710
1423 874 1781
1704 70 2593
115 922 1920
286 90 3152
1660 1573 2614
323 1307 3504
513 1294 1910
228 438 2149
1698 1315 2594
874 304 3014
388 37 2181
984 865 2788
396 1598 191
1155 510 3059
1272 1698 313
1340 204 2991
901 114 2194
1609 801 432
357 1096 3252
709 1771 1136
1552 724 2336
123 1127 3040
1635 1429 2419
1295 922 696
925 782 2175
1070 1510 2688
361 106 2318
1333 129 2550
1522 1788 2290
434 1186 3282
1739 780 2489
1646 291 1404
766 835 456
630 1458 3430
492 1225 2719
1078 878 2452
1671 217 726
190 263 3525
916 115 1927
547 474 2233
1082 1418 82
337 1556 2263
432 104 2865
1404 859 2079
837 241 1873
1011 488 2608
1148 1393 3326
111 574 1394
720 18 1837
1180 1479 3047
195 857 1926
1287 1566 2063
690 647 1761
472 738 284
997 711 2489
118 1574 593
1737 1620 2579
425 303 110
1341 1137 1162
583 519 1078
879 585 390
430 1198 3126
831 538 3202
591 572 1665
893 367 2928
834 564 1355
102 1705 3502
505 202 1083
1059 672 2338
948 993 284
709 208 2707
565 1373 3464
1796 1075 3310
92 1014 2353
1475 155 3484
764 921 3466
971 827 3537
173 1535 343
194 1 752
139 1504 2432
1775 1232 1463
179 1221 496
68 1605 1448
1028 807 3348
996 237 3030
839 297 561
951 964 1368
437 1129 1969
1627 1756 3594
226 1560 2890
1760 1757 1788
1653 340 2906
1554 1183 2455
1634 320 372
515 686 1911
1027 626 1668
1177 1660 1981
1093 665 1803
1071 1581 2635
1464 1533 2859
1669 1196 2166
67 571 2500
1513 1368 1616
1171 211 177
417 814 291
459 1077 2972
155 1340 460
50 1469 3072
267 1654 1503
361 1383 2212
357 227 1931
11 310 654
1047 165 3386
1558 1519 151
1618 1781 1496
184 1231 2666
581 74 2594
1472 1119 1436
473 1602 2771
1668 335 1715
1199 246 673
1062 753 1791
256 485 2113
541 1336 1031
714 1436 2721
1042 634 3313
312 132 2691
1060 1291 3186
78 909 958
57 56 614
1357 628 355
983 297 2972
304 137 3264
746 405 862
1758 814 1066
1081 443 107
642 1429 1427
1729 359 2357
579 728 338
383 686 503
805 224 2657
1041 948 995
787 921 3167
189 533 326
1174 1541 1622
582 1756 167
370 1046 1846
565 220 1269
1004 1522 3071
85 862 2924
180 1009 521
553 1 540
1424 839 2118
190 357 3037
950 1774 2268
1370 1199 515
492 676 3033
1104 300 2068
1267 1388 2453
826 888 2244
1182 522 1733
777 1681 3367
208 1047 3386
770 1624 476
1253 1656 274
551 366 2657
1528 1670 1771
1489 888 523
355 1409 1560
431 1150 2773
1535 173 3012
588 960 2858
81 327 411
1352 1733 2565
1243 1100 2258
936 249 2180
1480 1512 1793
1691 353 1597
638 1182 1993
1468 316 3145
132 562 259
107 526 422
1151 1039 905
1060 1366 3292
449 837 1422
258 1297 2443
43 566 425
97 733 1309
529 915 1207
751 304 2618
266 869 2921
821 1500 1761
537 1771 2467
761 549 2469
778 131 1903
1784 1191 1054
192 1559 2132
668 1226 494
968 1209 2627
87 648 2234
635 1551 2466
600 1419 1777
1297 1383 313
192 283 3219
513 1656 2382
94 1131 3281
420 1724 3506
1137 1373 2942
646 1703 673
1568 467 2368
1272 937 3149
1330 1646 489
1262 1315 1552
3 503 2981
1282 1586 3054
1507 75 155
999 825 386
725 912 3267
1465 698 20
664 1305 1357
1597 988 2143
828 414 2815
8 699 2762
1162 1473 1736
1058 314 1301
294 1790 476
1654 1574 2360
101 767 3344
126 804 3113
426 273 1537
325 1573 269
945 1369 1319
1338 80 3233
905 1359 1110
975 1654 3290
1621 235 2080
957 1588 217
153 832 1537
500 558 2151
1579 257 1059
1309 642 1900
1582 8 2153
735 874 77
57 1443 759
1288 176 1716
259 1586 2504
584 1493 1943
673 1508 2199
518 1420 1474
218 1062 913
352 627 284
1539 1392 1994
303 1351 285
324 446 862
1321 1630 318
128 1390 2970
400 149 1848
847 1015 1663
598 173 1869
301 806 1429
519 370 1315
1188 742 2110
710 907 3219
31 1336 2096
645 185 719
611 229 3454
956 95 2397
1752 1434 672
1189 1214 131
300 1626 1787
24 548 1769
1446 1443 2675
901 949 3392
1524 1051 1989
569 693 1244
527 1530 176
867 914 3421
200 649 2739
1256 1736 1076
1659 1329 2724
1293 1095 2941
1348 47 2083
513 899 197
699 1212 2140
813 1124 1548
943 1619 735
1501 426 1685
993 980 2292
1200 1708 914
944 1005 748
213 1423 1629
607 513 988
390 1738 2723
1113 1491 3423
549 927 3232
630 1170 711
819 1234 516
496 864 3254
329 1214 2889
1261 218 792
963 662 1199
451 1140 1405
1567 332 180
473 1005 193
1390 202 1200
465 293 2992
243 527 2631
1142 632 386
131 1615 2418
332 988 1355
1560 1257 85
1675 41 2234
80 191 2299
1123 1540 932
184 377 689
999 1426 2114
1498 718 646
1373 1582 2589
91 32 2629
89 1655 2333
908 1159 90
505 261 3430
296 123 3098
1536 449 1190
96 417 65
25 583 1961
154 180 2250
438 1660 2535
1030 438 1063
958 1029 3216
305 343 2143
26 795 3085
1479 601 695
1339 704 1119
87 641 3462
1653 215 1537
830 604 1159
1484 1461 312
672 1226 2143
48 1426 54
1715 1476 1709
159 286 1980
1543 1469 986
480 1329 1556
1598 847 1169
986 543 207
1009 22 865
624 748 2352
318 490 1424
1275 496 3248
569 1677 954
1496 479 1294
851 242 1555
580 9 341
1032 1211 406
906 259 1933
551 773 2705
776 1599 2898
1171 166 1489
1274 1389 1208
802 1745 3002
303 719 1538
829 498 1304
1552 1389 3107
909 274 929
1725 96 964
1121 335 786
1019 556 19
1066 1578 1658
890 1102 2607
1113 1334 355
258 691 2978
488 556 1856
618 188 2651
689 976 2666
904 1279 2904
1711 1119 1044
1192 959 1540
1046 1188 955
748 1606 148
1129 1158 2319
967 256 1975
1395 1694 2680
250 1563 3423
120 1690 639
1098 684 2049
884 418 3595
476 1292 1832
1752 899 624
681 1414 200
1746 1137 1181
1173 1162 2998
1118 356 2347
1097 134 1868
1437 1579 1374
1526 890 2603
250 1756 2483
882 732 2297
166 419 2358
1015 1108 1157
872 1331 3267
456 960 1510
1193 1079 2554
1167 54 1555
997 352 800
52 1336 2695
621 952 1345
845 1344 2614
876 1245 237
1064 650 2607
1538 1315 1452
595 1319 1149
894 115 3591
366 1135 2944
1130 1479 2767
733 1216 3185
1495 39 3403
944 1179 1275
124 147 1306
280 1284 1018
655 1262 843
954 1529 996
785 902 3127
516 524 329
1200 1050 483
913 1321 2609
1407 1431 3535
753 1724 2656
165 3 1588
40 1089 2149
1516 991 2063
320 702 1538
1707 1658 1564
244 604 2698
494 1196 2575
1189 677 390
1190 603 1161
1220 1544 647
1183 1457 2416
1022 636 1659
1747 523 2468
579 1453 1378
506 658 1097
161 487 3496
50 533 2020
845 422 13
515 533 1760
1048 862 2799
95 1701 3315
1279 612 3017
237 609 1039
682 1008 1991
504 410 1761
10 140 2707
848 596 1842
671 1669 1988
629 1040 2572
911 387 556
1315 576 1524
181 1265 186
623 992 1458
1562 1574 106
471 1092 2466
1284 1424 1670
454 638 2608
1184 1519 1038
291 798 2732
825 860 2928
1668 810 805
1244 1469 293
1799 441 3292
338 271 1471
1520 1752 1925
1470 211 1366
5 630 3196
82 421 2614
1381 1751 638
1299 955 3068
1785 933 681
1515 362 1525
992 1503 136
137 684 512
1532 515 2173
641 161 1093
1084 1269 2584
1578 656 1247
699 425 1527
1291 209 844
850 1646 969
175 1791 2687
514 549 2492
526 20 101
940 1436 2148
1551 474 2903
407 554 552
201 100 948
1118 301 594
728 162 1091
478 529 2449
1116 1524 2306
93 1311 2276
65 1241 3480
203 1138 965
1763 1520 1717
46 1239 3178
1721 801 796
1698 1580 494
1233 244 2946
1708 420 3392
290 1742 3395
156 1782 3465
1778 1669 2757
1201 448 922
28 87 2124
63 655 2016
544 431 243
433 334 852
116 560 1650
375 867 2043
1075 1445 1150
1035 1124 1989
326 590 3199
1780 782 2177
1147 203 645
921 1168 1150
1532 1712 812
1791 1668 3014
1403 724 1829
95 143 3200
576 1432 3010
1797 387 1915
1616 986 1788
452 392 1501
1346 1157 564
1510 314 1508
432 1554 394
1302 1210 2100
883 995 1843
800 1111 1162
855 1110 1537
502 1154 1761
486 566 2819
704 273 3156
771 1483 2664
704 271 492
1699 308 2007
643 1014 912
1086 960 931
807 360 2553
1728 1763 2435
330 590 1870
971 1491 3059
340 1299 3011
1182 1571 760
1299 1242 1991
745 1714 3085
314 1102 1715
920 1031 906
1782 268 3041
804 1639 3211
1085 127 3429
1519 809 3381
637 383 417
1593 981 222
1641 343 3423
116 1574 471
425 938 1688
383 959 1114
934 1502 1222
222 77 1738
288 509 1905
1105 240 1326
1442 372 245
520 211 1054
1474 631 680
1579 1141 2258
83 1078 50
1651 76 1247
408 1524 1577
619 1122 397
792 24 1656
999 616 2333
289 1395 1284
279 1692 2390
1499 133 905
1130 1212 495
1695 1564 506
1676 216 950
790 637 691
927 1444 786
1584 1145 1833
29 619 3341
1157 590 2877
900 522 1736
117 374 1365
98 1265 3226
1216 139 2199
1115 1717 2816
79 1234 942
1606 222 168
99 1205 2891
199 960 1452
284 776 512
623 1665 2573
68 891 567
914 437 2025
1001 1188 75
21 877 165
1791 602 1181
1273 316 536
663 1273 3386
1379 1715 1109
370 1098 71
191 105 3250
440 869 2371
1106 365 885
1553 750 2908
1558 1616 3384
933 697 637
184 1174 1237
1070 1721 904
820 859 3220
1774 265 1219
665 1589 1599
988 1436 3312
5 1402 3551
1412 1390 3030
1514 1407 2314
321 1785 387
1781 1188 428
174 336 1244
183 554 1555
1179 280 2656
1723 566 2616
1402 65 2779
1334 626 2731
396 451 3013
741 260 1731
1381 1636 2510
1514 752 2339
727 477 255
617 941 1216
359 254 2270
1635 741 1939
150 1792 527
354 410 2118
1740 153 1907
611 1433 1620
1488 416 1962
741 85 631
1739 1366 3325
1563 234 1010
1370 1229 298
1057 398 444
90 643 1218
525 1441 3244
1122 1572 1175
1001 475 1628
1371 1134 3118
61 664 1847
507 305 37
141 783 1599
338 244 77
1793 1321 613
1627 1270 1070
6 168 847
743 1399 1077
831 843 3168
1768 1364 1520
1643 1732 476
575 1531 1554
948 1716 1790
1462 305 2271
29 98 1840
677 655 551
743 754 1273
196 1109 2516
1635 978 732
1530 1387 2662
0 359 3441
1692 44 135
804 166 547
949 449 3071
1427 211 2445
894 889 2615
1043 908 569
681 1085 2629
574 1449 2398
1481 1483 2505
1040 1005 120
547 503 3115
1240 209 3593
1583 940 2202
1531 1292 1932
1656 451 1738
19 1580 2616
1657 1535 618
1018 836 2546
210 1642 2207
322 753 2275
754 914 2202
432 172 142
267 963 591
370 689 153
621 296 1775
390 921 3413
110 88 1793
680 606 3326
12 528 335
209 131 333
297 555 1183
345 233 3461
1726 1617 2772
951 815 494
456 1531 1022
1366 1136 698
1075 511 2718
1395 226 1897
803 1505 530
266 600 2631
1766 473 2049
431 492 1440
1238 351 1346
304 1092 959
854 1308 1512
271 1244 22
970 1764 2562
124 1319 304
666 1003 89
1646 319 981
120 39 3394
236 1791 2948
350 812 3422
1227 758 3330
1671 1312 3179
1557 1148 2848
1773 1461 842
983 815 1424
796 338 3443
299 1166 170
1247 495 2843
827 1020 1092
910 987 2746
678 883 3071
37 1739 1268
291 1579 3111
175 18 3457
292 155 349
455 814 833
1714 285 2546
1594 1190 2611
17 1351 1391
952 144 3393
521 1563 668
497 266 1897
291 1560 429
197 832 986
751 435 3475
1554 631 1710
758 1743 45
483 43 1041
1295 159 1198
1779 143 1301
1178 1586 3104
1781 619 1565
723 990 2473
1112 1304 2345
1065 17 1410
117 1225 2622
1140 1312 477
1360 454 3060
1299 198 1204
684 1596 2278
1533 1012 1771
1654 1490 2942
142 974 1344
42 463 3498
564 1355 2858
706 1208 360
1164 1769 1122
974 1270 488
1255 651 2624
748 559 2362
1138 984 2693
478 687 1532
1352 1592 291
1149 520 761
180 184 1483
842 1255 3452
31 1134 2866
132 1553 2920
811 1428 452
1075 710 1383
1470 110 2803
103 387 2067
546 1708 3233
1720 1594 3410
248 1390 469
1432 1420 3187
633 304 860
1267 1110 1353
623 808 2618
49 1274 1960
253 1062 186
973 265 1646
1199 41 1572
1008 1679 1328
48 454 1602
356 1418 3199
421 1453 95
1198 1682 2917
312 1409 2343
1230 390 2426
206 1192 2050
525 863 1206
1340 920 1206
1509 1194 3253
1700 626 2826
257 895 1888
56 1240 2421
1748 1707 782
537 1466 2495
334 341 2372
39 77 2269
1083 43 2181
1697 873 88
358 1050 1595
860 1110 3059
1322 445 1102
1158 803 2121
1030 1510 1846
1631 1223 175
538 308 1097
649 1247 1538
922 327 3042
1349 469 1451
85 654 628
725 183 3526
789 13 296
1751 938 3303
1071 1241 246
1433 520 3278
1321 1322 912
608 297 1317
1500 84 273
1720 1513 875
753 1705 3098
188 881 1423
1210 1230 358
1537 235 2675
998 1597 1551
1675 229 2302
1221 205 262
1020 207 328
1541 779 765
1610 48 607
1705 953 1327
1209 1173 2492
150 527 1129
793 1777 3398
93 725 755
1089 261 1180
984 1513 1607
309 1197 1321
222 333 1547
760 1393 1561
436 1215 1277
592 638 965
1152 1548 2382
458 1478 716
1497 1225 1198
1417 426 2287
537 181 1244
575 836 2952
442 1649 2952
1129 591 1217
1478 1722 663
1377 1735 3013
1125 31 1917
1663 1713 2972
1585 936 406
1283 988 1479
660 1266 3115
230 907 1404
1294 917 2372
871 1070 3299
713 791 1909
1205 1652 2201
1629 1262 2949
1615 887 3356
1717 1448 3163
971 407 2853
1132 571 1018
1512 1671 2010
306 215 1229
121 1562 2300
1112 1412 1733
1661 1445 3151
78 512 1808
1633 34 1115
204 339 3108
1445 1565 2269
124 1563 731
1625 1644 514
1626 1135 2167
1337 1098 791
1760 992 3513
1553 1657 709
628 271 1094
742 1309 456
1726 810 287
1233 394 3589
1256 425 604
101 1661 299
7 56 2007
180 1450 3425
1659 1123 1901
140 1321 2440
1081 739 2395
842 319 2878
1409 854 379
4 531 3182
432 552 1011
72 274 708
360 1214 1244
1419 1641 3116
610 1084 1188
1339 732 116
523 1683 2870
1574 573 1847
1107 1671 1744
1666 761 1984
283 919 1492
1672 742 2125
1397 685 2329
487 1512 458
1240 1739 2540
1136 1275 1077
757 231 7
439 1080 1757
1409 1748 3371
1054 702 2585
1731 950 1448
849 418 2353
1013 1001 565
1254 1711 3177
1049 1660 565
980 452 57
181 582 2135
299 1205 2874
1187 237 2612
358 542 249
1191 665 2256
1191 12 910
1457 1756 1583
870 541 1010
9 1228 2233
272 1635 1578
1306 1093 2703
70 1245 3344
1793 616 2555
1034 1387 1801
801 1217 1007
1040 1196 802
787 1021 3177
916 1324 676
1591 1566 668
1062 1657 2469
147 87 217
1317 897 2439
716 1659 624
1241 127 340
1766 803 1627
867 303 2162
1090 259 3031
686 358 2967
919 1446 2515
1047 1534 1088
1453 558 1635
392 433 3174
832 338 2638
1260 700 3346
1212 1208 1247
265 842 1674
1580 346 3137
1127 1770 1465
974 30 2291
520 804 282
1703 1582 2007
1284 132 1300
964 1407 2092
1100 931 913
1649 1037 876
317 469 3561
548 210 845
1762 920 3121
1600 1069 2251
1133 1570 1487
550 1230 980
189 1775 3394
305 1480 1006
450 1372 1839
1724 1066 940
1142 166 3177
282 1079 1463
1678 427 976
236 400 774
751 1388 328
947 1352 3242
58 1285 2572
1063 1649 2777
780 388 608
1320 1420 1922
422 1654 2933
2 1308 3420
1249 1752 2062
651 1362 1432
1751 1253 275
1644 1036 1712
1704 393 3498
203 1089 3156
1285 310 2516
1083 1648 1447
535 1048 490
562 1000 1402
908 834 2299
1563 206 3293
1085 57 3110
336 802 893
833 738 2451
785 1701 378
1303 1446 889
605 147 1707
1228 1156 769
1110 85 837
313 483 65
346 440 612
1513 1299 927
1497 551 1937
122 274 2116
451 239 1349
692 1348 3265
815 1085 3415
1268 1448 342
912 1696 1004
469 488 2430
1405 790 2127
1119 450 2058
1346 794 664
503 989 2972
423 1608 1046
782 905 435
704 1094 105
1070 1472 1715
599 1607 2406
799 1189 2734
982 1779 457
548 665 457
243 901 64
1224 1554 2409
223 599 1928
1078 1466 2650
738 1549 2619
41 196 1154
1796 1429 883
47 110 507
221 1685 3420
1016 841 359
1342 58 2304
212 328 2934
1416 135 1685
394 182 1035
1437 186 2272
1624 345 979
1469 694 937
1769 1602 182
1291 1761 1902
816 858 468
1492 1424 1966
814 260 1844
1293 322 1527
348 1426 466
1514 603 331
127 464 755
1561 930 1896
731 703 3543
382 53 3321
790 1093 3151
1369 346 2420
512 16 3549
222 195 2989
1352 376 3412
91 1561 1397
1647 412 2745
1054 366 3246
747 702 3579
577 1709 3410
1768 36 326
584 1080 1852
969 467 1623
1502 377 1445
1269 1792 1904
893 545 1379
13 1666 455
438 1554 39
1717 1618 2827
1267 1346 1281
229 638 2232
938 454 560
71 62 2495
1499 93 2371
301 552 2221
637 91 1130
834 361 2360
346 1727 3144
146 624 3231
456 278 2702
569 1407 1835
729 494 2549
611 417 309
1381 849 2281
1740 746 1309
1415 461 1688
253 990 2150
331 592 1083
1125 116 2452
477 425 3090
965 1155 23
1486 575 2688
805 1563 2922
703 223 373
176 1250 283
307 900 241
791 998 2978
1756 976 2039
1297 148 3539
816 1719 330
46 1342 594
1504 98 49
1161 138 1496
691 1784 598
11 411 963
22 738 428
530 334 1245
245 1006 973
496 1442 1639
1060 597 773
593 906 529
1238 963 643
1104 378 3454
188 407 191
1387 1770 2985
122 1141 2422
193 1578 2864
667 1299 3116
164 789 3592
1454 671 1706
495 1627 1967
552 1523 1177
1607 676 2052
278 276 3583
127 116 3334
1669 1501 163
214 507 578
979 300 2016
1734 940 246
341 780 3383
1718 1739 3340
219 1010 2217
455 937 2465
877 382 2858
547 1373 2400
1359 838 1086
270 1019 592
974 617 2927
767 876 257
316 1726 1016
1356 211 2153
1619 1663 1203
381 101 3171
846 49 2897
1687 1530 2281
1197 1133 1927
1279 1753 1624
122 1653 2956
34 1357 365
1609 1133 932
1643 236 3022
446 1149 1439
1370 1555 995
1461 881 1892
1278 1086 1019
185 90 3457
293 197 2791
1762 861 1929
331 1055 2904
803 958 3161
1622 1767 3428
396 1584 552
439 333 799
772 898 2596
688 337 214
906 639 3336
1454 681 2916
246 123 1762
1249 1460 35
1146 619 3013
1743 543 2578
186 940 370
1214 623 898
1046 1616 2289
1463 468 623
475 49 2894
865 1635 2991
1479 508 3328
47 679 851
624 1009 2274
778 229 3234
10 740 3443
932 1675 1385
1496 1628 2840
111 1653 2522
285 1595 2771
504 1280 1590
1448 1246 394
1023 1129 2331
1494 383 1088
571 168 799
1487 497 1519
1252 384 472
441 950 2408
246 749 1247
1128 590 1863
1702 1255 1458
1750 1681 306
1638 1349 1691
390 886 3468
1673 1687 3332
132 154 3424
622 1466 1675
1703 492 1676
516 447 5
926 1282 3050
410 1631 3419
1315 1311 353
12 194 2194
1434 285 3169
1252 1085 1125
327 63 594
1096 1174 2810
579 518 2735
900 1101 189
941 35 2402
379 1622 3196
239 1650 3032
167 1718 2118
1270 1385 3344
970 1574 972
640 620 1836
447 4 983
1314 1368 1306
1448 257 3425
1112 1658 613
1712 544 2922
233 1535 445
1226 157 1094
603 1696 2800
1258 864 347
837 636 3096
1630 445 2151
1203 543 2955
773 897 1418
177 1149 272
534 1309 199
1286 818 3425
494 623 714
843 1174 1883
190 995 3047
766 327 1718
1769 1504 3133
1323 1689 2590
748 450 790
1479 925 2047
1144 950 1046
656 1204 2234
1116 440 1295
110 438 1427
382 1285 3566
216 87 2198
987 29 2000
819 780 3339
580 1107 736
1581 1260 2416
1617 248 3425
973 1785 498
1548 44 71
148 1243 505
424 1526 571
392 1668 1721
890 1466 3461
477 52 3186
606 211 2695
526 155 956
148 885 2734
1741 1584 1857
1693 466 1669
612 646 3585
1325 1342 968
1082 1332 1670
1486 1387 184
289 1496 2277
482 939 605
1562 1317 2407
1198 1660 3061
398 554 2894
694 625 1146
756 1676 646
904 650 2115
231 830 433
1544 982 2883
1430 815 309
1660 1308 1613
312 711 2994
582 603 586
697 772 1009
1625 1556 1337
1429 438 1739
1099 970 60
983 917 1744
689 819 892
1444 196 3270
1183 611 1576
1135 548 1491
1090 90 1521
987 483 528
106 214 2218
747 666 2614
1436 1359 2389
1398 455 1620
979 1234 1947
334 3 1808
1523 60 1690
1491 460 1738
32 543 2420
1028 89 2186
1148 952 2876
1050 1246 694
1396 1664 2446
870 1261 640
685 517 799
76 1607 1022
207 868 2937
1783 595 348
806 448 432
316 1722 2130
1351 1329 3015
1781 109 821
1311 1128 3149
535 90 1273
1009 599 1241
1784 981 1189
1794 973 873
1023 700 2022
224 29 3010
935 1132 3434
1396 1482 444
1265 61 1992
72 489 1972
386 1411 2483
1611 605 3580
1319 59 2200
38 667 807
423 1008 3393
74 777 766
1643 184 111
306 1766 1669
1590 646 2363
507 248 1496
1385 820 724
765 1130 704
295 263 69
13 1650 598
1391 1535 3127
448 364 567
857 856 1091
1798 526 1224
1358 83 1148
618 1035 3336
634 1583 1174
1115 1604 679
1616 654 2568
720 1674 32
611 223 1785
196 877 51
446 878 1857
1163 1146 1727
1230 951 25
1190 1403 3438
808 1132 1965
1573 517 258
994 1797 3292
691 337 191
824 825 297
338 55 1955
472 1784 1347
1101 411 3180
1212 1678 471
1729 132 3279
1693 1792 391
662 462 496
1617 1663 3053
1168 334 1099
402 405 2751
675 1515 604
886 1 1231
187 1759 3428
600 258 356
1018 1662 166
652 197 3021
1116 1055 606
1146 1093 3167
1792 1043 391
223 196 2407
46 743 479
1511 1799 410
859 787 2137
23 1087 2815
1628 576 1524
170 338 2361
843 722 797
634 16 2489
286 760 3444
1717 1581 1471
1469 532 3037
617 1335 1715
360 1545 2313
522 299 2229
543 482 663
88 1765 827
1454 882 2637
35 898 1867
717 1247 2081
529 763 164
1270 1485 375
1259 1002 1232
616 1267 1700
1276 1352 2219
1275 219 3498
1471 815 3154
111 451 2018
353 1465 1786
1350 935 1366
82 859 1615
145 567 844
1773 1185 544
1225 940 2964
1693 1357 2767
396 1790 2044
1619 816 2831
1208 742 2830
1290 1630 3557
694 1143 1110
1091 1243 1152
1134 843 2686
941 269 1211
105 1222 3454
465 1789 3156
496 1599 2422
686 1036 2955
1183 253 302
86 1038 2775
700 900 2395
277 481 1190
488 1250 1791
277 894 589
597 1033 1008
610 89 2662
1455 1696 483
1760 610 2683
1319 747 3233
94 985 2037
264 409 884
1135 1716 2898
1262 1728 3145
271 1713 3586
143 1272 2929
972 1610 3420
717 52 2579
27 1629 3480
191 1497 1039
486 391 1726
574 679 1550
1536 338 1479
655 1206 790
821 994 442
1291 247 3153
490 224 2888
1726 718 311
458 1195 432
382 384 1732
1548 530 1847
1287 1679 1802
1253 78 534
1016 1306 148
107 73 3099
1379 1485 2154
1458 1551 3501
498 873 673
1730 482 7
884 509 3600
486 1749 1797
241 556 2383
1732 143 2878
620 1203 130
1322 1016 2686
968 469 34
1523 523 1291
555 192 2933
388 23 1386
1689 1034 1761
1401 995 118
273 921 1268
573 60 55
279 7 631
1312 431 2938
1020 1613 825
1732 700 2606
583 1260 2307
1675 835 346
1769 243 1382
630 1720 2530
185 187 2284
457 472 3507
1305 1106 756
1427 1319 2261
464 986 1022
1014 73 2016
136 1254 214
1012 1340 2123
679 1222 433
840 325 235
828 609 3133
885 111 1773
234 369 10
741 1150 204
880 1636 3458
167 118 1489
1578 858 1791
620 553 3441
774 199 2248
148 1030 2005
535 688 3387
748 1111 2313
915 1527 1240
1434 467 536
1390 330 987
1418 286 701
403 631 2928
1595 1185 2813
956 1126 898
1080 1528 2422
266 1478 2844
1156 156 2956
568 1052 3336
788 646 1064
882 103 1171
705 7 2288
485 1473 1925
70 587 2619
1399 1162 2316
226 444 745
201 448 1010
1637 16 1189
1392 299 2489
261 508 2282
720 1685 3566
1021 207 1902
1498 619 1247
607 207 657
524 1299 2564
654 399 828
615 1722 3446
1368 940 977
33 883 1966
1786 1073 833
1541 1073 780
1306 1579 3289
484 487 163
1202 1119 252
33 240 3099
13 236 130
470 827 365
1456 803 9
1354 395 444
333 327 302
888 964 83
1288 1204 139
1305 568 374
515 1566 351
1499 435 3586
1604 1546 3246
869 1011 1745
60 328 1920
995 1242 743
522 1166 3332
1469 146 93
1710 1096 3169
796 1439 3475
842 1774 1663
1128 575 2123
1458 881 3173
520 1411 1338
108 1591 1121
985 1469 2461
641 611 2757
1003 915 560
898 1611 1250
1341 411 402
162 829 1491
1496 1236 703
1347 973 2958
114 100 2065
876 540 3042
1300 1292 1663
149 1612 3106
355 805 3057
1752 1592 2657
135 870 343
171 1470 2609
1154 695 1079
858 987 1880
1 363 3149
488 542 636
126 786 93
1720 120 2247
1247 244 571
962 845 3321
714 1083 1388
788 430 27
482 1757 3340
1407 668 522
1408 109 2681
1111 968 567
1092 1741 1953
375 1117 3119
1778 1480 853
653 1232 2813
1194 1076 1607
488 764 1103
1721 342 2002
1533 709 3178
1293 34 2039
1449 617 417
712 671 1735
603 203 2459
893 1463 3312
1025 865 517
801 635 2714
1121 1235 2430
489 1726 519
662 604 960
483 1318 3354
1259 375 2578
517 1631 1197
780 1170 339
174 947 1310
1301 270 101
1180 938 664
1245 1535 1689
946 976 764
1508 448 1535
1077 1641 2779
1156 55 983
1696 808 1030
711 336 779
243 1559 1005
1166 1361 1369
378 1541 3533
207 1000 2122
917 1571 2480
476 1106 1029
1746 1103 3153
348 437 3133
1175 1389 1012
606 1153 2319
322 1736 2557
1611 226 3560
1332 1452 805
1770 1286 3564
724 821 2567
263 673 1561
1632 906 3307
1591 1093 2716
1111 874 538
1150 88 2196
923 377 850
780 563 2625
972 609 2432
1577 1277 2566
0 724 2316
1181 416 2716
9 605 3390
561 830 1605
924 966 2915
731 1111 59
1009 328 2149
485 7 751
1548 451 952
1002 1596 870
1044 821 3264
1206 1596 2026
1795 1408 2722
255 589 2911
1642 333 1429
497 77 343
210 670 2748
6 1386 588
68 1397 281
1273 78 1731
738 749 786
1069 464 635
84 317 530
933 22 3579
1337 219 2771
802 388 1357
373 1449 2249
679 449 2553
1335 565 1475
534 600 2513
1513 1701 2696
1166 1571 1074
206 1767 1391
1786 1407 2927
698 475 2644
125 804 3277
1518 519 2094
951 84 1798
1048 1388 316
1318 1629 1712
782 347 3510
161 175 2975
587 920 3123
1208 1474 3170
1270 1319 2685
735 12 1198
294 796 631
1220 734 950
213 971 698
406 48 2313
1178 3 2290
1534 686 3324
770 594 935
1777 1078 98
660 1441 2943
1611 466 1055
852 1524 1387
988 1160 2790
359 1307 2345
1430 545 2429
1074 888 1995
1276 260 883
987 509 389
924 54 1254
337 53 3426
1533 851 316
354 269 333
1647 1059 1407
1569 1536 343
351 1458 43
336 1444 1832
1707 1445 2161
1614 372 699
824 1202 873
763 605 1299
657 316 1149
539 719 376
1645 588 3489
1161 536 2974
1295 776 3175
227 1238 3098
1787 1029 3068
1631 678 2400
1328 157 3564
815 872 2860
412 795 1071
507 1524 801
896 1778 2879
41 1297 520
154 917 2703
647 1301 1384
534 1472 163
1278 711 284
900 225 360
446 786 3267
1038 904 3553
64 1078 674
371 1440 1250
275 1748 2552
1059 95 2150
200 594 1352
1214 303 1690
1384 139 717
82 400 2942
337 1597 1668
33 227 2551
494 748 1183
425 1032 2919
1757 1291 434
812 719 1065
168 1100 1530
1558 706 2850
486 594 990
241 451 286
445 161 458
428 1378 1602
443 1364 2651
207 320 1580
1015 218 2919
317 1141 1084
1484 42 26
1270 23 915
1682 605 1593
328 1615 2218
1049 1188 3289
129 82 2916
1776 1795 2666
798 1107 485
731 1064 3568
1465 1370 3328
1744 1727 986
995 124 3205
1062 1398 667
702 1488 189
329 279 2050
1067 1419 225
1195 1420 3179
1651 1680 434
359 68 1483
73 867 421
1323 1189 552
1242 1434 540
1499 1752 2104
182 1067 2123
1767 1214 2722
1143 1032 2299
729 1720 2585
1686 1171 116
1508 565 186
1187 1198 1416
391 56 29
1017 747 2527
335 1327 803
358 1358 2035
895 630 1694
337 302 3525
1459 774 257
1603 398 2799
1139 492 1565
1515 3 1650
1563 152 692
1654 235 701
143 890 2085
677 1019 161
1652 651 433
491 334 2817
877 1169 1459
459 987 797
1325 375 141
1537 1097 3338
172 1047 167
1774 812 3166
914 707 2702
1438 536 3272
62 958 176
1113 277 1957
1524 335 2939
519 1281 1490
263 1161 1684
1217 1194 3291
820 551 685
1782 4 3037
1737 1056 1453
1623 854 2012
491 1050 2793
717 772 3567
1667 82 3540
1283 499 849
942 874 1367
613 990 739
881 599 889
694 255 223
534 371 1716
1061 1676 1117
1014 673 2353
260 1786 1535
652 1344 689
1713 434 1418
1386 363 1754
475 1229 1469
1153 701 161
1389 746 2648
1308 1655 3277
1621 489 3463
1509 698 2156
1326 982 3119
961 1020 811
1339 1630 394
1543 703 1451
133 1076 205
1412 1639 3304
897 808 3414
992 1476 3196
1375 563 1458
822 1166 512
64 498 602
367 843 15
252 156 2801
1747 1321 3575
416 448 1854
640 1410 2607
768 643 1604
651 521 790
1395 190 2796
928 167 2034
409 1777 2770
1613 1665 407
353 922 428
1597 1016 2328
1362 45 428
315 1230 628
1679 225 1821
950 438 937
1528 730 1480
161 1145 1313
11 631 2927
1447 1306 2722
759 1561 3299
1440 1609 2754
979 675 933
1007 1287 3286
744 1568 782
1321 856 435
1024 800 2791
1277 1586 3268
53 1673 1450
787 1133 649
1384 1184 1652
743 974 1965
1347 1413 3289
1785 104 2325
103 924 244
344 632 629
453 1114 284
1294 1058 2697
1631 867 3106
543 1686 1176
220 222 1887
1138 1369 1319
264 1482 3276
1212 587 2430
952 810 585
1062 1407 2215
201 1313 1334
1271 208 775
676 294 1384
1523 852 3526
1685 1704 1252
1366 731 644
62 803 1771
319 1128 2075
473 1360 3529
872 1347 1086
1141 1334 45
710 1497 231
1727 1682 353
4 332 456
119 894 2407
1048 404 794
278 1684 592
594 214 2478
1049 120 2284
854 223 1876
1102 1513 2231
619 432 1409
1191 49 1895
1015 537 92
249 2 228
1308 1523 2550
1367 724 1393
1505 1071 1769
1099 240 1704
1294 1292 2293
374 619 1895
440 1060 1531
8 1366 87
294 1433 975
925 451 1481
1000 655 846
981 1796 2190
898 1251 2021
762 333 1362
1117 1402 3332
342 1428 2936
1342 554 752
39 319 2002
931 1320 2130
273 303 1237
1076 1289 3030
996 356 510
970 450 3434
1688 85 1321
574 1272 2913
18 1037 80
1577 846 291
526 229 2730
856 616 2761
1575 60 2093
416 576 482
1566 1479 411
153 407 3285
1090 746 2213
1596 574 2357
1427 349 1565
1236 1550 2486
773 1718 395
100 50 2264
1106 783 353
667 609 3583
478 91 3477
555 783 323
1134 1474 3284
1289 619 3304
51 866 1565
1730 113 2725
522 658 122
1537 804 1172
199 847 2597
621 1509 477
1756 1704 3141
60 634 2785
755 996 2205
210 1284 455
1450 992 3094
1518 441 779
1159 1146 1170
1441 595 2400
1560 1706 3565
1727 489 157
1557 578 2317
795 867 1192
1251 1084 1680
420 138 2480
1330 1600 3115
306 715 1714
383 100 2342
978 715 2850
1073 1653 3138
290 868 2078
429 1497 2340
605 947 706
784 1606 3107
795 1108 655
1087 944 1069
541 761 1910
1764 895 159
546 713 1495
1476 260 930
713 1151 2640
1222 588 2242
249 1794 316
256 1156 1210
1200 1705 166
1017 1632 943
105 1393 231
649 25 3148
36 292 2043
1746 1158 470
311 858 2792
1438 1227 1407
323 321 1174
622 926 1490
1056 97 2903
201 132 3413
422 1462 967
165 365 1591
1564 572 1805
918 709 1736
643 1404 3492
1519 216 1119
237 1676 3341
3 171 652
369 904 2942
387 179 2865
1778 1307 3072
646 1553 3450
1572 966 2475
70 1519 39
1269 1596 1203
174 435 2129
1488 1754 2417
1223 1749 3429
483 654 453
1528 21 1883
1109 502 385
112 943 3454
386 1077 3006
1301 343 1187
1683 487 832
65 719 3216
1689 760 1202
177 595 3229
1598 820 2713
22 1633 1611
1636 697 2864
1271 783 2692
517 232 1913
1310 641 3340
553 357 1255
160 617 10
865 996 2183
508 642 2518
1365 1487 2898
166 926 2406
251 941 1301
276 1089 1685
890 479 2357
1172 1352 923
934 1668 2297
1697 41 19
1373 462 971
869 1527 1520
1186 742 2280
503 427 3422
1449 1206 3474
393 1437 1496
512 976 718
931 1096 2532
1121 491 1935
856 844 1643
1001 584 336
440 1274 2234
736 1562 974
1138 184 2752
290 1220 2853
1441 228 1946
37 1676 1545
1351 1033 2604
672 1184 2278
1610 528 2462
1096 684 2966
1296 243 635
1479 1500 2253
1719 66 817
1574 1418 2565
444 1207 1515
1033 596 3404
975 1270 884
1574 278 346
779 905 322
1486 1300 582
51 1493 3560
555 1154 3528
493 1156 2122
1248 1446 668
263 605 1392
202 934 1993
1741 572 2848
696 631 2759
1660 819 522
1653 1187 2282
829 1148 1387
605 488 780
1175 113 3541
1756 1318 349
977 1619 1181
908 402 3006
937 230 2979
1597 940 3550
1374 1303 1996
428 1678 1769
1666 1652 2635
670 1436 703
43 1360 1959
1243 1176 3496
1190 1644 638
1386 210 1157
581 333 2340
1615 801 1043
57 1763 912
1096 314 3068
1175 1350 1113
699 1396 720
1320 1237 2341
623 1054 2000
658 475 698
1335 1739 1034
511 1210 2298
1408 335 1889
1096 1106 326
102 629 1895
1453 930 2845
976 433 2411
104 213 216
1265 313 2636
598 1339 1193
1124 1674 1609
1127 380 167
892 922 2898
1033 1713 3542
637 1446 824
1709 15 1247
777 610 1212
889 1079 1430
1501 1617 590
764 1151 2439
276 256 3355
71 1631 743
880 566 798
1734 271 1892
1776 1681 3527
561 792 883
1153 1204 1465
500 554 2707
417 1379 2159
349 1529 2354
353 176 472
125 1436 1150
854 987 271
17 581 2631
490 759 2694
990 1443 2195
581 109 303
1391 545 3365
471 734 2516
1298 779 1511
619 930 722
373 1002 2201
508 1636 1870
687 1519 3410
146 877 1471
392 1025 1424
278 537 1573
532 1717 2228
658 137 300
1286 130 410
1072 1502 1521
45 1482 236
735 839 2714
1455 211 1967
238 678 336
736 598 1303
998 129 897
293 1019 1564
1530 1374 1760
1219 875 2877
1409 163 1680
777 1600 2348
1204 595 2463
244 228 1637
88 60 812
224 209 368
495 1249 2391
518 963 223
806 977 1905
963 886 1938
173 1352 908
1738 1756 859
4 1666 1537
114 294 1849
1446 1373 1957
1276 18 2716
543 403 3005
381 1139 3277
1747 1253 3597
1130 1059 303
1588 183 2491
1313 654 1489
1728 1170 1597
1669 1261 1359
1723 605 3487
1410 718 2117
1407 202 3123
1475 193 364
528 1332 2065
1289 327 966
701 412 2964
806 681 1298
597 1267 1380
307 1414 1947
1618 1441 362
1449 516 2846
1259 632 2325
1419 1340 2665
1203 1486 1453
302 1725 2742
1669 454 1865
372 1256 1243
1074 1595 3034
953 821 2046
1487 309 2041
1480 575 2260
973 601 516
1748 1002 201
484 1228 1978
1190 549 2248
559 165 3016
1203 13 1417
1582 1317 1820
1601 1605 2893
412 239 2357
1684 1623 1788
1462 123 2571
1169 1227 118
1630 167 512
217 1616 763
1464 825 1567
1606 614 1866
1169 1081 2385
21 276 249
1337 806 2451
1716 444 2974
1421 1748 2994
1460 1051 1688
483 1246 1095
1079 879 227
678 129 3195
246 85 526
1288 1782 3365
768 871 2266
1132 703 360
963 1488 994
1619 1459 3318
1064 518 2595
1397 310 2809
97 552 1858
775 169 3066
1353 1723 2101
211 587 826
250 996 330
1521 77 394
563 1010 1992
393 68 3448
182 1525 3016
38 1369 2138
1521 201 2540
1662 516 392
152 245 1816
668 1041 1725
1605 438 239
562 351 1088
374 1490 583
415 1638 1994
945 625 998
1746 46 2247
397 1495 3536
296 1168 2491
66 1302 188
959 1349 1558
1737 1136 383
781 404 1277
1595 1414 2903
1242 1055 2348
1274 124 2255
590 1568 481
1037 208 375
1540 159 442
1780 1121 985
1662 1365 3229
1423 881 2753
1163 1613 3417
239 1789 1321
1482 1241 2507
1034 462 1696
991 1641 3042
384 1726 1489
1634 1592 1210
1271 1324 1814
1639 411 3464
1160 1196 2133
1159 1148 1881
1235 1256 3397
583 98 1839
1482 1773 3524
988 1233 1619
1281 1197 451
1685 1267 3382
1277 566 476
279 1481 2289
1726 1158 1258
997 423 2724
928 878 1469
653 1337 2292
846 1430 3363
873 1722 2465
1008 298 2726
1647 1217 1451
634 1788 216
1652 1077 3480
724 510 1511
1783 482 1937
527 1359 2295
1542 929 2151
1673 1230 2709
986 1108 532
257 342 1719
461 1250 1728
870 1776 2584
247 1559 1577
954 90 0
1755 119 2117
1132 597 3553
625 1015 3423
1648 814 3456
1547 452 1589
560 1507 2727
1764 1535 65
393 1679 797
735 1118 73
1265 1222 1171
598 582 385
994 585 1294
206 128 1155
1738 1116 2102
385 1668 484
712 534 3473
610 340 2305
1658 1012 3173
1237 1130 1903
822 492 549
1646 1606 3423
1417 595 2642
1431 860 22
1467 1106 2959
1207 290 238
752 1495 1085
790 65 740
19 1224 1805
528 1214 3082
1731 1344 3571
1327 539 1340
104 1591 810
592 451 2570
457 195 756
69 963 2202
1674 552 1495
539 1428 544
1576 1476 553
1553 1159 1056
118 24 2843
702 801 1480
1612 1197 2182
14 293 1626
1314 1502 3186
1075 641 651
1641 466 3551
244 828 3373
247 1600 2937
1041 82 140
1020 1443 203
204 610 1389
1131 930 1841
1738 1448 1466
833 598 3425
1694 617 1689
121 536 1155
1119 1384 3272
59 1254 3074
963 156 2408
419 686 672
131 1777 2876
1794 1038 3249
1478 821 2639
705 42 3234
255 1658 2095
1073 1268 2649
1058 714 269
268 1679 1620
349 677 567
724 201 1895
467 164 2254
786 314 112
517 32 4
834 1593 977
713 122 1172
987 1626 3566
1309 1052 2530
1197 12 2314
795 930 149
278 1054 1585
1477 936 1199
1104 1788 1510
1670 509 2948
545 1598 2023
473 281 1789
1351 389 3044
956 1372 3209
264 1198 3600
656 1754 3153
915 1637 415
178 588 2502
761 853 2198
1598 883 270
1498 1205 1298
1549 203 77
1158 229 278
712 356 699
1647 1196 1769
1029 344 2853
1215 178 2303
464 1069 2860
520 407 1166
200 1031 2450
197 370 2207
1039 1517 2972
220 1195 2611
841 1087 1726
620 1089 2290
273 885 3066
600 1044 3584
1250 1605 2137
1621 424 3218
939 701 1948
1136 240 2574
1057 1396 791
1418 27 2828
1276 370 1602
1428 80 3275
708 641 612
1580 338 1913
627 1751 1677
71 1718 2393
1761 928 1183
1493 427 183
1205 833 462
558 316 2472
1364 675 1908
1078 1018 188
768 368 3211
1161 839 428
283 1250 1717
1117 613 1016
685 471 30
1066 806 1449
1354 268 1685
1376 1091 3436
582 1332 297
1734 168 2535
722 1436 3451
1358 505 2986
345 1580 1076
22 413 197
740 462 2868
185 708 1393
74 901 569
745 501 731
1599 311 3476
1150 668 1114
217 103 914
1143 265 1221
1656 1539 2952
1010 1585 3091
30 829 3266
590 729 2559
422 1554 3592
177 1428 3458
255 1210 1620
109 393 2415
1016 23 2122
137 1742 841
468 1795 2067
986 216 1772
25 1340 3307
814 708 2892
426 1517 1936
1045 533 2003
992 542 3200
1754 573 1551
844 960 3391
1515 1550 1003
1387 1462 3286
637 1090 2855
1378 361 2415
511 554 2935
126 711 2393
226 272 1512
1212 1110 1489
26 883 1702
1363 1395 836
495 1661 3532
1285 1181 1721
1337 1667 568
1775 1551 1908
296 1044 1790
1079 1654 3383
249 1491 205
924 207 838
208 1110 3555
493 1676 241
598 1760 1260
955 1733 2779
944 314 3066
602 565 3031
140 889 1620
235 481 3446
220 990 915
173 1485 284
874 1080 402
1586 1779 1502
898 179 1762
700 1059 1882
990 1385 1412
391 1204 285
628 121 2996
935 452 2779
1606 1041 2760
101 512 1467
1353 189 2766
1056 1565 2223
1035 980 739
1019 974 341
1565 1374 2383
1465 393 1390
1250 56 1571
279 82 3226
1338 1397 2403
823 1686 2518
1557 640 2619
404 810 536
1170 350 628
481 1124 1780
758 972 65
152 1621 2151
1055 829 509
1645 1451 1609
1401 310 360
596 1792 470
1733 1585 2098
997 1561 3510
1431 830 538
763 270 611
1662 1430 1574
1741 1030 582
1586 1724 3055
1152 313 1156
934 212 33
1328 556 3536
604 1088 1232
990 390 2129
1117 1699 3433
774 427 315
813 1524 2075
1341 1699 2243
810 732 2760
544 421 1341
149 894 125
1233 1474 647
477 546 2378
557 79 3299
966 1563 1089
129 1123 383
380 794 2999
1311 399 766
1251 59 3433
1408 1329 602
954 83 279
1777 882 1541
1225 628 2584
674 1308 3540
1017 660 2413
1252 932 2327
468 1563 2248
1391 587 1159
782 831 900
1333 632 2193
1687 556 2328
667 1728 1189
994 1417 197
597 1245 2504
1524 556 1574
643 787 3157
54 881 9
589 1414 2719
298 281 2774
1360 1598 2723
594 443 30
812 1626 774
1788 617 50
1471 1790 3385
267 588 414
25 788 2298
145 117 2361
85 403 130
306 1054 3097
610 1159 2262
466 1102 2832
453 540 3453
112 122 927
1171 247 1698
885 1592 952
538 1033 1399
1172 1509 704
84 1282 3489
1261 1613 2783
18 1185 1809
3 1334 78
1313 1031 1528
1424 1194 539
1287 1242 2132
1146 427 1612
1550 346 1551
54 1582 2819
644 1606 2658
706 552 3128
525 1287 2848
1554 1342 2030
1573 1662 2924
876 683 1419
1222 1746 954
405 918 926
1089 302 2357
116 992 916
1581 1069 1138
259 1587 3066
335 694 2477
636 1724 1850
24 1769 2959
1591 266 805
1373 808 943
1433 355 1095
1201 69 55
399 949 3172
659 695 2584
1682 10 2770
862 115 2720
1416 961 1708
1512 1521 665
1476 1451 2429
522 1501 144
929 287 2993
220 725 2552
847 1544 64
302 1137 210
253 1144 2504
1349 347 1487
1533 1503 960
746 80 1813
251 1716 1615
1693 601 1371
882 1566 229
547 1088 1803
1403 159 111
1262 750 3030
1296 1715 1478
1461 1591 2243
1593 82 1256
198 1480 3553
694 175 2893
1451 1729 769
733 1259 2341
1510 1344 333
1459 1687 124
1640 1219 3049
1349 1157 474
91 779 2910
502 1558 3181
1650 713 857
297 391 2109
1495 1429 2606
214 752 1309
1091 1284 2398
43 553 719
656 48 1858
460 654 2431
1034 85 1375
615 1744 1000
1053 1560 888
1067 380 1024
1265 1014 3544
1385 1146 2458
188 1781 1438
205 179 2287
844 276 3075
186 402 1030
325 792 553
299 644 2565
475 1022 1725
1227 597 847
1334 1396 3034
542 151 1918
1642 1312 123
1361 1471 2499
262 1649 3087
633 1488 1605
1210 212 3322
588 1500 1873
411 90 1312
1425 583 954
1084 1594 3458
836 1016 878
739 686 140
567 598 889
1197 1623 177
988 1091 1989
1459 572 52
658 866 435
1538 1095 2251
1799 1062 3456
792 1536 565
23 471 230
172 813 3110
1544 1052 2353
1052 628 3115
906 1057 16
1005 1638 1869
654 344 1133
1335 1445 3343
1616 162 559
53 1020 2473
904 864 2068
1686 988 2112
1767 684 1482
79 130 1093
479 586 3122
933 853 1149
1492 652 3126
1339 1420 2209
352 577 2058
1240 581 1973
1656 615 1250
53 259 1840
1626 727 637
1655 1216 1810
608 391 1873
1165 1596 2903
570 621 2845
758 0 2586
1544 973 2780
1548 1222 1981
514 846 2009
404 1170 731
1282 1209 1690
342 162 1057
272 695 2704
1623 577 151
1539 765 363
99 1465 3341
147 443 271
280 1793 1240
436 59 1585
298 1031 3053
1053 639 2158
594 1162 2307
914 862 219
1679 1494 2766
879 1502 969
310 12 75
1179 1032 2689
1005 1040 600
1115 1030 2532
111 753 2126
1540 24 2073
1317 1668 119
875 318 2251
1350 489 2893
62 692 892
1455 208 3024
1234 323 473
89 1094 1845
559 756 1743
1019 860 3212
198 1329 2294
936 486 341
1019 34 1533
1382 1189 705
1571 977 2406
1392 235 2098
480 32 838
1564 1501 1370
585 186 3531
1543 810 1403
108 1229 1110
740 1031 1381
1588 591 66
958 133 1415
1547 332 2946
676 1372 3037
219 927 3365
1629 270 1317
557 10 2479
1435 1459 3466
919 937 3297
995 1772 317
16 1118 2310
622 1341 1942
271 1055 2480
721 1019 1944
572 274 2957
1148 1590 940
445 1722 3566
467 1765 288
517 1110 2421
1678 1778 865
1592 250 344
269 1660 2632
775 813 2028
786 349 3404
1722 1300 2713
912 607 3512
1116 21 1428
1467 724 2135
83 1113 3429
969 259 2671
976 228 248
715 1183 80
399 1254 119
1160 1285 1839
1122 1325 3156
1221 767 3526
169 1573 458
239 63 1602
1197 882 3329
1291 549 569
791 1682 3554
967 454 429
1690 1427 3331
202 958 458
1087 847 3558
957 1416 3575
94 1453 46
1676 1308 438
666 1799 1235
1372 269 1650
1098 480 2730
627 153 2457
186 846 534
854 1315 2898
721 254 1123
797 71 3068
593 1453 1577
1512 1674 3095
109 348 3146
1501 1478 1452
1134 1558 1168
89 1561 3393
1700 1374 1444
1379 1761 1828
326 1016 8
1649 807 328
1192 277 2040
462 1423 3177
37 1040 20
404 919 202
261 1401 2421
781 693 3090
1036 487 1843
1642 1771 843
1691 764 214
1423 1343 374
1168 19 772
1406 1606 1087
439 1350 3388
1719 1162 3575
105 478 402
858 859 3377
515 1208 374
698 1398 1891
1447 341 1397
531 1042 1622
1132 909 3072
1678 140 3286
1737 1639 2384
887 1512 678
1483 1480 231
730 1082 1222
1014 150 2935
219 221 2167
1292 539 1368
916 1216 3554
150 625 1509
304 987 2887
528 319 765
1084 563 586
993 87 2894
1426 1713 1930
121 1586 3531
433 1123 2838
450 1652 1405
381 1485 3507
1249 1284 984
1504 672 1358
1622 1017 2449
669 1412 1703
1341 1733 2581
327 625 2854
394 793 1403
233 902 2633
873 462 1157
961 1494 1842
1310 793 167
1584 657 2373
1659 1012 2198
1232 623 1228
1755 794 1432
1174 446 41
955 1399 1844
1758 292 190
540 1661 2100
1026 843 160
884 1319 3248
32 1090 2244
771 765 1254
311 1388 3118
563 1292 2014
863 5 682
1780 736 209
1452 1127 2612
338 808 2070
1443 880 1886
1054 998 748
1207 1786 813
829 1235 2480
832 63 2226
1608 140 3507
1388 301 2127
818 1798 3486
1494 1251 2125
1695 878 2947
1591 566 3269
658 815 3410
376 1263 1046
108 217 1373
551 691 1404
1206 990 1435
1114 1669 381
564 1026 1465
1683 1431 1862
1145 764 768
1023 852 2835
1331 341 2507
977 265 116
1750 991 172
739 83 2370
1575 236 1558
1139 1665 2819
763 1190 169
599 1245 1741
1283 669 1099
1457 302 3091
1176 1570 2526
880 104 876
1258 1026 998
1065 129 443
288 878 2731
874 268 3056
726 839 2932
1140 1174 3416
1017 1021 34
577 1039 1209
1305 83 1710
978 1164 2981
1277 1339 2738
1334 1658 522
391 1028 937
1147 659 1177
1618 61 2427
1362 804 990
553 1413 2064
1610 1076 2805
919 702 2231
214 1251 1922
695 1006 3120
1308 244 2103
529 672 525
1186 734 3098
1248 74 1385
375 1743 1920
661 1318 2761
839 1718 1701
602 1419 2475
799 1125 3102
846 1602 3025
602 1378 2472
582 1667 1744
927 628 3015
1567 1292 2479
923 844 2
225 114 3434
592 963 2265
5 832 515
1585 1334 2831
1579 1381 3039
1126 1479 3508
1103 689 681
1743 1433 2801
1223 916 1625
1749 1255 2852
1612 1634 1134
841 1019 323
153 127 3511
436 1648 2713
1622 1051 3109
666 819 2718
654 1428 235
1394 873 384
1422 141 1934
626 1359 3203
639 357 3066
609 713 3053
1330 1377 3115
1673 1266 1495
737 508 3456
794 1631 789
1461 1603 232
84 1515 1445
999 674 172
929 576 1742
990 1145 1708
1731 310 0
937 374 2296
619 47 1094
351 824 1656
356 113 2707
1241 1417 196
195 1630 362
1741 1722 460
1670 1792 135
616 218 3079
1326 1163 2196
83 1739 1417
502 373 3555
622 660 3098
732 163 76
1090 1356 1004
586 1699 255
546 190 2808
209 776 286
1667 264 2075
1681 954 2675
1049 1165 658
482 405 1277
949 1778 1148
283 803 726
1137 536 973
1031 1453 2963
648 1431 2134
1447 310 512
135 1123 990
1202 1046 2724
785 1636 3419
1796 434 2063
209 128 950
194 1760 970
190 1131 2651
504 461 506
779 1443 1332
1620 404 3556
1422 144 749
58 535 697
909 436 366
412 1336 2522
1215 1112 494
187 910 1987
1472 477 2538
285 572 2371
680 710 3036
550 230 3091
1047 1398 739
108 587 647
836 1652 1673
531 1604 3301
870 1476 2643
1207 963 3421
1714 418 2975
1673 685 2673
35 1084 840
321 1726 1707
1633 208 1729
1500 1166 945
1091 588 943
1410 1742 2411
1220 1124 1270
248 1497 1025
1313 1381 2983
1555 362 2963
874 38 3110
32 319 2376
1193 496 3165
1107 889 2081
788 1192 726
1329 1610 3416
941 1251 2491
93 218 2004
474 1741 1925
805 254 1880
1715 339 2106
157 2 2583
344 1634 2820
1216 255 1391
1298 1575 3360
1405 1514 1398
109 1522 2046
1345 95 1134
1144 1460 1480
80 1469 1789
1173 1195 2103
852 533 748
1039 572 2143
250 977 1995
744 94 1132
1350 821 55
1643 363 3478
172 810 1221
1663 564 2544
144 1 949
1033 837 1878
1162 104 3318
901 219 84
679 168 2013
113 1090 288
530 1070 1297
1304 296 2747
368 662 3484
1347 379 497
474 1690 1561
1101 254 2111
1487 81 285
94 1088 1285
1404 1475 3394
1706 335 2784
853 89 2839
434 392 2821
1724 290 1467
1750 652 3226
812 500 1806
167 1654 3176
160 1473 2119
668 789 1004
1748 326 1423
380 56 2644
1057 1567 1411
945 1340 3088
305 161 859
920 611 593
462 706 3396
1465 127 2077
545 526 2699
913 485 3102
638 1344 1978
63 1079 2230
160 246 1366
754 488 1792
1688 66 519
1532 972 469
1011 395 3305
804 53 193
1798 253 722
952 1029 1739
1002 1600 215
1273 623 1016
902 977 3504
1327 1695 1857
276 55 370
756 713 339
720 742 399
947 63 164
863 1733 2522
671 134 2547
566 273 1862
836 1726 188
693 197 2847
1236 725 2000
1266 23 1594
1757 1155 2740
1133 205 392
765 68 3357
1414 1695 2844
1462 118 1595
63 389 2100
16 154 1978
123 363 1352
1242 1781 2691
807 476 1205
1365 313 243
1251 644 1784
1660 249 510
1006 1008 403
163 1469 2282
972 532 743
130 457 1062
899 1056 1819
1649 1258 3464
1445 1637 3534
235 1623 1647
1439 762 845
381 1441 457
710 468 2318
1742 652 815
1245 3 500
744 1636 620
1556 29 3477
1439 125 1406
56 520 2665
1712 1358 3519
723 627 2120
773 622 1189
1273 1618 291
1789 645 1686
1325 1338 1332
420 885 1800
530 319 870
1772 1345 2683
47 771 3568
1211 55 1082
1572 585 1401
1582 1306 734
734 941 2099
1142 1529 177
134 1246 928
500 199 3540
469 53 336
1545 1012 1623
1457 218 639
1761 747 2433
903 1395 3472
1556 1515 1057
784 1767 2681
1460 888 1798
1668 300 436
476 1393 2307
678 841 1043
762 725 3549
467 946 647
551 1379 2916
1367 666 3057
22 1218 273
1708 451 1478
449 299 780
1711 857 3548
1399 1662 2677
1554 1715 2387
523 1711 2433
911 515 1721
1222 1033 1027
858 333 782
176 928 3346
1546 697 1611
786 1089 3318
340 1307 1328
1424 958 1851
314 1351 1873
484 294 2900
608 1189 455
689 324 2525
66 78 3386
232 430 184
1604 517 3574
466 1725 1702
1026 1107 1369
1605 149 2809
1425 731 2131
6 1759 689
1277 263 1669
352 1108 1231
443 823 3524
531 248 1501
411 823 154
1701 840 3316
1000 1667 2241
1561 351 188
1598 1161 2338
146 49 3222
1494 1133 1907
1026 661 3269
1753 1670 1840
1134 60 964
1490 1603 1402
174 736 21
466 1656 3499
268 1578 1357
888 1189 683
84 692 1296
485 1597 51
1658 935 2600
138 206 2497
28 1321 2294
1027 843 1946
208 1128 2670
1316 335 3405
549 357 1260
1226 54 3211
1138 503 2479
1260 704 681
1130 1582 3179
310 582 2012
470 1025 27
1253 1604 3446
836 826 2019
1489 909 3205
221 268 316
128 1123 1110
603 646 1849
961 812 1800
9 1635 2579
959 174 1901
1490 422 1746
1219 198 27
1154 139 2284
463 1659 1486
427 1436 407
347 1142 2383
129 1124 1367
57 408 1021
1097 1350 1448
1487 1132 3540
2 1166 384
343 1392 1103
742 1338 3572
127 556 1286
934 1300 3028
803 1446 568
1432 274 2564
1042 1311 1872
131 1690 3051
287 1260 1263
577 313 1428
1599 259 3072
1754 323 3254
1228 168 1512
850 946 1566
1529 1466 2262
626 484 2770
965 1768 1455
1187 1521 618
1709 1491 1335
1348 490 2938
1114 247 118
1356 1513 860
331 708 2976
1708 1418 1397
1388 303 953
548 1016 1897
848 1110 1390
8 222 1645
848 1783 1060
420 107 210
175 1582 1403
932 327 2363
155 306 3048
945 718 1979
1542 1502 641
1237 1363 360
171 835 2425
1728 827 1569
895 1300 1786
242 505 3432
1644 579 2142
843 1100 420
31 904 2303
186 1028 1446
690 807 1287
287 1726 54
1199 1400 3229
763 600 2913
211 596 725
1285 86 2519
1242 239 2798
518 978 411
77 115 3529
322 140 3243
333 136 1203
1073 338 1048
939 1044 131
226 1040 2746
686 1174 1604
864 1283 1079
544 1435 2582
1314 1427 959
115 1496 3456
1674 976 1616
855 938 2645
1433 1229 3287
1796 716 384
117 921 2158
991 204 267
745 847 1023
941 1166 911
1312 85 2746
1309 1263 3326
1730 215 2624
657 25 2707
1182 1796 325
1033 1504 859
1137 625 185
1292 747 3549
1434 1664 2659
1188 1278 2663
1131 302 3194
1768 727 3393
981 1491 2201
1094 88 2895
1119 845 1482
314 83 2393
1528 1285 2113
42 335 2517
1115 1335 2405
419 251 539
1616 427 873
1751 913 1588
571 627 1815
267 1118 1551
1280 334 426
1718 361 1108
726 1222 356
492 1235 1804
966 715 1785
369 459 3492
663 318 1584
1375 680 1362
435 595 2267
251 1702 2821
818 1158 1306
992 1775 669
1696 1459 2719
187 257 2273
414 718 3596
1525 486 79
864 1318 2069
1129 828 2999
1792 942 2719
1790 437 322
1065 348 2389
1153 873 1636
768 438 1033
1764 1140 2979
1437 298 1312
1073 1186 593
648 1171 1978
1745 276 2244
876 1693 2513
1497 1631 747
61 384 1147
1786 1165 2981
1117 1017 1780
1544 278 2295
1239 710 2612
604 1631 2039
1177 490 881
1264 700 1688
241 1433 2016
886 1760 415
602 304 2207
1506 26 1084
1015 1095 2510
1200 525 2804
1056 715 1741
1638 170 2301
453 115 1527
470 934 2223
592 1477 2518
41 1433 581
1198 356 2340
1707 76 660
350 1347 2407
1453 431 32
1107 1427 2362
1344 1686 3245
1010 440 2470
679 439 3355
227 1719 130
431 673 2866
1338 1326 1368
1372 1036 3122
1559 1681 655
1457 1532 3493
1332 551 2618
1668 681 3029
341 713 3236
1797 263 879
677 271 66
1289 1635 1771
379 292 2036
1342 1726 1589
1593 1592 142
1509 825 3370
1689 1252 3423
1380 835 1746
688 395 3360
1625 1414 2503
1355 987 2622
30 89 314
1403 368 2300
572 1304 960
360 1414 2020
1761 798 3147
636 1524 1169
344 212 1746
1436 615 2586
1160 1592 3506
471 373 2943
1416 421 1870
210 351 1269
193 1079 2416
105 506 2268
1550 764 52
554 1101 1898
431 1174 508
1088 1409 2579
459 1010 3378
389 1265 3010
1590 449 3010
1395 1233 358
1383 925 1484
447 1561 18
1012 1370 120
1687 1229 1268
1368 1006 2281
530 1757 1968
657 1380 482
1177 426 985
96 261 1092
1672 1384 2899
585 918 856
313 3 800
511 1204 3
895 481 1946
863 1589 1084
1185 1189 2210
1399 1070 1022
234 1482 114
797 1474 3069
1653 603 831
45 286 1355
601 648 2709
1787 1732 656
1785 807 149
1109 1690 463
154 913 3031
1707 1127 2506
1439 667 1396
729 417 3490
651 969 3563
122 1011 1088
509 1151 3329
1723 166 2925
1504 1485 3186
1261 301 507
1097 59 1405
1158 1285 3195
794 1466 2478
707 876 1100
698 1416 3337
1178 1464 3069
1488 1537 1456
698 1297 472
1783 477 460
54 1399 3185
1390 1168 638
265 1772 2324
1095 701 1762
744 825 2490
703 1535 3145
1677 1371 388
1472 77 2963
861 604 684
1492 869 1580
1209 1237 1603
711 1709 818
541 242 2354
213 1280 434
1603 880 2463
1608 308 1106
1030 1227 1730
837 1221 2648
967 1059 986
1262 1067 2135
1332 1406 3129
618 369 2244
1489 1095 3386
930 624 410
1569 551 3544
629 462 3371
1763 751 2366
840 211 2128
524 1555 1757
430 1485 1391
556 245 858
869 1094 945
591 110 3283
493 1394 2939
737 759 1473
1035 312 2459
1493 1460 1620
831 1704 3297
1539 1084 1509
846 748 953
1199 1720 1731
1473 702 3157
1169 407 2169
1602 468 2475
783 1072 600
1467 1575 2669
1475 1440 3564
1004 1440 2442
1403 1262 1384
1794 239 2549
134 162 1679
393 594 2892
631 520 192
682 201 590
1640 1787 36
1713 917 2707
1781 1636 1264
1316 61 2909
584 1145 3350
1485 730 408
1736 1468 1946
906 1569 654
1005 164 2243
932 924 1264
1394 1035 3561
1421 373 3124
1008 1468 2310
1531 648 785
400 893 467
1674 1752 1053
356 781 2106
1234 313 2120
1083 1223 3542
1658 1313 1825
1564 1749 3521
1760 490 802
493 778 1583
736 862 508
1549 257 389
542 1198 1902
304 98 3390
1749 1355 1879
137 1206 705
252 253 1175
319 1686 2704
586 1618 2143
1359 774 554
20 367 1744
618 1634 3099
723 1017 1607
1032 10 797
1771 859 3335
295 234 3294
821 677 2189
18 163 3034
1634 1514 2107
750 1023 3533
75 956 2887
587 1270 3080
1260 776 2704
85 109 756
365 219 1758
1776 1363 1945
635 1526 1775
1306 14 343
1485 1479 1846
936 1403 2244
426 214 2483
505 334 241
1217 1433 2686
1343 609 2292
1340 276 351
1679 1407 547
1398 473 3511
1147 27 1642
1231 768 808
300 1704 2627
1006 1755 653
1367 879 2328
929 816 1737
1303 552 1108
45 1360 973
660 1570 3471
1001 1163 1219
1204 330 3308
14 1023 163
1655 1214 1755
288 707 2336
1613 280 3514
374 1454 1951
408 1427 620
659 1600 379
1182 7 74
327 1185 3407
1710 1202 2954
218 1237 1352
42 869 967
589 563 2854
1129 1342 193
1058 79 1115
1365 184 3177
849 55 1571
749 86 2493
144 1447 2523
452 1316 3134
1410 189 2427
76 398 2670
1080 1174 2101
184 1577 719
995 922 2567
753 1490 538
1275 58 1221
330 277 2512
1587 1300 1901
309 1232 3175
1633 748 2746
1219 116 579
572 1224 3164
1076 232 3154
865 81 1949
678 1115 2688
135 508 522
1040 275 3487
164 1462 2904
150 1309 1271
929 1105 2567
888 1330 1742
1559 691 1680
1247 1615 425
939 501 169
1510 1529 3206
377 815 3236
183 1192 558
1081 699 1520
298 346 2636
379 1727 2041
477 423 1395
753 642 2978
1318 1749 1899
181 1686 3384
1750 793 530
1535 841 2542
421 1196 1248
128 1211 2398
1235 496 1036
168 1320 1694
951 464 2737
1615 1179 1850
1615 217 2318
566 1596 516
940 1452 1786
72 1331 3040
1344 0 3392
357 1080 2557
440 170 788
674 1306 242
626 319 1469
847 1729 3195
64 236 6
560 1724 3350
1042 328 2763
415 18 1160
567 1784 182
1191 1545 2540
1290 1238 1125
911 865 3074
1267 1553 1921
1697 347 3107
211 602 1634
1296 962 1939
822 612 2599
123 961 3393
1386 180 423
102 1707 1473
857 247 1935
371 436 2065
222 533 17
34 1761 2757
452 1065 2873
87 1656 793
1014 511 1981
903 1555 1173
866 1457 2401
1157 1440 2918
1697 142 966
1666 1249 1598
53 592 2911
909 339 524
716 673 2955
344 1080 2612
405 1343 317
327 1199 3446
1323 350 849
434 1366 3165
505 1473 2209
1074 863 3214
808 326 1292
872 311 277
1165 1312 2076
686 55 2678
1603 599 3345
310 1690 1649
1576 1294 941
1773 818 306
1651 789 2421
1672 21 3217
224 249 1886
1358 212 352
1162 624 1281
397 797 670
994 1452 2841
649 1467 354
867 710 957
1578 1381 2659
