400
145 57 345
239 236 332
2 38 276
384 181 11
252 30 370
327 282 550
48 338 781
213 92 135
144 305 565
252 246 269
221 84 759
185 320 692
370 343 45
119 62 152
203 208 767
51 320 575
360 58 186
259 4 236
359 376 655
282 349 582
366 56 432
351 119 121
387 194 662
73 75 63
369 6 166
178 375 457
363 48 163
342 43 767
114 374 577
345 235 680
240 208 430
6 89 363
137 89 124
85 307 735
308 328 573
204 285 461
249 35 279
189 100 100
67 393 362
143 131 715
304 233 318
242 160 382
260 257 352
150 364 681
301 335 437
265 362 515
69 1 324
288 373 400
2 262 517
341 297 710
167 39 639
312 326 306
190 153 726
183 373 330
235 103 495
76 142 762
74 147 247
214 242 58
355 23 363
275 399 69
105 183 414
168 222 664
52 369 336
288 301 275
197 125 528
240 237 121
153 222 71
115 39 703
145 273 359
351 106 468
335 57 356
120 64 754
343 302 64
64 37 776
134 258 614
156 178 740
379 132 484
350 263 604
356 18 293
293 68 400
210 380 761
72 86 302
60 314 210
85 220 296
22 350 535
381 16 310
117 342 294
229 103 82
340 220 486
75 69 715
390 232 149
338 223 38
1 267 64
234 337 726
146 186 696
102 167 451
360 308 274
269 100 590
233 323 8
279 2 391
339 314 97
202 213 428
196 188 424
152 210 461
193 329 382
306 168 789
368 280 141
356 338 33
182 259 592
62 176 221
97 299 530
186 81 762
334 391 536
174 254 141
55 163 768
359 155 153
221 315 489
171 305 377
246 244 181
132 185 99
55 201 316
331 349 757
307 314 655
199 327 82
253 278 782
368 35 204
288 82 206
35 52 788
202 212 17
276 57 423
354 76 449
36 200 187
376 128 448
287 25 616
154 69 172
57 266 183
14 176 178
150 8 369
322 301 212
136 384 494
277 327 375
244 372 274
362 135 668
111 162 383
89 85 351
247 341 639
6 168 66
321 317 356
129 11 537
51 58 134
40 390 759
81 382 459
66 177 87
206 304 36
260 92 478
367 90 518
205 95 373
175 101 635
223 320 664
261 194 568
104 277 399
185 6 607
39 152 780
278 60 713
170 354 695
150 178 720
62 132 42
148 312 243
132 110 102
101 217 258
71 12 53
69 334 390
340 329 186
363 197 742
379 228 660
294 5 233
73 43 676
245 279 37
355 240 524
77 52 303
240 171 655
398 395 117
236 278 322
246 339 202
289 156 238
177 189 440
22 86 734
266 120 428
205 186 380
318 341 736
344 386 352
80 205 29
264 201 454
311 309 245
305 374 528
351 48 21
245 240 343
294 97 60
78 77 28
63 21 182
146 9 454
293 155 40
208 372 771
220 105 295
184 278 700
204 56 293
223 279 92
241 35 438
239 214 474
98 60 291
196 241 636
396 9 517
245 82 513
136 186 742
138 206 481
110 347 25
301 107 126
278 361 538
225 272 146
349 271 109
100 79 23
299 57 657
277 343 434
364 301 733
256 224 263
38 255 626
293 222 587
41 161 190
14 171 415
374 314 771
331 2 224
187 295 677
317 392 171
134 293 548
83 378 772
36 331 584
49 17 351
394 271 10
154 256 643
27 219 245
50 149 228
222 6 700
223 324 334
171 152 111
16 217 598
7 227 525
272 185 707
322 159 363
248 61 594
335 14 786
31 372 103
284 274 585
42 211 758
33 92 790
290 128 15
20 55 548
265 271 280
131 291 406
120 314 204
303 265 505
7 88 654
128 194 181
226 394 642
199 273 699
29 65 121
351 376 513
112 193 285
215 218 756
49 107 332
12 35 72
5 33 659
190 247 493
146 230 496
218 229 515
229 81 344
196 83 681
81 48 143
384 363 171
15 34 788
337 253 216
19 298 12
149 19 14
213 212 335
36 80 58
179 185 52
152 294 494
308 201 727
113 286 756
269 143 96
148 377 487
274 190 325
346 315 769
245 22 621
333 304 452
225 297 9
72 3 513
347 283 746
246 267 288
32 208 151
207 384 700
350 104 661
229 23 2
43 203 173
228 113 119
237 324 800
310 75 276
381 180 548
211 307 341
284 114 453
101 358 316
258 4 226
179 267 531
123 113 482
99 198 374
157 175 792
175 128 744
383 288 486
210 36 663
397 128 231
95 183 628
142 120 546
257 53 516
11 335 10
240 141 319
70 205 127
200 384 46
52 162 534
86 180 562
179 47 305
151 85 785
194 278 136
337 372 266
224 291 463
79 192 269
210 38 53
159 34 64
164 13 329
184 185 641
378 147 25
34 32 353
184 113 719
205 307 167
291 193 758
304 330 147
263 296 119
320 335 554
327 198 706
53 205 130
360 275 481
204 282 723
218 33 36
0 145 737
126 317 265
306 95 447
168 299 323
302 30 270
343 346 334
334 31 378
47 395 703
333 337 3
368 93 490
71 58 654
109 288 755
166 244 115
92 94 504
389 35 198
108 148 195
176 303 523
268 59 584
313 45 590
171 397 502
342 394 636
121 176 713
84 366 257
133 241 158
119 304 280
124 115 526
354 383 252
37 354 367
118 48 125
289 342 649
84 118 745
261 239 18
231 189 399
268 358 548
151 200 627
377 388 194
280 84 7
251 377 20
0 341 611
312 16 598
399 108 247
326 4 369
20 277 362
232 318 581
122 160 341
54 26 406
59 80 96
318 42 31
218 314 483
173 190 721
329 359 357
162 107 120
315 235 50
211 310 561
73 353 479
367 152 775
194 27 41
304 25 704
92 252 448
202 368 582
104 118 572
287 251 150
377 277 227
59 302 72
380 118 300
341 291 748
332 224 541
257 154 739
93 91 769
198 249 359
161 115 711
134 29 34
124 387 322
129 339 91
92 177 251
26 64 188
296 43 122
130 304 9
373 341 220
138 293 653
186 287 88
122 176 30
267 389 685
27 161 538
254 390 584
269 168 250
363 90 781
255 269 466
159 150 69
352 96 451
122 323 80
7 316 48
279 250 45
396 360 461
28 216 220
53 329 392
8 230 128
318 328 797
123 378 591
321 60 255
298 9 148
136 391 732
38 319 414
238 191 601
232 98 693
389 238 540
366 275 133
61 76 501
103 240 685
292 96 329
93 138 203
85 232 417
361 277 699
60 135 188
141 3 211
280 142 674
41 105 498
250 37 7
276 221 592
383 301 744
187 107 738
302 337 109
164 160 760
291 288 608
256 370 710
269 61 12
118 372 673
262 214 49
23 249 103
130 281 407
256 116 395
142 31 230
53 31 192
341 351 313
277 181 559
165 138 158
49 131 513
11 138 537
324 389 128
29 227 238
259 74 582
312 396 708
66 129 273
129 114 426
55 82 484
114 342 315
62 175 791
195 93 548
166 68 797
219 68 761
81 58 249
275 301 468
8 89 797
374 376 439
180 163 74
172 234 167
198 17 721
162 169 361
379 262 618
18 314 571
140 101 751
336 52 606
328 137 84
77 81 734
130 233 170
230 254 81
217 12 382
302 50 594
391 121 372
262 133 503
285 341 9
64 369 49
87 204 656
220 219 444
309 197 423
31 1 202
160 34 382
232 188 59
212 142 487
251 50 770
345 307 692
106 45 450
162 150 457
30 296 266
234 140 45
266 146 688
40 77 592
255 19 116
238 87 770
38 276 600
153 254 797
397 325 57
372 102 497
64 361 448
392 360 662
155 229 600
49 373 672
56 138 92
357 147 111
17 317 677
286 376 218
326 155 211
226 155 626
156 216 566
125 107 139
190 75 227
158 370 715
194 153 647
12 266 394
362 288 43
97 22 580
213 197 147
365 135 400
83 387 770
149 85 204
276 197 423
127 301 655
267 152 461
291 265 247
23 361 410
329 390 420
57 386 107
115 13 146
340 236 216
316 392 307
182 209 376
78 157 570
25 176 68
357 212 250
264 57 688
254 20 410
389 379 108
37 328 148
111 275 218
250 267 416
297 230 189
67 325 745
99 28 764
193 381 484
156 81 550
88 327 421
255 79 331
254 313 284
157 38 535
296 103 290
112 12 248
347 136 511
336 141 598
230 228 697
8 11 549
100 246 465
16 181 795
33 264 706
18 281 431
24 366 480
297 68 591
84 293 89
122 83 562
161 184 485
391 120 312
143 112 393
113 32 257
298 112 473
202 15 800
125 123 58
95 178 360
271 190 97
206 197 486
283 132 616
317 346 390
127 369 274
325 108 123
97 219 609
16 214 218
181 115 411
188 31 735
174 17 283
204 315 488
147 359 50
201 113 203
376 138 150
116 297 121
288 151 85
28 261 731
299 352 221
380 318 336
339 331 502
368 31 281
207 6 609
24 335 144
332 14 310
338 366 677
352 392 21
98 344 341
189 326 793
39 101 180
385 137 509
385 258 796
271 296 157
249 20 789
13 291 288
166 128 415
265 192 103
172 134 539
21 231 100
273 373 762
322 235 689
174 40 675
263 244 10
319 208 130
26 307 723
306 117 182
23 233 98
302 315 638
336 208 364
356 196 602
300 315 44
121 50 14
165 273 650
68 307 525
237 47 479
128 374 603
317 309 94
40 361 63
4 234 78
369 341 771
189 190 467
180 383 745
324 183 414
95 358 140
119 339 785
367 246 227
74 251 343
149 184 371
346 357 386
298 37 171
313 253 283
348 16 313
108 142 125
115 163 140
341 231 719
305 315 398
318 245 628
172 184 207
61 59 268
169 15 397
87 332 762
46 278 399
162 62 708
60 275 528
237 155 129
48 281 428
280 237 272
103 108 17
143 368 753
209 46 719
306 103 463
117 84 647
283 212 422
290 165 157
158 319 84
42 322 421
339 4 497
385 352 422
169 7 54
138 323 634
268 172 682
116 55 159
36 137 150
66 12 289
316 305 668
110 174 418
229 361 242
398 222 686
75 160 2
258 326 721
125 71 349
287 378 661
289 61 570
123 317 457
217 389 233
100 323 248
387 352 103
230 160 38
311 105 420
89 35 276
96 14 71
236 45 549
84 73 55
383 187 6
127 358 748
203 60 571
300 296 204
18 331 567
327 14 31
9 286 225
388 51 589
13 308 784
164 105 630
98 53 718
83 235 708
121 93 626
224 173 738
249 55 163
178 131 171
26 114 776
214 340 621
303 380 126
42 127 413
223 86 512
155 95 276
8 321 669
348 50 398
5 206 102
126 72 385
389 132 525
321 342 245
138 381 207
209 327 648
227 40 689
188 376 709
206 72 634
207 364 150
137 203 165
103 268 200
260 82 497
238 200 740
319 93 192
45 156 424
264 259 166
330 54 176
266 299 441
222 47 77
78 201 242
344 314 560
334 393 628
46 279 695
217 77 53
242 346 282
155 258 296
56 277 431
106 3 566
273 268 494
180 41 251
159 45 717
332 93 493
208 91 679
243 66 583
344 259 13
120 31 326
328 231 436
253 16 320
174 182 155
70 336 578
126 285 739
142 220 68
160 370 491
160 317 478
154 156 439
83 326 525
221 124 351
270 132 689
44 170 80
281 58 488
54 200 211
54 56 209
182 364 691
33 133 564
195 367 156
15 384 641
212 176 297
393 253 55
130 205 80
14 241 498
141 10 323
129 340 659
64 382 687
317 232 490
212 213 13
108 394 392
173 338 454
197 194 198
297 260 21
72 268 524
116 323 55
296 99 157
314 300 233
243 7 551
336 158 788
146 0 66
164 349 506
292 221 135
323 86 246
7 109 186
275 230 392
170 356 108
270 357 653
395 179 75
331 83 369
159 163 423
215 54 549
154 33 763
353 222 167
321 26 400
19 322 441
347 35 91
29 302 226
21 97 137
191 274 455
363 15 89
238 20 228
270 80 680
328 92 652
399 369 714
142 239 538
225 350 18
395 321 404
248 287 246
105 143 498
278 389 123
47 165 585
296 236 699
234 188 234
242 48 415
293 357 5
9 48 423
187 384 65
198 292 486
90 205 14
21 387 33
110 177 297
381 315 152
346 314 177
247 126 597
136 55 199
290 225 324
168 280 778
117 382 761
15 164 599
323 286 557
376 114 407
78 151 494
10 369 264
46 155 82
200 343 102
1 332 319
28 290 782
144 29 14
257 48 745
171 228 728
135 205 799
63 308 376
285 294 201
158 313 160
201 84 680
39 333 8
241 357 165
386 313 445
48 153 112
244 19 198
387 348 92
37 57 346
25 60 542
281 196 351
107 95 260
0 366 721
373 293 663
191 86 185
195 20 113
280 223 116
295 50 368
348 189 545
113 207 635
132 229 601
5 72 365
248 228 668
314 103 274
151 147 304
133 191 29
274 300 414
274 305 717
96 131 228
371 311 580
390 372 681
189 79 648
267 224 657
236 395 550
144 226 413
247 96 250
323 157 426
27 286 350
255 323 96
210 24 587
370 235 53
372 137 1
140 174 186
81 77 629
342 290 295
379 48 629
227 123 119
233 42 728
209 17 34
358 279 335
32 245 554
236 99 364
353 360 398
65 38 337
201 338 794
175 69 548
235 208 694
11 115 315
372 115 257
4 219 101
233 332 385
149 228 793
50 280 278
237 245 732
19 250 415
40 244 499
151 268 525
113 339 752
197 267 634
2 35 532
266 11 364
170 310 404
233 200 774
334 282 160
67 39 390
180 226 603
307 369 757
354 202 769
76 231 616
77 13 570
392 299 254
59 108 574
215 81 139
157 16 219
347 222 363
219 387 688
194 181 19
193 311 751
201 208 94
343 345 395
114 366 262
311 254 541
77 375 307
369 17 565
198 244 386
359 375 43
364 130 501
163 244 612
60 295 46
169 28 364
183 118 753
311 97 459
76 299 570
250 347 650
59 276 98
339 217 740
13 374 267
76 33 617
230 267 108
70 82 81
333 183 292
47 342 8
88 381 707
386 41 700
32 275 51
168 170 6
246 348 556
327 50 529
303 235 705
219 94 252
97 353 503
96 212 207
346 284 584
380 135 507
30 0 588
281 172 120
376 353 499
300 342 448
281 275 303
263 374 695
3 392 382
251 386 304
175 331 74
150 291 728
284 211 184
190 221 774
239 346 249
352 74 344
241 254 646
301 246 299
54 213 723
364 99 166
199 4 701
87 68 517
309 135 460
135 322 122
392 349 177
31 3 504
134 90 115
153 54 82
215 284 506
140 23 227
90 398 687
56 80 656
358 372 82
161 204 486
33 114 736
353 5 380
388 309 476
140 294 283
390 289 389
141 94 28
197 74 235
247 26 405
399 113 91
102 219 80
258 252 297
188 227 78
212 147 559
163 272 243
80 236 116
312 280 205
179 115 252
51 268 396
295 388 205
10 141 719
79 98 419
94 158 717
45 259 171
24 319 118
193 394 362
367 165 257
380 264 560
200 315 353
395 300 148
292 153 564
315 211 614
110 196 498
4 291 444
170 5 198
4 375 165
192 339 13
183 268 349
282 296 114
203 0 468
12 65 3
1 386 354
298 148 730
207 380 409
294 114 609
253 390 686
355 185 707
382 157 361
79 338 250
373 238 349
128 27 459
67 0 365
3 380 538
228 299 695
17 233 452
384 124 271
216 279 766
157 144 580
17 40 490
286 155 716
395 360 200
50 151 716
261 284 697
350 53 697
19 157 393
34 11 485
329 238 728
365 268 500
1 59 733
10 37 105
331 274 740
262 249 75
372 332 417
58 294 25
177 382 417
272 201 216
391 284 104
192 82 176
249 67 143
43 283 51
383 94 679
86 227 387
374 77 666
313 245 20
399 359 404
375 24 265
320 176 742
276 255 666
352 105 383
188 102 242
102 327 25
373 314 395
44 53 105
71 225 220
2 258 154
173 349 477
50 133 125
34 159 315
295 269 548
25 364 270
248 189 621
74 20 714
176 339 302
43 297 760
358 87 248
99 367 578
216 213 64
275 219 232
139 8 236
191 395 776
252 153 731
349 358 137
61 184 208
167 286 26
310 52 624
102 278 183
176 115 423
242 341 740
107 162 752
307 288 636
243 202 324
47 6 326
345 62 611
251 201 146
366 22 107
24 62 761
85 119 18
374 102 287
259 383 157
220 85 225
71 263 223
286 311 515
185 278 350
35 312 238
342 373 469
227 225 631
173 217 567
109 142 8
217 138 625
316 231 535
337 356 17
214 250 388
239 86 555
45 267 556
381 313 208
48 173 681
91 112 138
285 283 627
365 168 268
10 94 445
231 28 544
184 9 323
369 390 407
313 363 639
42 14 66
278 349 71
23 385 259
394 319 96
186 317 750
279 18 615
163 115 474
104 241 705
68 376 542
199 225 479
377 64 742
277 54 36
144 94 555
271 284 507
382 199 145
358 220 583
181 381 665
364 76 117
349 73 42
68 396 791
203 16 794
58 214 700
20 386 423
169 393 794
51 368 6
265 224 677
58 264 670
43 351 485
87 399 375
99 180 745
44 146 765
167 194 64
319 291 466
211 190 485
178 369 0
68 55 135
362 29 229
158 23 422
375 345 15
228 164 569
225 38 743
31 277 664
20 137 246
264 232 221
61 70 684
361 218 210
221 397 519
216 168 438
79 73 139
350 289 624
30 221 798
396 33 324
57 247 703
272 317 413
153 388 473
287 141 631
259 101 355
397 198 132
208 46 654
356 32 613
98 101 219
52 22 426
82 145 515
35 145 668
375 371 42
39 283 414
161 307 641
90 8 545
111 179 385
361 195 698
205 137 0
0 247 311
305 357 663
167 283 746
124 390 69
365 359 236
91 320 5
387 265 153
333 296 653
121 274 24
192 314 140
226 163 519
95 171 202
103 83 375
231 348 483
94 390 517
309 41 479
258 281 646
72 18 234
27 350 134
371 209 184
260 84 315
12 80 35
396 103 288
56 380 93
139 376 338
44 216 137
126 355 515
135 11 358
82 216 427
390 264 313
299 42 642
82 28 403
147 397 38
244 242 725
69 156 777
355 398 792
152 65 719
155 90 693
325 326 171
235 336 687
397 398 397
316 227 522
118 220 110
145 267 569
147 36 736
124 170 776
105 380 393
386 383 789
58 166 514
141 107 677
388 285 10
128 273 130
70 379 135
192 116 265
283 30 723
143 327 469
101 254 395
11 256 422
244 216 315
181 79 83
152 302 694
250 251 14
88 313 750
104 258 324
21 322 770
310 175 608
74 208 352
261 74 14
86 383 72
125 215 292
89 102 241
348 85 620
62 209 112
394 44 313
354 86 685
262 148 274
206 295 675
107 0 65
181 230 1
294 41 542
371 337 21
186 250 684
131 372 656
172 66 597
182 299 118
96 107 202
226 395 373
109 240 643
309 55 146
254 145 312
353 44 366
17 321 265
308 41 72
131 231 414
37 261 452
337 122 753
224 287 69
18 86 535
305 189 385
325 92 66
123 328 184
30 271 780
325 391 73
384 50 618
357 183 287
111 388 152
378 166 273
22 94 66
165 8 179
105 309 785
393 86 757
271 42 602
46 213 473
41 313 335
213 218 447
361 149 108
328 167 721
378 226 765
5 241 649
241 391 540
209 201 330
166 59 229
66 161 648
65 151 111
388 249 56
89 215 433
177 273 684
272 353 118
299 399 278
145 373 452
329 158 540
284 108 271
285 397 132
69 184 628
63 75 68
29 124 501
218 10 779
257 86 429
94 213 285
214 228 540
360 162 160
332 275 749
268 54 0
208 76 648
340 156 373
183 63 705
65 384 737
303 374 202
75 192 593
22 114 701
366 319 271
392 25 99
57 365 65
393 25 292
41 119 244
26 379 674
178 109 688
314 130 473
344 136 104
345 139 365
53 162 316
224 250 569
9 99 532
234 313 592
283 250 361
38 355 93
267 68 360
133 171 19
119 236 20
378 322 488
117 281 592
100 276 739
73 392 140
216 365 327
16 152 8
326 204 766
231 160 388
93 307 163
307 48 555
9 323 236
349 110 414
273 266 544
34 16 475
93 240 682
314 107 112
357 53 105
133 71 21
270 129 50
295 366 399
338 308 98
6 255 154
82 362 721
330 55 559
101 168 131
375 154 73
252 198 780
91 134 135
127 318 269
377 139 513
147 91 657
15 283 732
115 232 232
63 165 105
393 37 622
156 162 162
282 323 587
94 316 223
290 325 634
176 369 374
90 84 459
32 321 588
196 36 65
219 206 703
335 99 350
323 382 409
310 354 771
109 218 483
391 330 160
274 317 615
135 103 294
139 120 62
80 280 128
88 263 739
330 96 306
106 376 461
137 41 93
116 187 422
320 211 236
343 197 269
279 74 739
322 6 336
338 357 92
55 377 593
326 357 403
191 291 771
300 303 492
185 19 390
132 179 307
114 256 532
106 246 573
385 185 643
13 313 757
108 206 428
3 327 443
398 49 278
3 110 250
320 244 525
131 185 439
273 338 713
398 362 128
324 190 3
232 281 26
120 323 550
200 191 67
112 11 492
304 279 333
148 12 684
324 311 784
65 313 52
222 162 730
243 266 669
160 78 201
107 97 340
139 50 430
371 150 391
362 203 126
315 366 323
330 367 62
335 7 395
263 198 613
91 399 725
165 380 475
195 57 627
291 272 405
386 168 202
75 26 547
394 338 187
235 197 85
227 92 414
228 183 321
222 369 644
35 71 686
177 112 767
315 281 28
187 77 332
28 364 113
370 240 155
86 127 464
286 334 429
253 216 211
148 103 662
308 76 206
319 33 277
301 196 177
52 24 682
292 161 98
382 349 734
282 31 624
163 229 789
45 167 570
211 200 457
6 173 603
359 395 365
25 20 757
137 194 643
112 239 315
92 257 68
80 262 230
14 51 685
382 59 266
220 336 485
256 152 59
297 77 697
370 332 587
118 287 70
289 199 397
