600
510 31 1007
0 93 1165
139 17 538
40 125 1040
133 584 708
181 179 906
164 5 581
141 449 350
401 592 569
277 24 1011
451 330 129
187 12 627
561 366 1083
337 286 815
134 431 1083
35 125 61
499 410 628
418 190 896
249 187 346
381 111 1181
270 183 1120
367 535 549
112 353 867
175 542 1037
98 74 376
113 323 1025
33 394 309
2 350 75
449 453 750
362 225 767
244 497 932
592 177 586
203 458 1037
319 139 384
358 228 226
18 191 367
576 275 117
223 255 625
254 109 1002
224 181 1021
235 68 590
378 273 380
358 446 1076
483 455 823
127 142 119
501 252 294
49 115 1036
425 581 228
242 32 445
412 290 1141
45 509 691
181 509 452
467 552 358
560 479 199
330 375 195
334 153 641
311 460 595
348 202 39
133 301 1071
117 223 42
166 521 1018
40 457 1052
48 286 1058
163 131 250
279 522 778
460 413 429
101 553 834
106 581 494
384 111 622
177 330 358
219 291 1158
464 257 889
168 60 622
5 74 234
433 130 875
171 12 572
419 525 213
537 578 740
547 256 619
420 61 607
407 199 935
81 382 766
46 191 996
276 573 139
470 512 757
289 511 649
498 529 962
294 590 1119
87 510 1185
545 321 211
564 506 313
503 538 603
496 586 1086
284 216 967
452 513 12
525 543 296
131 359 175
586 306 253
495 538 750
379 161 860
277 131 253
95 228 152
199 382 255
206 292 1182
291 177 11
582 340 699
248 472 331
502 322 493
582 233 1082
38 596 29
419 182 868
476 284 293
202 342 1152
229 9 874
538 141 1052
328 275 1056
475 352 1044
465 198 271
596 32 394
401 3 794
350 544 1105
564 282 697
591 310 894
397 311 64
500 335 120
0 465 89
499 327 363
250 133 896
194 572 705
511 428 1097
369 293 1130
57 59 106
444 416 360
55 384 747
259 580 183
521 222 273
532 456 967
169 531 1116
26 371 1102
443 413 73
428 4 895
14 278 1173
207 94 897
122 60 1184
179 371 309
6 280 1002
587 1 342
512 167 496
359 529 278
218 256 509
521 232 858
235 3 829
260 523 1102
180 279 781
199 298 303
123 595 659
263 346 620
234 391 1025
217 564 540
34 61 226
578 367 199
30 60 719
249 76 19
568 417 1139
229 293 1018
292 489 737
189 78 282
305 242 632
115 492 86
526 216 261
156 530 494
28 263 1106
158 511 593
74 559 498
430 324 650
357 200 421
107 374 1182
16 209 949
427 485 212
341 268 59
238 593 564
109 422 904
26 498 961
197 411 981
258 83 348
569 307 591
508 331 979
459 561 631
401 128 781
590 211 293
265 412 1023
439 470 908
193 142 150
37 278 366
296 415 662
452 529 1160
171 554 149
57 436 942
348 76 1185
502 271 224
423 97 778
439 21 641
105 90 175
362 513 442
560 349 935
337 141 1036
288 100 33
423 157 944
100 23 99
243 15 281
492 362 426
283 124 617
136 374 148
504 429 244
129 24 915
475 237 706
450 203 1120
81 580 973
161 68 217
33 374 241
130 342 868
46 207 163
59 256 1149
585 560 700
176 118 428
234 517 223
55 53 663
587 376 403
352 363 1075
149 361 767
432 402 829
57 438 710
431 380 333
534 571 1094
537 130 752
292 110 838
580 598 599
59 62 910
513 431 1059
417 146 49
285 110 63
27 190 109
311 309 115
377 93 37
178 40 937
346 563 256
3 591 403
158 226 347
175 428 723
384 98 1031
539 141 224
215 528 1113
404 541 987
337 580 1140
544 7 40
243 23 188
15 573 1093
505 471 919
319 80 1066
99 186 217
111 290 902
492 463 469
575 271 526
382 76 710
84 192 619
255 462 1194
370 437 573
153 6 1174
491 78 903
280 390 959
368 532 896
565 435 137
589 347 1094
539 193 202
153 138 750
532 549 38
531 227 444
458 418 906
120 247 637
429 350 629
444 464 100
496 67 281
295 328 629
44 512 328
423 13 172
259 421 986
66 207 925
110 128 1076
540 29 203
43 31 178
376 523 831
206 482 22
532 37 996
165 138 879
248 112 1133
554 205 621
360 12 853
534 401 822
195 249 32
469 82 892
11 404 899
71 60 513
306 502 34
361 232 98
431 352 1190
363 28 273
550 97 229
340 525 753
305 345 993
13 333 517
18 446 431
247 469 1068
557 426 516
486 50 1097
71 160 444
320 54 783
241 535 856
86 277 806
521 398 740
368 268 1171
305 82 789
362 302 1124
8 332 189
36 15 941
257 573 950
476 144 130
16 67 112
35 183 154
353 483 1033
150 555 1043
21 167 849
89 148 511
60 285 322
491 496 754
211 524 719
9 391 285
108 268 1072
599 460 909
310 498 1130
583 411 827
595 192 540
29 309 671
169 50 767
353 463 778
398 164 1078
85 575 1053
104 321 169
259 596 474
70 320 287
268 109 84
378 41 280
578 238 352
19 312 254
569 322 639
504 47 202
248 592 570
105 123 43
570 539 181
297 403 667
396 181 1120
210 32 1196
236 188 1176
81 143 530
257 544 797
88 370 789
438 184 921
324 140 912
516 470 469
36 285 382
462 166 83
298 416 35
45 545 698
68 365 22
385 256 243
511 72 2
266 225 72
391 183 103
367 398 394
135 530 678
196 237 631
299 553 529
334 21 993
366 42 495
108 418 994
265 371 540
88 52 831
98 436 719
254 432 434
301 567 786
274 239 203
335 233 744
413 596 248
349 231 1116
92 440 533
155 274 291
32 266 700
223 553 1134
222 228 334
452 174 1026
434 105 892
446 81 990
251 494 61
119 359 145
581 34 191
434 131 853
371 435 387
300 292 590
205 369 808
73 557 343
472 291 976
95 192 1021
549 103 218
357 158 194
284 242 230
270 536 812
205 464 969
192 213 565
478 369 367
389 230 1079
386 272 235
347 468 878
481 409 385
437 263 264
397 492 1139
565 60 630
92 326 9
469 376 567
184 94 1019
491 382 621
586 193 966
310 300 365
389 437 1194
294 59 714
286 141 620
68 301 682
460 391 1101
375 47 748
77 2 1053
55 61 939
347 576 580
24 369 1105
503 94 1198
482 232 836
20 586 629
567 482 841
441 202 440
326 134 902
579 317 143
172 360 558
506 170 438
587 338 890
318 65 500
577 254 491
429 488 628
345 451 1090
22 4 1124
433 274 521
354 584 958
561 471 54
475 109 1082
487 162 281
2 136 1002
74 430 247
447 413 810
176 346 254
443 379 446
299 77 181
322 349 945
10 248 133
78 439 347
285 461 161
510 517 657
401 376 879
598 313 1073
392 128 626
68 314 330
426 111 315
272 9 87
23 346 320
24 353 39
110 248 484
472 571 238
566 358 972
223 588 923
112 34 269
71 340 195
124 575 334
516 377 903
162 334 15
522 411 156
568 161 454
83 127 1083
426 207 559
304 271 51
141 156 95
543 322 206
50 330 802
362 285 496
402 76 747
335 311 1158
172 299 1083
520 17 1006
356 500 893
285 93 669
42 45 197
563 411 384
203 447 828
245 202 1184
280 284 214
79 460 733
312 247 1023
585 285 340
89 43 627
219 29 26
474 289 81
196 569 604
365 302 821
116 359 1116
576 80 1048
466 212 642
545 348 1110
63 191 894
408 533 1146
331 90 641
271 555 261
522 585 849
402 237 692
195 135 811
373 264 792
565 205 568
486 467 733
383 165 390
252 516 66
53 381 676
467 444 1167
190 63 458
372 127 110
430 336 1079
242 459 129
477 31 1069
247 178 521
24 219 169
430 135 262
5 62 1185
291 143 124
234 191 1189
469 308 1120
339 332 207
538 110 1195
502 402 443
450 410 270
462 500 758
344 485 294
255 299 75
101 417 1035
106 163 614
130 69 1112
69 99 662
289 75 653
593 60 7
121 346 864
293 150 666
254 28 473
73 248 432
284 123 513
196 49 977
466 476 772
531 194 712
168 203 1137
592 300 987
38 140 870
287 511 135
63 231 306
553 565 248
126 588 295
93 176 350
529 486 408
236 172 1189
584 98 925
508 191 422
387 432 1158
463 465 123
11 209 1085
529 325 662
290 236 935
363 124 745
530 361 1143
447 245 187
14 407 1074
544 158 902
113 377 173
227 424 1150
317 501 768
244 524 1021
339 253 413
144 65 217
218 184 234
114 313 622
590 568 757
80 69 352
406 575 1132
540 55 324
523 104 1012
536 590 355
286 255 133
121 385 580
355 254 358
400 142 1182
493 451 68
58 194 395
80 399 1158
324 354 153
188 364 986
63 506 51
15 565 484
482 251 894
57 180 652
573 268 491
593 373 661
229 385 552
432 43 97
7 161 135
159 331 194
384 284 933
29 180 695
1 561 42
64 217 995
225 231 331
173 575 1071
553 569 944
69 187 1128
126 304 897
118 335 190
255 14 599
98 77 386
212 263 1065
140 260 140
365 116 464
358 74 756
238 549 531
261 373 558
9 236 565
456 396 1172
200 382 1143
519 71 1009
240 524 763
306 41 112
111 520 701
443 495 43
66 597 90
218 592 104
289 240 372
372 395 1083
157 139 737
596 440 857
416 98 697
287 269 71
114 116 430
158 339 846
271 44 570
144 530 321
111 60 572
107 228 24
94 165 1164
473 287 482
410 461 819
75 94 505
409 146 353
162 196 1032
354 531 5
272 479 1169
60 17 356
322 136 1167
201 219 1067
136 221 867
458 208 745
391 303 1014
526 564 729
410 553 410
245 106 318
336 285 1099
37 113 1161
90 525 211
392 361 983
590 577 934
281 316 786
214 108 46
404 198 1004
145 526 612
285 454 311
309 583 2
220 487 723
125 329 764
184 67 183
547 106 1033
237 111 1126
535 349 843
304 142 872
158 275 413
447 525 477
47 155 846
307 597 1138
79 36 735
428 242 1119
323 335 581
342 223 352
216 189 373
373 246 198
342 431 232
596 365 616
13 259 962
264 216 453
277 481 653
182 272 1164
154 369 1026
412 330 1000
278 437 174
581 134 376
42 364 542
294 140 420
276 279 499
290 407 716
507 376 166
61 382 800
513 253 595
288 222 406
67 39 698
176 587 84
281 299 800
120 309 69
332 471 82
402 137 919
278 300 1179
18 321 1076
60 118 184
394 570 498
287 215 840
272 151 906
269 153 531
420 437 264
423 317 958
149 221 1118
320 444 1179
472 136 812
122 169 577
393 481 585
260 299 151
34 440 704
267 366 261
585 33 935
103 496 417
431 262 330
132 380 638
48 45 836
556 400 1048
501 153 799
256 97 59
97 190 359
112 116 1138
76 341 784
98 259 436
174 446 973
72 406 639
294 413 222
304 351 665
41 423 578
590 584 328
10 419 354
199 581 171
308 10 898
550 499 341
436 583 740
407 465 787
494 243 362
32 443 623
445 31 1127
174 169 283
444 424 315
556 15 64
588 348 478
171 383 689
101 147 489
584 127 1113
490 218 258
95 383 703
28 69 1062
195 554 406
522 347 537
267 426 1022
70 144 947
360 176 1142
233 202 1143
74 180 960
213 314 156
481 585 738
457 28 298
100 5 525
557 44 680
143 311 506
324 251 297
187 310 730
53 584 385
334 467 359
155 30 249
115 534 327
104 163 64
62 244 995
100 487 544
486 554 602
249 478 712
514 365 952
356 556 1123
304 534 369
30 362 554
533 19 807
449 12 1197
451 43 707
453 77 645
468 335 272
497 549 850
576 416 998
399 127 439
460 117 1169
16 75 1121
146 247 850
395 346 896
367 119 821
306 248 318
330 575 291
231 275 797
583 203 109
350 282 1123
429 278 1014
515 196 537
378 246 587
77 378 198
558 113 1182
217 26 564
13 409 84
174 523 1166
332 467 843
427 226 943
322 583 272
415 530 921
539 108 1078
407 81 1120
246 60 1167
318 148 26
227 169 630
213 326 1188
239 414 895
577 415 1185
522 335 772
237 11 1199
379 331 834
67 105 833
494 502 564
594 108 289
427 98 528
160 329 242
573 492 672
231 307 218
422 419 342
582 42 40
85 385 1157
527 416 869
138 231 1089
578 183 737
516 550 797
326 145 588
69 322 783
118 266 673
201 63 994
220 255 1019
81 373 399
462 332 589
151 192 796
499 102 157
227 259 447
409 358 1195
123 484 714
529 505 799
105 493 343
160 450 384
321 67 222
27 95 1116
206 378 1093
357 572 518
102 241 933
484 79 149
102 170 690
324 147 1093
476 489 575
421 347 45
519 219 268
490 405 648
432 87 889
385 592 269
227 359 912
596 60 879
523 306 164
263 542 397
398 500 534
212 305 495
213 432 68
517 68 459
35 559 50
329 417 345
533 203 676
439 545 562
64 373 128
159 44 845
559 195 944
375 305 267
586 489 1057
263 517 1036
436 504 662
296 476 188
109 493 340
20 522 541
410 212 65
536 40 94
543 260 849
142 403 780
247 287 186
379 376 1094
243 291 371
121 213 361
345 377 522
182 168 1005
413 507 815
165 207 148
581 235 1113
548 265 1072
64 113 1094
338 173 624
233 196 292
559 360 28
145 300 900
148 532 101
468 554 647
453 558 574
562 389 245
376 354 885
280 564 1034
325 459 133
299 58 881
390 581 1114
128 57 521
282 562 468
39 20 256
389 392 583
413 226 541
407 382 830
46 599 1
295 10 614
321 68 534
484 22 809
574 449 169
326 277 1016
239 19 811
511 453 852
166 525 129
67 192 601
165 177 676
489 181 973
65 492 980
243 547 207
330 429 381
380 489 137
253 570 99
192 1 754
149 410 1029
58 198 243
507 476 1015
76 469 508
279 472 285
541 125 94
298 566 237
556 338 63
209 577 841
61 571 45
72 147 576
87 404 288
35 62 56
106 412 1137
250 259 64
512 108 914
339 436 973
146 458 879
311 269 773
478 270 14
287 52 624
244 382 1172
156 512 1158
131 125 65
125 3 236
539 227 560
534 349 880
505 477 48
484 449 428
369 141 244
448 204 609
43 553 10
70 599 196
308 322 67
23 146 1018
186 569 646
313 496 1013
434 30 232
12 365 914
466 274 1166
538 585 1024
437 527 866
364 98 98
254 418 875
234 564 673
300 16 1022
556 530 632
90 20 265
96 470 147
311 198 375
496 361 881
458 547 434
22 234 701
173 195 415
173 54 599
544 476 978
405 320 681
509 372 512
520 149 402
41 437 686
132 165 1057
318 278 919
328 443 140
1 430 1169
190 135 222
425 352 725
514 581 979
170 48 1165
217 596 288
412 144 955
217 269 1135
76 542 529
160 13 1015
417 60 372
525 416 408
392 116 518
468 488 66
279 495 1102
575 258 205
25 234 462
297 235 158
574 248 1172
516 443 5
364 551 1032
344 26 725
107 247 657
481 22 948
347 127 564
140 64 172
1 396 384
69 457 667
92 303 35
232 231 850
139 125 885
174 583 825
212 66 301
248 570 489
377 526 1000
351 112 677
442 240 517
517 505 434
152 92 298
464 22 668
454 325 469
161 550 793
384 594 684
18 308 276
184 25 1044
340 473 792
461 254 550
67 270 388
453 237 676
222 408 380
75 260 223
298 542 465
534 49 940
91 580 328
348 163 287
336 384 61
264 458 19
510 163 1117
142 570 92
427 127 866
403 262 678
221 46 477
483 93 378
340 243 116
586 194 373
123 350 769
162 408 108
168 239 952
159 316 119
245 510 117
178 272 858
25 237 931
80 3 598
129 52 132
485 114 877
0 446 1011
293 465 399
574 202 241
391 259 4
507 139 767
92 242 389
211 596 782
41 585 6
393 514 815
113 524 147
47 503 336
185 21 294
486 425 263
239 257 856
558 500 765
387 465 1148
351 364 277
537 0 119
471 332 326
104 59 594
448 556 380
411 53 738
293 149 219
554 464 747
228 488 492
230 25 141
357 287 198
261 351 622
385 504 867
91 457 766
325 318 793
499 352 30
473 180 1191
464 84 108
524 294 1089
553 219 688
143 542 909
242 184 303
429 115 1023
266 356 848
582 2 1086
150 405 720
417 509 1109
8 261 353
424 393 426
110 75 528
275 497 607
208 535 252
114 497 1133
364 356 728
116 165 941
592 302 988
457 412 441
316 556 34
451 489 1139
218 580 607
455 492 1164
471 385 617
3 516 848
54 338 1076
49 27 680
265 202 1171
73 576 1081
432 326 1145
15 368 471
30 108 251
154 7 1143
331 41 426
396 564 1008
597 21 299
256 186 638
26 159 358
526 453 426
426 413 843
373 487 618
146 571 65
527 502 61
440 237 9
526 344 511
327 32 55
104 173 519
91 96 188
380 385 858
416 295 700
366 161 774
476 554 667
119 304 861
577 501 994
455 171 585
404 324 160
185 78 1030
529 420 659
309 201 813
128 499 1088
70 100 840
46 9 863
471 495 108
473 201 1141
246 429 44
480 147 719
157 504 1180
333 11 620
194 503 323
187 22 164
44 103 982
408 44 1030
343 590 237
337 307 148
584 180 1006
202 507 1056
335 454 696
382 460 524
312 26 240
433 392 457
301 98 824
551 170 693
382 84 1183
411 188 1148
252 481 480
87 309 279
418 295 603
16 0 263
342 119 224
130 396 248
170 477 1007
271 215 410
338 179 188
585 469 1136
119 473 281
399 536 1178
142 519 516
137 578 72
72 315 827
268 147 571
352 88 683
53 451 121
297 199 237
148 30 509
498 502 277
501 407 909
96 112 1160
317 475 170
569 238 72
479 11 165
584 429 118
255 103 486
450 286 1175
192 553 87
570 501 8
270 50 474
203 450 520
131 506 693
509 38 381
209 263 944
14 159 813
418 157 581
180 263 392
207 325 626
250 371 524
171 75 170
281 425 621
37 246 468
453 562 1116
242 541 712
183 193 121
490 37 912
396 551 718
297 283 757
157 258 899
2 447 232
230 134 758
307 582 1003
15 67 1177
179 537 495
86 57 310
521 395 850
112 380 107
541 167 509
115 19 154
186 567 383
503 28 696
235 483 112
507 137 856
302 520 971
219 66 983
150 567 304
303 12 166
1 334 505
316 420 939
335 326 537
122 209 1198
34 410 1098
65 50 615
137 380 829
52 96 748
434 108 1123
391 513 576
94 91 42
320 510 521
264 405 460
85 449 1092
156 191 407
238 236 1093
21 312 556
536 461 516
261 354 165
480 172 1054
139 172 1198
517 418 801
561 387 622
226 267 1086
58 46 426
445 493 688
209 547 731
54 431 773
458 263 18
440 388 1095
313 17 434
232 505 711
177 341 118
369 147 590
351 374 379
546 10 21
313 31 673
479 75 1024
515 426 938
368 534 74
256 317 749
346 548 887
351 445 1127
510 578 428
211 165 49
555 200 534
437 195 887
418 47 458
583 453 284
451 531 531
154 587 128
64 90 1059
570 228 776
79 215 1022
72 239 465
52 112 860
518 339 1145
359 238 631
405 109 871
346 565 226
395 491 348
535 257 638
448 35 788
288 487 383
232 238 141
594 294 483
31 214 891
542 53 799
230 452 958
551 18 22
257 75 925
260 429 5
454 261 803
446 276 250
181 45 165
206 534 520
189 369 782
180 598 874
426 67 415
20 579 282
224 585 361
299 198 122
323 90 377
523 364 468
562 464 795
394 416 165
228 144 766
253 219 174
28 419 779
214 116 483
8 291 445
515 454 897
393 395 542
528 220 527
4 151 746
209 451 1047
277 485 798
417 408 439
180 453 625
422 516 504
538 223 1062
100 353 18
544 243 883
240 275 311
386 446 317
563 244 140
31 589 665
562 323 381
575 371 1003
524 335 505
168 46 493
32 453 1149
374 479 281
286 48 969
161 566 1149
415 91 1034
269 165 989
224 227 209
86 317 927
275 585 821
454 534 1063
127 113 1185
66 190 861
33 530 86
102 416 1200
125 427 162
350 467 155
151 577 66
387 82 306
38 567 311
31 461 219
6 366 113
161 103 215
231 510 12
374 5 281
416 537 751
336 599 420
488 101 735
290 513 801
343 489 703
17 307 284
246 345 884
138 452 322
411 442 928
147 467 815
51 3 528
375 61 613
472 361 58
44 411 818
485 482 435
43 252 1163
236 284 472
215 462 512
487 47 654
310 452 37
10 592 861
341 33 17
274 478 1182
438 243 794
198 376 750
477 163 356
395 39 639
261 482 138
449 527 124
151 283 562
164 257 671
498 0 281
204 382 545
293 197 4
531 175 655
233 323 752
520 463 983
496 376 805
442 485 274
346 361 52
241 316 1172
550 473 811
107 400 157
442 536 1184
414 506 902
288 204 503
131 287 786
83 42 547
134 579 164
4 7 465
295 140 396
170 557 753
448 109 476
189 295 583
365 194 913
310 214 930
349 538 692
325 585 390
47 81 737
182 228 741
598 138 532
580 50 489
153 25 111
514 164 358
328 466 1144
374 255 681
226 377 58
473 384 141
592 391 165
179 188 431
301 284 818
239 193 553
474 163 363
193 216 1007
155 136 856
53 228 764
137 458 580
424 576 943
210 180 494
48 375 250
545 186 990
343 28 889
216 73 860
191 539 24
137 94 460
97 278 819
132 6 676
356 70 635
236 524 73
579 44 1187
11 267 708
172 317 1111
478 203 257
343 439 541
260 205 716
566 58 320
232 49 346
467 290 284
56 420 578
440 324 1008
595 417 1087
34 40 606
114 108 544
52 484 901
77 167 1144
316 355 184
550 214 215
374 49 588
148 59 1162
420 207 48
20 322 20
446 245 1171
200 431 739
450 414 564
166 402 595
11 46 1098
549 146 653
475 528 720
331 193 1067
361 216 46
424 579 276
273 546 747
380 171 817
283 197 577
56 165 286
325 432 666
211 274 1167
493 180 762
125 598 364
160 446 362
280 61 1018
275 300 267
54 325 1134
442 321 23
345 355 1010
140 95 511
497 344 543
561 369 878
414 11 1034
82 304 183
191 491 156
393 513 523
327 237 386
300 21 1105
283 265 473
548 281 1125
352 356 649
183 274 406
465 387 139
156 90 38
487 384 350
116 40 1006
319 560 739
303 67 742
110 26 428
39 530 738
308 159 543
355 230 265
192 350 815
379 490 77
567 561 7
253 579 253
500 520 728
106 46 619
295 235 494
323 432 872
360 227 454
541 350 1200
146 27 513
221 396 445
494 277 996
97 525 34
415 160 202
214 216 240
13 250 660
569 319 196
215 321 6
383 143 296
511 275 984
470 591 117
230 284 72
437 271 947
204 78 435
433 82 204
497 102 845
500 48 751
266 39 1055
105 468 367
99 504 109
571 479 332
512 377 10
71 68 765
59 35 808
241 325 464
355 315 250
238 275 504
388 16 161
368 281 8
51 450 874
512 334 397
366 198 597
560 73 169
403 152 997
266 235 33
231 470 44
68 18 1078
272 58 567
549 116 769
175 431 973
527 5 39
504 329 215
241 450 109
535 352 1006
525 551 8
31 475 129
383 579 595
10 474 1188
334 221 473
96 531 751
408 212 700
66 459 185
269 13 925
413 174 7
555 503 351
349 214 262
406 564 230
591 332 389
338 536 315
588 308 1034
286 252 160
155 483 290
244 578 319
95 150 941
194 403 1150
41 576 1091
570 560 107
504 158 861
563 508 169
56 367 1198
222 372 308
597 347 906
50 244 906
341 13 180
177 100 924
36 580 943
124 499 25
185 559 413
313 562 1034
438 388 32
436 249 1046
256 86 130
480 160 658
321 346 765
588 148 1116
267 289 806
489 528 762
121 279 213
421 155 777
312 531 301
468 218 464
322 78 923
470 333 906
358 422 334
134 82 889
540 368 187
405 311 436
353 68 875
377 160 739
558 364 1122
141 67 483
221 121 894
566 423 830
197 444 898
533 101 1174
386 473 699
129 112 977
533 3 138
204 106 1059
169 142 821
425 133 957
419 183 938
27 332 354
212 576 1110
513 439 846
250 103 108
33 496 21
399 495 531
17 51 1196
74 211 192
390 320 798
237 67 1050
574 253 655
599 263 534
597 545 706
205 186 171
120 544 209
500 90 869
240 567 996
289 568 548
338 454 225
178 383 837
527 344 857
219 518 154
371 58 660
479 447 42
572 579 796
557 140 1057
483 521 909
29 20 760
478 528 238
365 495 616
552 59 566
89 13 411
314 330 236
28 342 1000
461 446 658
162 268 106
587 253 544
190 343 430
198 144 158
388 243 265
23 578 521
164 104 441
62 363 1139
315 382 853
593 479 330
82 552 1097
258 480 579
344 267 201
543 378 661
372 52 895
443 201 815
315 268 316
39 13 1155
524 367 317
540 278 821
252 229 932
316 436 914
414 460 985
400 251 1019
428 14 66
372 422 1005
214 139 647
8 433 1012
318 15 210
488 572 342
548 358 1143
508 409 509
354 435 802
562 56 788
571 141 665
279 120 1151
480 545 530
341 222 63
103 381 1114
228 417 1153
400 79 248
559 304 645
457 212 1132
305 182 47
327 431 804
269 558 650
315 193 931
373 521 363
204 537 1061
136 327 694
185 469 476
183 589 109
228 95 778
51 545 592
50 451 244
138 501 860
117 263 1087
276 24 536
535 325 192
481 547 317
398 29 504
19 330 597
89 88 1174
555 542 9
371 356 926
356 506 622
565 498 1174
525 286 536
17 219 1048
24 368 1157
589 594 1156
164 299 350
245 509 569
411 376 369
328 146 31
354 232 1043
282 444 667
394 434 151
78 289 1006
282 579 591
163 53 845
37 109 705
387 159 1087
514 324 949
314 397 39
42 135 927
330 596 224
593 47 228
409 552 830
599 308 571
6 506 666
73 562 971
56 119 421
200 521 65
202 466 272
589 545 423
207 204 379
184 465 1083
127 274 136
135 267 166
547 479 1126
397 90 1153
9 558 842
314 260 1030
537 158 841
3 575 770
133 66 1096
459 478 192
139 91 331
84 409 733
509 405 397
572 69 567
552 505 155
111 268 1084
347 409 1015
251 507 761
420 440 911
94 430 1116
489 511 1010
25 384 1085
484 62 806
412 16 578
547 110 810
497 480 561
380 175 1025
461 460 1177
309 211 898
327 175 805
108 357 223
216 550 517
39 242 268
202 140 510
152 242 635
60 335 345
414 395 815
506 578 1164
553 5 357
415 212 195
54 582 85
381 131 1062
359 203 55
400 402 1029
364 229 881
246 286 191
518 229 972
440 253 475
82 492 1162
459 403 149
314 412 786
597 130 328
262 33 3
49 502 77
181 553 564
406 139 545
422 155 432
598 288 13
530 560 1001
549 369 1183
5 392 812
148 496 376
78 269 134
75 282 268
577 371 98
45 366 108
247 514 998
190 515 939
253 115 889
578 229 720
519 462 642
302 61 282
518 266 488
397 410 428
30 142 419
7 41 647
532 313 375
188 302 347
531 50 631
530 354 594
179 568 651
359 30 1043
93 81 316
508 479 243
225 288 166
49 139 333
76 518 619
394 371 1094
63 401 589
151 551 684
77 11 879
91 516 49
459 256 519
144 45 356
554 106 181
302 446 60
191 310 1123
591 334 304
118 568 163
320 317 1100
103 192 635
7 407 476
119 41 172
456 370 98
555 522 154
251 73 10
361 448 720
404 64 56
145 125 796
50 142 769
42 450 329
4 582 541
333 79 675
262 177 652
477 444 575
491 296 526
94 321 55
542 248 759
518 480 240
309 448 87
38 436 1194
421 450 722
431 348 1106
519 503 69
580 47 863
101 579 248
222 249 1060
65 573 720
369 99 141
361 567 46
482 438 501
188 445 479
19 93 613
283 142 1048
355 346 829
208 501 273
398 204 999
493 231 872
61 29 879
528 400 345
452 589 41
595 202 579
135 89 568
275 432 933
153 505 112
329 356 162
109 385 1080
405 335 868
441 440 773
329 185 1029
224 267 153
259 34 123
495 261 1199
388 133 800
485 435 391
323 457 504
554 284 453
258 332 754
488 96 28
494 166 291
409 194 435
528 326 1194
201 371 697
213 40 721
492 230 511
274 350 484
332 137 338
477 195 496
196 366 247
390 95 1189
386 182 924
84 425 143
169 153 676
594 330 147
573 186 673
12 0 1198
229 458 725
595 266 919
513 27 967
127 477 724
505 580 104
303 312 1145
9 306 674
349 399 268
382 77 123
568 440 77
223 347 443
157 395 230
165 290 439
267 276 935
274 176 577
75 331 191
82 21 719
240 345 355
392 99 512
220 361 917
568 490 286
291 257 773
598 435 584
466 366 773
350 319 72
483 418 428
126 131 208
62 17 1183
140 309 1034
128 101 867
138 85 854
307 155 703
65 535 225
40 228 515
444 288 475
7 397 11
457 59 23
122 9 318
439 394 362
178 373 322
502 17 57
370 425 333
22 220 843
40 281 886
455 338 645
501 480 734
0 123 818
536 66 119
249 79 69
542 39 319
454 75 711
503 103 979
388 424 452
317 435 237
210 433 357
113 317 764
563 279 1139
344 382 208
116 67 601
152 348 349
589 161 620
23 306 918
159 506 570
208 442 764
273 268 151
251 408 908
2 281 1019
26 473 1085
194 520 632
375 573 363
573 115 891
258 375 1159
102 346 963
273 561 505
552 137 972
273 578 1
456 111 119
108 382 573
438 507 1019
545 449 340
97 472 1191
485 44 168
402 63 1005
363 31 1187
489 50 755
257 71 1148
182 371 379
59 49 88
329 69 184
449 290 33
221 486 31
118 456 188
32 202 500
575 30 685
495 353 8
520 534 131
505 11 620
170 580 1163
25 88 1185
576 525 322
167 183 951
44 176 541
117 242 978
85 537 1012
579 462 913
390 465 132
331 374 965
51 400 816
103 54 1125
567 151 469
130 197 544
385 564 1043
262 386 220
389 537 664
265 444 429
172 557 709
474 588 142
191 186 882
88 379 579
201 93 1192
371 244 840
55 467 942
199 211 446
43 357 357
216 161 118
21 183 130
36 464 1048
301 265 887
198 323 13
12 170 910
308 455 663
132 350 1102
117 74 587
321 357 149
307 585 1043
4 499 307
270 172 1073
376 533 1186
435 108 229
572 106 504
490 267 1200
61 395 252
237 21 130
120 52 145
467 588 652
403 300 202
441 169 154
197 491 1156
147 233 333
252 331 279
594 317 378
579 323 482
333 329 869
493 145 383
378 351 820
210 436 1074
84 158 401
99 453 288
506 265 18
546 394 270
264 588 1097
22 507 74
193 160 289
47 524 471
326 146 834
58 502 8
381 497 1105
460 447 991
152 445 103
27 443 552
435 178 925
348 384 591
296 86 328
581 521 1109
268 589 995
88 226 130
470 110 396
552 172 369
548 487 73
145 293 638
271 345 34
90 383 537
225 294 258
465 445 844
19 127 722
123 97 1021
298 586 116
416 583 62
167 291 307
564 72 460
90 589 738
166 448 237
198 505 811
543 527 532
447 314 466
167 341 581
396 463 290
193 581 759
360 438 1151
571 178 503
383 541 127
366 121 1015
474 512 385
312 467 57
363 569 613
282 162 49
564 0 1035
419 292 1109
463 527 1151
487 243 650
296 327 1045
591 21 1092
319 399 542
124 268 592
205 423 1001
340 589 94
215 341 346
147 205 201
530 229 683
5 408 272
583 199 220
48 321 513
300 97 451
235 192 11
424 522 38
109 536 318
173 122 524
367 581 937
524 469 86
509 340 272
186 168 863
332 361 533
317 295 393
225 275 95
408 70 589
571 496 703
339 76 1161
580 134 1117
150 252 567
560 40 822
278 176 568
523 137 369
134 575 735
80 459 1079
435 297 922
399 511 68
208 46 315
482 184 52
144 89 228
93 101 68
506 440 966
292 258 832
128 389 368
78 71 931
546 507 1115
143 540 721
566 121 310
177 474 634
469 341 154
142 219 390
207 235 1118
136 581 65
498 225 337
45 169 1018
133 338 781
515 250 148
79 131 991
12 369 127
492 279 186
370 133 1047
345 472 669
306 518 163
14 452 773
315 416 610
176 124 815
83 246 177
342 436 1053
445 117 460
93 523 47
546 97 1167
528 439 58
463 308 287
29 102 848
455 446 212
129 324 1126
558 69 48
115 248 564
479 267 336
422 329 1154
461 342 460
302 91 418
352 306 572
292 298 12
381 470 911
567 519 313
163 1 545
281 580 1152
599 598 486
441 103 490
430 356 1039
262 555 928
149 259 865
197 557 258
456 30 888
572 323 563
376 441 441
542 28 283
6 496 247
370 536 805
336 254 390
284 151 52
203 198 362
62 251 556
96 168 143
462 188 142
226 277 1173
559 31 469
471 455 958
588 404 56
495 323 598
428 238 771
291 212 81
99 349 1082
21 406 160
436 318 489
551 232 290
557 213 443
226 335 563
425 224 653
377 367 230
353 87 690
551 277 393
175 417 206
541 162 106
186 584 507
163 408 861
124 449 1034
187 538 243
263 124 824
410 257 107
517 179 273
303 546 318
435 479 146
135 245 351
17 144 135
465 585 764
87 120 702
154 239 965
276 57 564
183 95 284
395 298 535
188 230 113
200 133 1119
290 166 82
278 167 891
141 200 553
195 495 972
52 500 684
446 519 904
220 268 555
445 599 230
126 77 534
83 185 1196
463 125 872
3 207 834
403 361 531
464 182 642
189 425 188
143 203 35
147 291 971
268 382 476
167 168 998
233 345 579
86 308 787
333 0 713
406 56 1148
488 280 97
421 437 250
