1000
477 777 1922
249 461 820
889 651 507
684 426 550
641 397 1848
890 983 1376
491 815 934
448 932 1770
679 292 341
893 926 1902
685 898 466
207 384 824
840 57 1748
80 231 776
750 330 1267
10 967 1152
992 448 343
111 405 1955
730 537 1538
395 997 572
662 210 638
938 958 78
338 704 59
443 996 1906
5 374 559
201 855 293
856 98 857
443 636 1158
5 847 1827
781 97 1978
360 174 296
800 404 182
30 599 712
851 153 459
545 668 1415
568 192 25
633 812 1686
136 106 1618
146 630 300
810 666 1041
419 678 140
487 226 1236
948 653 733
212 464 932
605 825 264
994 803 759
521 68 1856
899 2 1332
42 592 1065
613 487 1404
826 805 38
251 569 1560
625 940 11
951 306 1402
204 804 1447
655 945 1840
324 158 178
790 558 1306
846 883 1149
934 670 340
677 514 1065
116 349 964
169 924 784
811 852 467
630 61 97
401 59 1765
98 497 764
565 317 913
895 647 1463
389 503 272
14 158 1559
154 858 838
105 409 943
610 611 1018
510 703 1088
432 186 1479
370 263 1506
494 91 745
159 930 1489
291 73 1523
38 144 1642
541 213 584
726 473 1503
374 726 674
610 686 1902
462 738 1297
500 511 177
531 773 1948
937 826 647
420 839 1197
484 933 1553
670 365 359
959 800 675
984 987 1553
250 708 841
160 229 452
982 440 369
778 639 1035
317 615 141
464 907 841
116 449 1547
740 401 990
447 770 1624
931 72 1755
118 314 1278
407 616 1162
194 46 89
857 401 208
722 532 298
686 322 524
879 437 1077
687 111 441
60 675 1511
738 687 1107
735 320 1850
676 368 12
456 952 1242
367 451 1909
964 193 1365
31 879 809
246 848 375
220 837 613
709 195 239
656 840 1247
950 298 370
278 182 664
528 783 155
829 347 1618
156 360 1711
257 561 1538
650 615 21
521 904 1526
518 172 87
422 13 949
138 324 142
315 276 2
354 676 377
123 574 1174
216 465 1275
227 453 50
824 787 750
553 329 1663
255 15 630
442 985 1734
609 90 1247
377 486 1157
962 315 61
934 621 1199
141 214 1874
714 559 671
114 358 1366
985 273 1290
657 162 1531
132 138 523
773 567 1565
793 908 345
154 19 1675
90 265 910
512 359 1227
496 272 981
342 811 1532
772 827 1372
392 716 697
120 692 912
175 905 390
117 672 34
67 27 1825
893 830 1205
917 493 551
615 859 1559
907 512 1754
653 831 502
347 185 1217
794 960 1081
21 657 1391
361 10 788
31 482 189
177 531 1957
538 977 446
383 850 1782
715 655 1679
680 779 433
667 139 1182
468 417 755
874 799 509
683 605 44
74 197 1911
795 95 1636
604 14 1444
472 328 1382
48 667 588
563 942 89
606 11 1807
497 158 279
894 845 894
191 403 319
537 477 795
929 485 704
653 96 293
196 759 968
454 486 1932
712 522 624
481 261 1693
289 849 515
109 686 1321
371 36 1776
822 821 1109
810 886 1507
386 494 1405
379 213 546
319 51 824
688 344 866
394 441 857
279 448 1507
230 342 1665
752 536 972
870 649 929
18 767 1011
957 824 1017
430 626 1783
651 33 151
338 946 1733
132 732 1968
796 429 100
924 974 978
761 907 1667
416 443 615
34 997 409
345 307 1418
912 830 297
92 935 638
224 131 103
453 223 404
674 588 1203
480 114 511
549 395 1963
464 108 1575
466 195 382
613 150 1688
828 413 1960
878 389 183
574 659 1044
441 165 1331
125 488 903
396 996 395
652 964 706
898 398 933
703 254 711
2 598 1742
245 637 1288
3 821 1819
559 981 61
431 800 160
900 738 724
12 804 196
469 672 493
512 549 892
384 140 624
805 665 481
750 125 256
134 195 1529
326 726 1425
892 555 1578
930 881 1030
646 546 1440
831 651 1580
324 287 1914
910 314 1219
583 832 1760
76 138 737
279 516 940
812 212 506
947 879 42
523 745 603
14 777 800
377 348 140
780 16 300
561 59 1968
965 709 646
910 813 1311
600 219 1716
290 703 792
980 939 1420
793 774 326
521 969 463
558 693 1599
133 990 1675
168 207 840
177 935 1030
723 839 1944
758 218 415
616 986 1705
198 894 1018
550 752 226
265 471 1683
169 355 1133
588 888 620
149 692 593
500 189 482
344 790 523
520 801 207
330 317 1443
943 515 1253
409 650 1742
771 719 306
351 607 1498
760 222 610
72 543 538
897 547 886
983 394 531
866 987 1385
870 747 1719
830 477 469
217 662 1153
449 212 1618
140 249 38
643 264 7
347 168 1041
967 653 839
644 541 247
859 947 883
688 800 1666
687 56 1182
618 41 1988
719 622 1758
534 166 1823
829 306 707
799 439 1024
335 148 674
642 934 1766
689 234 608
957 374 415
555 760 343
755 991 458
248 771 1359
296 259 29
340 153 1568
197 584 1200
427 950 1236
895 935 736
864 340 1124
462 878 1088
466 472 614
512 885 1529
327 170 1195
633 566 1254
103 106 1801
322 117 1662
55 747 1015
126 761 446
97 364 1656
776 427 551
361 768 1811
388 891 1388
144 981 1499
16 442 1026
431 508 1008
56 978 1588
159 96 1357
566 628 1484
675 662 577
203 26 201
751 602 83
93 242 1455
156 847 1581
372 716 992
933 66 769
102 568 1737
119 962 1810
350 906 565
976 850 404
2 196 1379
932 140 1666
403 84 556
853 861 680
759 263 1416
102 230 1964
449 365 1252
455 134 456
969 576 1075
483 385 770
580 93 1169
604 233 1076
235 779 1073
17 933 1268
738 458 1910
770 422 1157
825 408 431
581 739 1356
421 801 1407
763 689 1123
855 267 1672
470 923 1894
8 664 841
41 965 1995
328 795 1289
150 613 1363
874 660 509
100 721 1299
769 921 1789
679 735 265
479 681 1743
161 944 1878
98 935 1023
551 17 1223
873 757 125
786 169 1826
559 394 1308
681 479 457
318 274 1140
375 881 1937
382 772 111
558 870 345
488 834 487
576 957 1709
783 20 813
329 911 902
858 413 1617
523 179 708
492 314 522
917 520 132
532 249 763
579 735 1536
301 919 640
882 245 166
163 557 953
471 342 667
857 516 1568
526 101 823
328 236 443
421 430 560
49 230 1020
524 705 642
818 161 1724
51 344 1173
103 445 442
427 579 728
583 293 24
940 350 1416
998 756 1016
869 490 702
732 343 1097
567 934 1346
88 771 73
333 993 1025
721 580 559
875 365 597
677 395 1151
824 572 1621
405 319 1360
715 887 973
699 203 587
685 189 999
369 101 902
341 530 1028
952 247 1658
619 899 1577
514 181 1817
439 895 484
60 281 652
694 347 745
982 623 1380
835 752 1347
983 869 1889
148 230 694
922 576 1262
955 561 1337
300 259 610
178 361 114
307 610 1797
353 606 729
434 564 1417
181 903 1775
607 837 1168
778 255 574
398 413 287
989 695 358
733 594 845
127 188 1076
755 950 1928
247 69 1147
872 856 1013
270 571 157
51 728 1282
832 632 1337
47 295 740
605 868 397
351 708 129
735 358 471
779 53 362
602 933 693
337 0 1063
663 961 1100
475 53 1914
862 691 1902
746 985 821
899 340 702
366 242 923
420 148 962
102 423 415
281 3 815
954 450 622
128 274 1067
39 209 985
762 305 514
686 434 1035
89 674 187
491 713 630
153 902 336
654 411 1492
901 411 1636
378 83 1612
839 903 1732
667 496 207
9 411 1483
134 632 963
160 927 1506
28 15 706
542 624 450
927 183 668
675 34 1140
809 494 1389
985 369 428
105 618 146
690 635 714
705 409 1584
394 454 1605
623 283 1122
921 765 1020
382 247 316
878 889 1696
762 833 571
565 633 552
83 272 426
357 757 890
555 326 300
798 616 1840
808 794 1329
983 205 1953
544 580 1920
584 344 778
556 173 1988
92 942 664
404 158 1071
741 322 1671
733 598 222
818 937 805
329 55 1056
659 238 1193
826 407 325
168 40 1881
325 302 303
214 101 329
72 211 1547
889 257 1146
789 601 1409
799 705 1717
336 481 72
801 994 1001
55 298 864
766 540 1438
533 746 1511
920 854 363
443 942 521
81 454 976
610 711 1531
541 60 700
264 592 1892
68 768 145
832 477 0
162 509 968
107 463 367
748 294 317
218 444 424
681 900 1344
66 65 1467
393 697 842
832 133 1361
887 880 73
51 866 608
482 127 1987
320 593 1181
78 282 399
661 280 1466
213 903 109
124 374 1576
104 260 691
59 172 1981
213 924 1678
805 562 1051
595 463 1218
510 490 1054
924 457 1527
96 256 1192
335 791 1438
967 265 1003
178 713 221
238 830 1367
416 692 627
566 371 706
783 596 192
45 498 715
648 819 426
186 566 1734
28 715 1563
412 279 227
875 521 924
237 587 939
803 175 441
8 515 1509
953 970 1252
497 372 1826
552 328 1242
639 246 1621
758 996 533
556 631 1245
251 574 994
522 326 247
399 498 1788
626 203 1328
592 265 711
718 981 705
807 262 1490
230 854 633
767 404 1242
518 386 1681
173 38 1247
294 601 1822
585 906 1036
626 217 782
292 176 281
35 388 1423
208 560 640
7 334 460
810 201 1353
652 417 294
989 185 257
548 955 1987
634 82 660
192 986 280
910 327 89
618 379 383
509 860 1541
760 192 546
317 154 1161
111 245 763
369 272 807
785 993 1720
712 143 1334
902 445 1672
225 632 1299
164 61 444
125 984 759
21 53 274
121 752 1477
438 280 1426
33 154 406
454 357 1595
849 572 286
765 950 991
171 779 811
70 952 801
969 348 1145
182 469 301
353 363 109
981 526 607
944 483 1134
348 672 1980
851 650 920
109 155 65
262 356 57
980 635 1634
601 460 978
276 509 41
651 951 1213
422 392 1772
270 364 463
628 77 39
976 443 589
955 798 208
91 203 1967
532 238 1365
419 139 428
47 231 603
157 283 473
411 403 1472
949 985 591
111 313 1884
239 117 160
804 71 866
911 554 1372
912 383 1895
515 260 284
229 92 785
837 931 386
896 796 359
647 52 964
470 110 1349
183 592 443
113 528 415
460 181 88
94 100 299
921 252 360
272 565 829
564 256 304
426 895 1674
693 81 1381
169 885 343
879 977 1971
227 929 1477
104 754 387
485 181 294
781 253 1258
764 802 1087
174 688 901
903 868 1886
305 291 1559
258 157 440
982 747 1771
822 384 1424
659 718 1280
214 814 1203
899 444 546
283 169 1956
350 408 1034
346 92 1831
468 973 1815
932 84 720
204 875 987
894 283 970
333 948 112
610 317 1467
842 831 197
233 311 869
105 330 1299
892 127 1980
837 833 1981
365 251 1335
138 851 62
141 349 1365
77 85 1356
496 369 1259
425 178 1474
278 185 821
402 784 1942
713 419 284
611 174 463
937 48 1878
413 910 1845
929 26 1312
848 537 1405
370 871 1875
954 91 1521
870 847 1760
115 140 961
866 405 533
425 4 1132
201 306 485
432 356 1092
107 851 428
805 452 1720
115 887 515
161 46 1965
459 620 481
802 998 1985
319 194 49
532 493 1574
953 361 888
431 60 523
391 994 1039
759 293 971
376 564 1028
905 764 1795
171 358 470
151 904 1232
914 186 1819
435 627 1574
382 415 941
722 251 1510
356 6 815
578 986 1936
160 975 1875
762 606 63
923 423 1831
561 378 956
806 585 1499
516 676 265
609 354 1083
84 360 145
764 842 53
380 140 1527
594 58 1131
65 3 1077
31 941 293
410 344 1489
57 599 1793
791 175 1834
526 89 1493
544 99 1874
500 936 790
990 903 1194
792 913 1079
525 287 1452
614 134 112
129 339 126
819 307 25
901 483 989
647 160 356
606 277 664
800 246 62
914 580 1699
743 697 1271
485 448 1855
572 631 586
946 942 1108
959 404 1160
299 611 1518
181 547 401
572 551 189
642 626 222
718 890 1333
783 339 1179
443 680 1407
322 480 99
139 980 750
901 605 420
664 941 86
384 184 1096
121 100 1222
27 285 718
660 520 848
988 452 1980
800 631 494
34 271 1353
433 924 1723
393 953 1632
85 415 1085
672 492 751
347 964 186
414 633 1342
227 644 193
990 364 554
312 164 22
847 38 503
83 511 5
792 539 223
127 90 626
661 644 106
468 461 291
166 871 953
890 15 369
827 551 560
275 415 1674
506 134 679
148 977 778
987 340 1104
956 909 1583
22 437 925
757 137 340
526 867 909
283 214 1658
880 254 1347
711 180 1973
367 117 1002
503 297 1300
225 227 1387
604 964 1687
164 159 987
440 317 761
719 663 1786
602 583 1375
591 958 970
906 315 1787
919 980 600
953 492 732
873 275 1696
895 64 271
779 118 669
318 555 702
535 704 897
332 470 1953
683 370 1380
934 234 139
16 548 1990
868 571 840
860 83 434
194 711 1546
117 795 39
833 472 1904
694 877 1328
65 623 333
246 824 1739
897 632 1129
92 264 798
774 195 425
381 951 191
927 411 1361
487 228 1268
43 974 1697
327 539 977
77 786 397
840 506 472
332 239 133
590 325 1322
830 671 450
251 681 623
635 525 1003
173 690 1792
148 809 1286
573 755 1909
608 50 1544
374 960 1256
47 206 293
122 299 1562
763 662 462
764 809 1994
852 757 1480
262 110 1183
26 986 204
849 99 1685
256 838 1517
144 800 685
775 764 303
478 506 337
568 805 1479
151 752 358
706 795 1493
405 697 406
247 586 1022
394 715 678
290 281 1249
232 319 1138
493 899 1908
415 245 1531
426 765 1880
932 922 1405
828 846 1571
528 446 1849
687 168 905
231 902 579
740 691 1379
85 766 600
46 568 1127
507 282 701
995 98 250
42 907 247
402 123 1820
958 271 737
255 141 1691
567 446 1075
156 355 1157
702 273 1616
6 509 1100
59 338 1299
431 64 647
399 735 1586
872 408 923
303 485 569
376 297 685
282 654 1896
979 720 766
875 804 103
809 941 713
217 731 1072
518 55 179
197 839 677
662 265 1345
575 660 1472
180 54 596
47 382 1047
630 856 573
902 348 114
135 946 1522
151 280 855
651 464 1399
159 67 132
209 985 732
791 302 1461
43 931 521
446 807 1493
185 5 190
989 646 698
815 722 1845
981 338 1021
200 189 1696
880 220 1248
946 542 147
461 459 245
336 702 661
238 63 1152
892 976 1740
124 959 176
101 380 1034
91 411 307
38 69 1134
65 285 1557
64 445 1463
963 998 1010
854 215 334
883 11 1321
126 183 1600
731 239 285
834 479 1951
147 807 694
246 357 1594
387 856 57
754 519 1365
428 865 176
224 686 1804
621 647 569
507 887 217
439 276 1666
405 289 918
658 537 1047
432 592 572
210 81 1945
529 535 1340
563 575 1044
456 407 342
867 290 659
636 306 1705
441 537 1540
550 334 1525
815 480 864
756 16 1714
631 374 895
933 900 1170
78 821 1068
328 288 879
737 728 1004
947 17 564
553 83 1731
883 683 862
937 407 826
528 600 1669
255 697 1806
971 342 1845
457 100 152
208 372 1908
968 290 1547
461 169 461
236 907 430
204 894 1101
882 403 1054
221 176 689
828 8 245
133 542 1737
597 733 1448
323 397 455
947 881 97
252 468 289
452 439 918
749 941 1423
891 2 1350
709 755 1328
9 12 1730
966 218 485
571 329 1532
293 227 1981
240 817 1908
129 877 716
483 847 436
430 213 705
244 953 472
698 354 589
172 80 1481
176 554 837
201 397 979
56 871 1323
492 571 1466
180 620 503
814 266 435
724 264 1246
66 417 1557
465 585 1609
338 379 1353
269 257 725
926 336 871
254 61 693
170 785 1793
586 961 1218
988 326 1818
162 534 41
593 618 352
496 799 52
902 856 1095
871 257 267
296 618 1532
91 722 913
286 668 906
769 16 710
550 672 1396
579 374 1042
730 242 1094
567 907 1775
437 803 172
174 932 1136
787 710 557
496 62 72
250 796 1464
234 158 1791
425 761 1132
148 77 188
493 979 260
783 542 620
70 150 1732
194 768 461
209 273 406
836 247 1297
918 813 1703
149 202 1114
396 680 110
2 442 1896
170 739 397
70 992 795
76 898 631
143 950 561
22 246 1066
809 206 1738
775 869 185
928 103 1859
156 918 283
325 982 1996
841 182 1507
195 72 820
113 407 1866
550 905 366
166 725 829
826 693 985
214 163 958
404 563 626
568 482 1657
659 29 1202
768 769 1878
954 764 62
572 992 286
639 240 626
890 8 1641
225 783 1339
852 202 987
537 966 819
92 514 971
794 886 610
386 906 920
911 792 882
402 694 201
751 267 492
38 809 88
342 64 838
767 59 1122
541 967 1854
540 121 1219
120 220 89
233 581 1597
354 550 424
587 147 390
64 415 443
901 488 591
904 315 143
259 160 761
140 836 50
437 832 756
999 893 894
334 730 1233
421 149 275
305 70 1736
472 646 913
218 451 1205
435 444 738
414 498 1346
877 541 1708
720 920 260
87 541 401
42 668 840
40 239 1736
365 111 1833
951 589 452
919 716 360
853 970 965
522 481 561
557 327 819
50 851 1420
486 797 1062
498 755 1940
200 883 994
462 414 1550
397 582 187
661 191 1217
32 284 841
114 962 554
586 183 1709
117 3 1624
920 150 370
734 773 126
599 37 231
69 927 700
186 615 666
915 334 1876
517 828 231
120 649 216
511 379 895
873 761 1541
194 926 1968
859 973 355
409 272 181
678 698 1605
634 191 155
368 445 1035
521 363 872
182 999 144
369 223 418
917 152 1691
995 364 1988
219 54 61
97 775 234
715 213 1362
149 514 1388
655 815 515
864 14 1485
724 97 1757
704 879 385
114 523 1510
10 249 691
768 704 1523
386 24 453
118 705 1551
699 932 1289
697 995 730
884 719 210
321 526 555
453 108 1898
780 895 1477
798 444 1802
559 315 1969
21 432 1359
976 940 1672
366 467 1627
577 684 411
717 929 1750
449 237 1769
66 467 1895
81 390 466
181 630 285
177 509 887
729 733 347
273 487 791
599 119 769
360 924 1393
16 38 1768
566 621 1914
265 659 1660
304 68 1782
588 992 55
213 378 559
199 496 188
29 401 821
725 588 1318
434 453 397
866 127 1069
131 715 65
470 279 118
863 70 1865
274 215 1331
415 974 1854
992 374 1137
619 592 1071
34 812 1490
530 839 129
355 656 71
4 451 1171
75 533 313
975 277 1679
520 820 1101
747 533 1345
736 459 1827
242 920 756
451 865 1433
40 390 9
515 537 1279
752 826 1661
719 512 996
274 407 1946
540 595 392
579 303 1845
965 361 1808
97 368 119
636 478 908
545 4 11
489 200 1974
676 700 374
666 599 1191
376 663 1602
801 85 679
607 483 1442
631 505 549
269 117 1989
352 960 1381
808 349 1137
298 112 1274
974 335 38
473 481 1300
505 981 84
767 972 1636
962 561 8
7 411 539
476 70 972
240 839 1713
949 955 1951
891 742 240
940 427 485
721 623 164
261 462 1826
37 821 1910
908 509 1367
711 73 43
315 304 126
226 668 1084
779 857 876
981 446 1303
217 433 903
732 87 1262
697 269 416
597 90 961
88 887 1163
721 237 863
355 227 1690
919 477 511
732 595 1131
11 223 478
745 729 485
173 977 1539
506 914 1093
320 60 1680
942 93 284
83 84 307
373 626 429
632 791 1380
73 983 937
363 278 1367
203 825 541
608 338 1652
831 966 1721
476 600 136
382 445 1843
851 556 789
936 557 686
678 725 1000
89 578 370
913 686 802
750 277 581
872 332 1979
349 678 570
75 597 924
79 92 1382
424 640 1668
711 531 1728
341 762 1710
164 165 1445
766 653 685
841 709 1623
11 568 1171
773 362 231
352 216 781
814 447 237
488 12 64
309 35 612
768 174 1058
805 867 383
323 913 707
774 928 1074
858 761 1556
312 321 1685
201 404 1739
281 33 318
467 34 608
531 451 528
941 798 1484
467 984 1051
198 431 475
981 886 104
349 829 1318
902 590 1665
509 707 844
806 829 11
629 380 459
257 52 1125
941 414 706
130 104 1282
133 423 985
998 907 1326
646 421 938
166 561 12
946 530 1444
465 506 424
444 805 303
447 977 108
202 330 592
354 474 1645
570 56 1726
560 65 56
949 275 1531
726 845 713
838 749 250
130 691 1432
119 764 1443
458 99 317
970 420 1730
314 586 1993
66 593 18
604 857 958
956 502 15
925 491 1913
56 829 1322
380 664 1999
15 154 1064
41 179 726
500 50 1232
222 848 408
675 13 1593
481 384 676
754 868 1737
846 788 1042
222 48 772
245 438 933
933 898 1546
26 694 1702
75 248 1076
740 899 63
30 290 749
68 262 1630
499 31 937
10 304 430
880 807 605
245 507 851
655 963 76
825 970 1837
586 360 566
141 900 1860
228 248 281
541 150 1523
11 385 1378
652 186 1175
191 912 922
939 71 940
179 520 993
718 377 720
512 228 973
831 730 1352
608 768 1919
381 109 1720
134 925 328
33 583 443
788 652 148
628 517 792
851 628 702
528 610 126
397 330 1961
138 377 1447
584 42 798
307 980 1025
299 727 58
570 169 957
734 483 496
945 837 1182
262 904 1792
888 552 1927
580 40 1805
46 274 1309
150 22 1168
178 439 962
184 62 394
782 391 1516
167 650 1506
298 311 1048
262 471 87
952 697 89
871 565 1575
230 686 536
15 180 1641
44 560 1265
697 664 171
950 917 1282
130 942 1015
721 932 746
929 794 784
562 417 1602
594 604 815
123 657 1828
231 96 1304
178 221 1701
677 246 115
950 483 326
192 564 187
41 64 1391
896 907 1257
682 621 1426
379 471 401
32 659 1852
683 954 858
220 602 786
18 386 89
726 111 1235
25 207 501
135 182 1568
723 596 1130
86 585 486
196 449 1630
293 774 1047
95 225 1442
804 322 582
350 29 646
963 145 623
668 686 1550
370 270 704
819 64 960
977 731 208
284 710 264
210 986 914
546 666 30
906 455 973
79 801 128
844 412 482
8 279 778
904 33 1076
460 787 1756
359 961 1272
670 693 597
219 47 512
669 810 151
53 147 640
451 811 20
665 41 697
701 202 310
131 626 1876
215 122 1971
571 865 114
259 875 1357
931 392 204
745 857 1471
574 364 1077
265 896 1576
186 628 459
599 32 245
286 811 542
110 165 1856
83 852 583
142 460 1337
922 698 814
316 932 1403
28 899 609
165 826 684
971 846 595
393 786 544
207 637 1041
758 682 271
64 646 1526
606 210 1916
113 24 1701
4 878 1610
820 191 908
239 492 1953
769 408 894
673 641 1661
598 15 1751
84 415 1994
151 486 200
387 597 1981
835 698 1171
840 451 1776
860 662 624
654 356 503
437 822 3
736 826 1155
356 256 1270
409 661 1672
806 990 858
385 295 617
695 896 295
763 204 1184
423 246 442
44 182 1205
965 227 442
625 240 707
710 577 312
748 906 528
188 842 1748
37 229 1633
842 268 437
912 198 1451
4 920 1146
909 186 985
292 403 1148
183 607 1107
176 82 1994
715 561 1126
969 109 1333
363 912 883
21 132 1990
629 476 1102
498 64 1900
147 635 37
916 113 1337
914 18 1878
687 725 1187
876 985 670
369 226 943
481 339 518
495 315 180
197 690 1263
617 666 1188
580 964 1670
792 178 455
106 995 678
932 233 474
232 830 360
823 938 1446
400 747 193
24 199 1945
278 829 761
397 866 1372
848 344 1946
12 315 415
20 709 861
535 702 1760
802 222 1906
239 955 1456
23 879 997
815 315 488
538 764 717
143 222 1659
729 20 76
299 388 497
358 474 5
937 144 1835
868 872 472
877 190 521
644 886 1824
681 64 318
584 342 932
843 103 1237
576 565 1016
490 269 677
943 69 1221
171 479 324
132 611 1096
165 825 362
287 40 750
951 369 41
930 728 1524
790 122 949
799 315 1196
58 439 701
325 528 1810
865 173 433
229 40 48
77 307 871
893 515 123
146 870 498
404 835 1650
100 892 660
697 135 1388
359 603 877
539 399 405
429 789 108
509 854 969
591 324 696
564 920 1527
446 969 544
50 312 373
340 749 165
527 850 562
587 485 1208
57 726 521
317 700 1967
877 733 1415
847 184 1031
282 222 1275
487 502 1272
648 669 1625
708 278 1572
460 199 1858
38 786 1681
46 666 1135
642 624 682
663 381 1318
862 645 106
922 511 1706
142 648 1298
100 999 352
593 647 334
138 527 1382
645 926 1152
838 728 1896
739 759 1090
548 58 793
958 250 370
387 181 1958
921 216 298
991 3 1195
769 183 2
108 875 1546
258 24 1031
308 610 1808
299 798 235
622 172 1054
807 522 228
381 275 129
237 501 847
869 121 1701
827 857 146
147 42 361
163 821 1239
502 982 1963
670 2 1178
117 942 1076
535 49 1864
112 499 1572
827 955 1529
903 576 128
263 710 522
216 339 1249
253 169 224
972 753 689
136 605 1520
331 303 1412
257 750 1347
68 735 1620
970 90 1471
960 658 1948
725 504 1222
833 335 26
463 572 250
744 996 1654
45 316 1388
951 823 270
801 128 702
597 403 1447
377 305 1064
95 410 1948
618 473 1892
408 223 1197
223 929 1471
708 774 474
664 558 886
736 376 1747
442 856 1382
127 288 58
289 473 1034
855 926 1610
499 207 50
882 996 1290
960 708 1867
501 495 1095
175 598 1860
398 778 200
145 543 1258
953 776 58
206 923 1022
536 924 39
503 558 1399
51 162 1430
967 334 1106
2 392 1035
160 534 435
373 503 1075
108 248 897
226 720 943
175 973 1035
436 995 1206
15 165 1917
425 291 1722
650 735 967
403 143 318
197 543 1025
502 42 665
484 903 1501
844 992 381
682 643 1920
310 932 882
297 239 1269
656 393 1909
82 848 957
436 479 146
757 73 1863
385 571 971
179 908 1774
95 953 978
339 428 1324
253 269 1977
693 776 1760
958 292 1769
717 590 1910
184 510 1630
898 722 1684
473 901 1054
31 641 1710
447 309 421
153 510 1900
315 686 468
176 124 846
758 802 212
286 54 678
60 431 1161
417 577 1431
629 799 905
817 409 1629
826 241 758
872 718 1088
889 910 448
632 983 244
524 293 427
202 667 95
390 87 1621
531 665 1958
36 833 1951
663 272 739
293 44 1777
839 269 670
816 681 986
128 890 1177
88 427 336
621 387 608
595 23 740
288 709 40
810 837 1845
766 177 1928
62 776 1879
110 133 282
190 295 1118
655 336 243
551 647 408
574 963 1775
933 899 1168
728 346 1498
408 324 1815
701 548 385
62 440 1657
674 972 1257
809 353 1222
206 41 1257
481 364 383
634 896 949
650 93 537
300 464 1272
54 468 103
507 325 1611
112 702 1525
470 113 1087
886 779 1797
784 687 1560
490 254 35
131 872 1168
903 115 591
6 821 1416
249 883 1616
589 230 1449
20 391 1884
187 422 782
205 472 1557
196 535 1421
996 198 1662
582 309 400
468 353 1326
939 498 542
646 602 872
465 772 933
438 897 528
952 169 105
821 14 1632
525 909 1964
69 891 1419
463 750 498
561 724 233
684 246 1289
510 576 1640
304 132 1901
411 152 1437
942 744 250
900 530 540
582 208 1973
90 230 1089
525 41 678
173 926 1654
980 346 639
217 584 798
817 525 1267
779 99 874
912 471 236
36 702 1886
410 609 1214
417 688 1972
445 24 238
473 809 589
20 642 160
649 668 1945
802 411 1751
39 568 1297
646 935 268
107 510 828
107 688 631
791 980 1924
894 596 846
569 498 1775
899 933 1093
228 955 23
336 664 1878
505 150 1269
645 761 133
287 966 1754
529 299 154
458 289 134
311 532 217
9 870 1842
54 79 549
668 774 1104
742 339 907
681 122 288
303 707 396
616 12 1285
209 540 1727
656 135 463
222 658 1885
104 258 1008
318 538 84
211 559 151
683 384 611
905 32 1389
441 709 91
385 159 1066
885 649 775
273 615 1699
664 176 1820
628 807 686
680 369 245
833 144 736
368 198 375
10 439 1783
966 388 327
557 152 933
727 970 359
136 909 267
231 506 1384
254 812 400
984 574 730
741 886 491
232 832 1893
179 835 212
416 994 1070
388 892 431
242 637 160
694 389 541
159 467 551
7 712 1280
237 862 1036
63 137 1235
122 722 1583
242 92 298
887 423 756
166 810 1494
791 838 670
360 436 1933
621 413 847
811 475 472
271 951 1774
640 674 547
367 426 66
986 92 1629
612 922 1273
483 183 128
622 373 852
508 303 1373
988 143 1160
258 986 905
544 335 1482
247 731 928
187 170 515
823 584 1658
24 853 671
311 181 1126
184 907 466
268 815 1339
486 139 1985
401 398 1779
280 214 690
796 381 1222
101 213 1436
557 245 982
898 880 1678
561 14 1882
456 709 848
296 236 703
741 133 407
614 979 1942
355 430 1081
513 468 1861
455 811 124
534 584 490
700 368 298
589 945 803
611 699 1480
813 325 478
964 729 998
258 516 857
861 385 514
415 285 350
469 663 887
269 96 1005
405 721 107
417 483 287
0 130 1462
635 446 1441
554 551 1162
603 843 676
249 400 374
861 55 882
374 98 1125
200 663 791
558 878 1130
995 741 976
710 425 501
877 224 1562
545 479 1615
861 659 1190
196 785 447
55 929 118
685 372 1208
513 976 883
539 382 904
110 221 1132
435 577 1264
562 281 915
841 239 16
132 498 502
997 332 423
306 795 253
942 968 751
854 275 1500
665 644 1097
850 786 685
477 282 297
17 340 576
543 834 8
682 766 838
205 142 1386
29 537 633
150 220 908
804 609 161
782 870 312
873 353 731
266 528 156
743 864 1161
390 95 714
454 546 314
145 229 696
288 810 1858
364 981 212
458 670 534
448 559 1396
0 499 1151
761 862 1504
345 493 1781
488 170 867
270 135 848
441 172 1750
348 344 940
112 146 1729
216 46 1933
185 349 590
223 876 381
12 503 1712
643 57 1385
221 909 1276
577 242 1626
935 690 224
702 557 696
428 900 115
244 639 1779
272 686 921
124 607 1031
339 378 1980
269 650 809
630 30 631
510 103 1576
730 45 804
813 832 1811
990 273 321
662 284 1597
842 880 1561
416 267 142
529 944 1954
479 715 286
881 463 57
501 313 1135
272 771 1937
704 956 1854
844 297 867
124 907 257
232 828 1945
15 322 1090
450 745 161
373 798 199
433 525 527
452 205 600
590 891 843
23 7 1925
82 450 658
229 291 115
848 126 415
243 533 498
296 82 391
962 664 526
910 987 71
956 333 494
554 136 3
543 233 434
497 162 1947
362 800 1676
749 836 697
308 200 1114
277 304 119
366 402 1966
346 230 447
192 184 1942
684 749 820
127 419 1114
640 402 46
155 977 730
189 387 1281
40 120 1463
277 384 1807
506 445 249
42 17 1541
665 669 1296
49 77 720
477 827 58
37 448 171
943 649 1604
582 741 1340
591 797 1382
498 558 1432
223 633 1675
633 981 180
513 721 1504
24 564 383
378 221 1878
654 309 1255
321 83 381
120 734 1880
648 861 1211
652 171 52
777 474 1488
578 296 90
958 163 411
709 259 1875
727 717 249
865 630 771
998 819 1116
775 879 583
777 559 1302
109 383 536
237 225 323
870 19 129
183 223 482
906 601 531
320 904 217
829 846 1997
549 210 1556
647 986 471
85 170 5
520 558 1310
999 48 1039
167 937 414
228 488 692
734 624 1154
344 898 1124
804 954 32
749 533 7
968 22 1957
314 987 1439
703 15 251
418 149 1917
628 520 1005
501 645 382
398 594 914
81 837 972
939 495 1559
692 924 808
6 241 781
884 263 65
418 873 1844
495 336 1751
881 46 1983
274 202 96
318 936 599
193 830 152
602 16 1965
87 811 743
865 570 857
920 411 774
415 412 676
357 801 697
314 5 1504
808 604 844
850 755 608
670 488 1422
688 268 628
827 542 1589
941 85 1815
423 184 142
364 656 147
985 592 1720
789 904 1833
770 43 1067
993 155 1846
439 123 1374
982 975 1173
391 108 1819
837 806 748
261 809 747
101 520 1834
845 616 1421
905 708 1050
330 177 825
694 42 418
593 619 1785
803 326 112
630 151 459
574 882 128
313 892 1319
618 525 1737
657 362 1344
879 398 1266
736 841 912
278 547 1059
322 469 1744
835 168 1282
45 237 1504
595 324 1728
515 455 331
633 921 1194
86 151 967
767 626 1123
679 546 1168
368 881 539
505 652 755
154 2 722
136 114 24
869 826 235
331 816 574
235 140 140
414 440 1132
585 343 291
706 265 986
283 511 1092
116 601 500
555 878 913
292 667 138
888 272 74
940 476 813
747 151 794
839 279 1474
429 278 1091
267 532 815
853 314 72
484 810 1947
874 442 256
672 783 1086
760 422 1219
363 331 1359
294 303 1358
213 712 847
793 14 399
396 789 733
474 919 1428
419 225 1965
378 562 369
390 61 1362
36 658 1554
968 981 852
944 682 257
536 266 867
474 219 1798
139 503 879
885 346 1077
49 861 1391
752 206 1531
407 184 128
364 201 1994
625 187 532
549 442 1489
605 631 1919
453 936 1597
141 260 1370
795 683 919
691 129 18
927 244 1802
519 215 1311
152 555 371
271 692 774
755 148 812
241 191 723
184 571 681
860 374 1872
308 838 875
789 642 1817
612 63 356
93 531 1813
446 305 1689
781 415 530
209 20 330
146 24 956
544 894 197
358 798 16
996 833 1273
765 241 1115
780 268 9
742 374 791
218 165 1302
427 825 1315
192 582 341
63 731 474
669 217 483
972 848 1353
234 378 1588
516 355 1620
647 833 1894
319 776 1013
860 276 1670
365 992 1144
527 534 174
354 105 546
301 684 1007
6 98 1840
930 611 135
632 537 206
889 558 1646
32 333 1505
137 399 511
260 782 1071
624 254 1971
115 349 1089
991 309 274
565 87 1069
581 917 1755
305 42 397
880 588 437
542 417 1074
637 565 373
539 409 874
356 980 1938
530 396 448
94 942 793
713 426 1289
616 70 274
820 915 855
484 473 1749
813 693 1158
198 772 201
475 256 1731
418 852 823
825 500 1860
351 4 793
96 420 1250
368 174 1397
462 807 1429
221 797 1208
797 89 568
966 344 38
292 294 804
777 717 165
739 409 409
641 688 848
665 885 1443
864 814 276
25 900 307
185 95 852
276 14 995
435 987 875
0 366 1103
771 386 380
478 529 1428
754 909 680
536 507 298
568 691 1896
168 349 1384
817 642 415
671 873 916
208 533 809
226 451 1962
891 529 1057
165 443 1050
724 896 917
934 393 1027
34 107 850
542 859 1047
808 836 1021
364 444 1522
813 815 1759
845 0 138
963 792 1825
480 165 1725
849 791 1262
672 992 1422
796 772 1457
564 725 1503
460 506 1504
972 400 73
492 110 1067
609 117 780
946 293 817
613 755 1182
695 751 699
675 217 1182
12 707 1408
699 248 1821
967 944 1987
5 45 635
212 210 1795
706 164 1601
617 297 136
507 201 1833
298 995 1276
420 880 1978
720 917 1708
203 277 924
310 691 1405
168 368 1591
118 448 382
840 627 1429
587 169 1936
947 771 1369
573 638 1552
176 119 1554
753 526 792
466 433 1186
153 666 1438
325 354 579
367 345 1149
187 196 694
408 27 982
486 986 496
787 941 1372
456 756 1612
925 219 1045
816 382 1722
32 796 1875
502 421 1857
534 616 231
322 849 1412
770 363 779
206 777 1440
533 974 1865
564 674 1200
374 27 1393
637 291 1071
444 460 494
155 738 437
546 395 1610
560 875 3
640 749 973
235 62 1611
250 81 1611
310 588 1554
658 865 1366
202 866 1548
738 572 116
720 407 1227
64 246 1473
243 89 1269
505 999 731
80 535 1723
973 260 753
222 564 1592
986 426 60
790 93 1115
17 398 1192
611 772 470
461 939 1525
504 821 1005
757 731 1256
963 947 269
310 504 1884
27 283 1917
793 572 783
573 6 813
437 37 256
936 410 861
76 797 1923
284 855 17
979 428 628
735 821 677
109 238 152
961 603 288
590 767 364
313 545 1126
731 425 1734
786 25 731
338 79 502
229 960 329
35 140 1428
535 977 1223
773 146 259
959 202 1762
480 439 336
439 552 1637
836 364 1640
695 335 1834
794 275 72
13 923 1305
624 616 1374
248 408 648
698 324 668
654 841 832
527 906 1280
686 524 196
922 81 1389
204 117 931
434 915 1451
508 596 1948
917 379 1923
962 441 1722
944 421 1238
607 917 1883
167 413 1431
575 752 163
321 811 755
766 384 1520
931 442 9
22 361 620
440 587 879
640 369 1797
378 250 1842
388 540 102
347 962 314
249 536 756
883 239 476
5 510 1408
908 858 695
402 273 103
140 792 67
162 627 1114
90 958 403
709 844 768
256 861 1495
445 686 287
330 973 401
236 179 1512
143 684 1209
275 366 437
20 309 1344
845 165 677
341 854 1148
593 841 974
824 304 1918
488 61 196
254 972 133
206 426 1554
836 271 124
223 293 168
728 329 131
845 367 282
78 347 1467
428 965 349
979 291 511
315 933 1516
418 552 1371
442 375 1545
954 106 316
61 883 497
302 633 1909
74 789 78
135 951 927
861 994 9
459 96 347
386 319 1893
245 159 1201
603 275 149
149 711 1303
413 259 1750
514 763 1979
371 565 104
599 651 1481
74 920 978
571 532 305
733 439 167
265 779 1992
672 262 456
503 117 1524
782 201 806
471 298 774
395 808 1838
816 430 719
751 811 1479
903 600 505
612 950 566
584 640 1374
638 277 1857
466 480 1298
239 101 1441
126 654 660
224 59 871
344 158 1394
919 904 287
26 249 375
493 803 1789
291 242 1899
975 653 220
717 849 1611
680 109 1201
997 586 670
175 375 375
19 475 450
467 875 1789
740 920 329
833 353 1506
531 508 754
691 324 1998
224 358 1600
741 791 1876
798 658 133
464 603 898
994 556 678
106 303 1710
831 262 1962
22 453 184
731 785 146
241 577 66
450 152 1932
482 283 1877
474 452 1729
554 30 1646
358 304 749
719 748 737
285 88 620
897 556 72
585 221 247
620 429 850
538 486 1604
210 941 1484
294 312 961
177 533 1241
342 184 1484
977 50 1193
863 267 826
281 818 1197
602 272 1126
565 447 528
455 890 1479
707 876 410
69 81 1791
555 491 1329
771 42 1615
142 934 1998
631 336 1242
61 206 1138
477 648 907
187 736 121
867 638 1141
353 678 1311
639 5 1814
155 122 832
253 882 1832
285 114 1616
763 74 41
1 254 1243
332 347 377
797 751 1491
649 748 567
893 682 610
346 202 1793
955 749 1571
900 19 1746
668 759 239
678 272 778
792 168 1963
991 792 789
199 429 1288
190 667 656
635 362 577
247 234 1595
830 99 537
248 221 651
143 153 1523
451 673 733
911 980 575
636 356 1305
25 675 1868
202 591 1968
782 286 253
46 725 165
457 705 937
993 511 171
819 634 1762
340 250 1162
434 864 236
787 451 1685
879 250 621
811 784 759
410 71 1513
349 891 1830
155 922 464
623 406 249
577 321 61
152 340 893
890 430 506
7 105 233
540 22 1686
76 553 390
996 852 476
411 794 1518
649 414 132
366 60 704
448 570 532
98 259 201
733 672 45
669 307 1636
928 156 870
508 934 299
454 589 1790
101 57 1852
307 494 803
43 877 1976
427 856 977
974 304 853
392 709 1673
696 366 8
945 222 1794
547 640 11
768 784 540
359 526 405
774 342 1776
77 820 741
613 676 974
361 875 509
475 94 128
489 76 1059
821 796 1039
61 274 2
596 648 1674
246 251 935
99 802 1285
975 887 1964
94 532 65
303 770 1182
700 851 511
858 639 1073
288 253 453
504 79 1414
617 881 1039
972 398 352
115 438 1551
569 493 5
764 751 1261
163 145 748
995 798 9
939 595 125
106 251 266
384 980 1856
668 729 422
656 337 1829
667 832 1263
856 158 325
58 159 568
623 957 466
482 84 1381
260 553 630
234 479 102
619 166 807
908 605 298
968 563 1195
313 455 1476
980 399 1317
59 180 1581
161 312 1937
256 985 1209
305 105 614
185 360 567
612 156 575
323 324 261
603 208 1640
54 473 460
334 68 978
606 58 735
714 522 1235
621 347 1722
523 403 666
370 535 1055
122 435 1294
987 108 1833
885 806 1572
927 544 1996
696 312 1584
267 657 401
266 209 1558
479 978 143
614 927 1943
475 878 1803
311 360 1701
71 632 733
770 440 1715
319 978 150
429 51 443
442 146 5
795 566 1287
964 65 850
537 527 826
516 219 1974
506 297 30
695 246 1424
179 284 448
131 797 892
35 473 461
205 928 1750
453 200 1853
398 609 1903
639 554 790
806 891 1702
8 828 1967
426 231 1256
749 613 1685
426 638 127
18 536 1161
536 180 997
811 145 356
888 960 1749
422 248 112
306 564 431
25 804 598
727 540 1342
67 563 875
215 161 325
193 508 369
689 591 433
403 614 1694
98 524 1990
167 831 998
867 288 1527
558 338 296
701 479 1799
978 597 1039
397 237 541
821 139 1537
70 572 1533
392 894 538
829 817 1128
957 158 1692
82 219 841
955 221 1298
152 423 1735
938 659 1019
855 944 1607
684 341 1063
423 921 1172
648 126 1966
874 661 831
891 528 1806
914 558 364
139 988 681
913 555 503
682 46 389
812 290 453
444 33 1872
907 4 283
244 137 691
408 687 964
233 368 827
708 769 1200
256 880 260
371 229 1094
257 285 1179
596 487 1202
504 171 1595
334 860 30
918 598 501
304 936 403
84 361 620
306 145 207
333 698 1767
339 447 1332
619 11 1315
941 576 1322
627 149 280
738 411 220
918 956 946
585 505 1899
87 508 794
150 843 1712
450 264 1968
133 491 1699
216 505 332
280 877 838
400 946 1594
39 215 1601
978 106 908
595 394 463
707 328 412
671 527 1847
920 864 488
855 963 741
284 819 1381
643 291 424
360 98 1598
723 74 995
690 877 497
119 538 1223
676 887 477
448 36 1341
964 965 1485
942 374 1306
710 693 1924
856 333 1962
464 859 1272
731 374 700
140 437 1357
772 673 640
607 553 1469
603 145 1923
663 614 1027
750 617 515
343 745 1131
600 260 1562
96 474 1755
52 5 51
424 797 535
586 249 1194
712 102 742
290 579 83
169 768 1
273 175 1802
414 580 1140
543 2 1705
326 438 231
226 401 348
698 245 72
358 607 522
739 123 974
497 829 1318
673 635 1503
788 78 1521
407 847 1374
936 531 1342
137 336 1991
620 273 1981
534 461 1734
306 990 1548
660 981 1710
862 627 182
674 511 1496
906 806 1763
388 588 1661
491 588 1227
577 591 936
714 543 1670
9 484 988
589 781 1631
499 918 81
72 932 1397
182 569 1682
756 636 1173
489 402 927
331 267 1409
372 752 1475
751 437 307
508 388 287
522 235 1865
57 767 426
452 178 1637
218 386 984
428 974 1086
519 104 1804
529 834 37
220 159 1793
309 15 1792
263 623 768
957 654 1900
433 432 401
301 126 1230
706 661 766
233 349 1793
19 663 1119
30 220 60
984 283 1107
916 59 1213
562 69 950
788 609 585
145 693 1217
650 802 311
380 109 1681
207 642 1085
67 890 1100
601 634 175
114 575 848
944 1 1184
380 40 1644
312 459 276
966 714 840
881 782 1582
39 217 1963
948 15 226
660 587 1633
898 275 282
974 125 340
99 720 957
703 906 642
298 782 1077
881 88 908
383 303 387
994 219 755
307 393 1949
718 287 1094
974 82 776
661 59 1818
329 15 532
977 439 545
676 820 1943
787 604 845
514 468 108
287 16 823
68 981 1001
412 560 445
526 76 690
887 154 1402
461 6 294
104 199 1093
632 381 1120
818 22 1539
867 719 374
316 693 646
266 69 1260
828 53 1653
285 253 1540
383 362 116
645 884 1835
961 910 850
626 776 95
832 454 311
657 428 110
772 531 515
235 447 551
349 969 586
472 506 1575
14 510 1937
144 403 552
923 929 1266
762 825 577
527 959 1848
991 329 1133
634 410 795
251 544 159
227 759 1160
774 389 829
41 294 301
165 951 903
263 199 1772
837 500 794
344 775 1518
801 513 502
846 425 1265
685 949 1505
99 172 869
921 472 1919
190 287 858
818 609 1250
455 226 1271
372 531 475
959 835 1923
352 446 338
121 614 257
501 229 1376
259 842 641
472 621 990
63 159 1475
211 276 1278
716 561 535
924 437 736
999 59 193
753 502 1366
489 741 281
348 317 28
973 187 272
125 230 1182
219 960 1792
885 542 250
563 742 1037
789 871 1748
158 132 1610
273 428 167
659 984 203
113 823 755
915 715 285
264 455 262
745 129 614
771 880 1042
907 388 1731
548 150 177
53 257 1443
498 554 86
69 55 844
784 300 966
976 71 1296
26 439 175
241 108 117
581 778 160
463 727 1589
111 713 412
13 111 251
591 429 1521
742 32 928
952 495 359
1 379 605
747 575 98
781 977 854
341 929 1357
404 481 247
590 826 478
219 382 811
723 532 574
463 76 656
798 909 591
93 530 1548
417 356 1374
759 15 505
19 643 607
876 302 1752
839 348 78
486 967 182
838 347 367
588 853 1936
350 498 1818
499 120 509
430 7 1581
16 248 1420
356 737 1705
688 579 1595
3 234 734
424 849 291
817 912 411
459 761 194
487 261 416
471 983 656
240 93 1152
313 667 14
600 87 759
725 105 382
657 141 1308
193 848 936
796 984 1698
588 809 455
283 156 548
525 936 1083
308 149 127
797 197 974
375 461 1119
52 943 1340
553 157 1101
803 720 840
757 461 1616
722 885 1613
482 118 956
615 797 1190
327 956 576
108 713 30
75 209 90
73 481 1338
174 127 427
186 540 168
277 643 978
854 229 1078
746 629 1422
547 874 1244
567 307 206
1 472 313
836 500 307
471 662 1504
399 733 1387
615 272 1382
863 238 1117
297 306 1330
345 759 1048
436 397 1511
865 421 395
72 880 759
100 366 1553
641 426 410
778 54 403
637 82 1810
412 163 1863
843 903 1163
436 398 1005
348 254 713
948 895 1989
582 578 55
125 268 7
480 774 1519
457 383 1906
848 982 230
58 184 530
438 752 110
938 846 901
99 799 1970
145 576 1915
24 339 146
816 300 1740
48 278 1338
700 73 1127
594 702 1302
539 408 1684
678 937 161
660 917 1470
850 43 449
410 897 1643
57 755 110
540 962 1408
35 411 1569
552 32 1885
834 393 1049
54 48 356
986 894 1619
894 245 430
314 665 44
923 490 1374
323 246 1033
725 796 1561
422 900 1503
221 875 1908
794 290 1093
821 530 330
116 938 555
674 475 1205
495 374 967
270 647 1818
812 457 732
215 6 59
30 976 241
557 289 554
3 241 517
984 840 697
692 667 1341
938 952 1371
904 374 1638
494 311 434
80 126 850
765 844 207
943 77 1257
776 539 1730
784 956 1535
844 292 1464
276 770 56
698 169 1703
263 322 936
71 442 1833
238 890 312
547 63 538
73 2 1485
376 516 655
121 393 385
14 850 1959
304 972 114
835 761 370
128 516 393
401 608 1076
537 192 1789
825 996 757
530 450 1801
253 375 242
411 427 1063
671 403 1596
295 825 1483
142 686 347
255 9 1112
705 510 760
40 839 1212
886 262 819
524 560 1479
704 934 450
45 578 1247
44 320 1755
970 594 1736
888 901 1641
137 457 1382
977 285 338
617 34 228
691 173 1973
823 885 1985
352 695 90
600 917 831
948 756 1665
765 984 1427
923 839 1909
859 249 1996
587 860 1916
394 72 1604
868 528 159
250 859 404
622 446 77
502 870 760
662 793 1376
362 341 327
658 600 1992
29 302 651
701 770 429
351 789 106
780 633 1672
513 301 1073
756 510 452
123 159 1766
716 470 105
993 778 27
335 982 1569
406 216 256
776 676 1736
760 608 1066
638 741 363
703 405 1065
71 697 1396
822 37 1264
926 214 1414
853 288 295
282 540 1477
58 237 766
905 198 1598
560 441 1178
451 498 27
605 458 61
29 456 109
864 315 1945
420 378 1274
337 452 1554
897 244 561
746 116 85
419 229 813
744 705 1659
343 444 537
928 664 232
772 259 983
989 90 335
268 597 1014
822 737 1746
638 284 1896
522 162 114
465 174 536
181 63 304
144 663 390
48 309 1071
511 458 36
275 13 1707
773 206 161
969 975 1360
103 66 330
483 414 887
152 248 669
745 188 925
478 245 581
108 631 1559
261 571 210
642 27 1210
130 63 1588
449 437 1023
189 247 1943
807 459 332
856 650 712
36 108 52
129 225 1943
553 115 856
636 158 1195
1 703 1586
423 980 1441
778 458 974
207 260 1535
641 452 1303
281 790 1837
271 854 519
547 226 903
895 413 1919
294 141 772
728 599 1593
896 430 273
228 307 1463
692 580 1888
27 898 465
620 318 827
978 543 1937
743 883 718
375 5 1290
254 423 1913
907 548 1269
295 398 173
346 147 616
236 235 974
975 512 923
925 420 817
89 288 1594
795 818 1550
538 716 505
754 970 1421
230 123 579
866 421 1775
94 832 1300
876 816 286
601 808 480
971 656 1418
493 368 701
203 98 204
157 783 1585
377 606 847
635 522 1725
532 678 491
747 35 1166
693 664 148
102 927 723
316 904 1808
800 266 1302
509 807 431
371 613 1975
592 804 1005
744 768 75
878 653 1975
345 277 1943
82 662 1569
911 968 1589
803 85 835
490 428 307
447 241 598
556 44 1642
886 320 72
693 257 1325
79 229 1433
904 174 1549
65 998 1999
737 801 1258
530 896 378
707 696 1560
445 563 998
268 675 545
433 653 1934
290 576 189
444 289 746
188 422 1557
320 731 1727
928 576 1415
704 334 600
838 959 1921
570 524 1781
666 516 638
300 965 1961
583 774 1069
775 526 1155
777 614 1320
242 988 744
389 221 1028
985 901 1635
312 408 266
820 503 1835
275 635 1609
691 725 1618
373 143 1453
390 401 167
289 579 1273
729 871 491
424 174 645
248 814 126
875 740 1422
734 223 1233
626 878 1080
629 109 567
883 227 354
172 465 1411
492 695 331
119 489 1293
357 977 1001
199 819 1832
174 173 1069
406 658 1048
157 523 282
189 966 223
996 95 1655
551 530 1137
52 699 1994
80 877 718
112 652 1907
89 686 1393
311 927 1262
847 953 105
238 454 246
713 726 1495
815 807 902
516 914 1610
519 928 499
935 687 1746
576 62 311
563 309 1579
327 689 1759
200 523 1373
220 719 1046
96 504 561
854 522 1404
295 370 473
852 714 8
965 12 117
71 572 341
445 412 1757
33 34 1554
129 366 439
896 625 406
395 142 954
638 424 1308
302 604 971
776 89 569
154 486 1363
430 81 505
575 228 906
886 139 1821
868 81 1386
339 519 1456
199 422 470
285 493 1177
406 145 1560
387 979 1946
157 784 269
267 170 1675
135 24 425
578 172 21
666 238 1763
552 764 1682
162 729 866
689 386 434
748 187 999
363 672 1098
188 157 190
637 833 1707
712 440 1221
63 588 1095
146 826 369
122 367 491
631 123 1979
381 100 1378
523 9 1350
722 666 1125
576 683 1897
429 954 997
572 768 296
214 56 1858
737 488 317
191 623 869
737 646 1363
852 100 1144
208 636 750
884 57 1778
596 389 1615
123 847 776
857 261 120
474 968 950
189 319 1538
623 902 1019
53 746 966
395 816 506
850 605 689
533 993 1017
450 718 1494
784 572 1151
729 618 1510
627 309 1962
739 875 438
515 420 870
909 152 764
566 772 1399
337 803 1684
191 855 1789
882 321 1753
211 37 595
671 295 1755
11 752 1841
195 933 1247
743 456 1910
807 985 1137
409 158 606
786 185 1811
916 798 1398
396 287 53
17 92 445
297 428 1133
924 424 364
494 301 1080
696 804 1260
753 748 740
90 305 1332
543 286 256
592 975 1923
210 704 1959
128 539 137
653 6 1632
212 668 544
357 763 208
440 379 1538
81 463 257
797 515 1227
908 234 1107
231 76 1243
406 653 259
479 804 1384
53 412 1521
158 794 1126
724 800 1814
726 496 774
389 235 1158
930 97 778
569 73 1737
243 539 685
43 866 598
788 948 1599
608 678 274
19 689 1279
884 107 1548
457 755 1137
291 539 452
328 669 302
495 671 656
84 710 991
992 457 1307
518 966 444
961 787 261
243 415 601
785 650 384
485 55 106
59 671 1523
728 913 756
333 837 422
993 685 501
279 896 594
673 929 861
578 280 1679
573 458 1132
421 699 1268
4 855 723
302 912 516
581 308 1546
915 147 718
680 590 899
355 356 407
23 905 1445
716 683 488
732 64 18
546 207 1161
824 680 1599
280 685 1646
823 835 41
580 137 226
644 69 1959
60 843 1108
476 662 650
692 785 1132
841 274 835
361 407 1573
554 777 322
284 682 125
289 677 1317
570 758 403
878 880 1507
689 955 48
195 130 453
519 283 1380
759 448 870
710 988 1418
598 740 1232
452 741 820
935 306 103
234 27 1597
286 419 1463
960 104 368
62 372 551
317 47 1979
95 442 15
274 461 1276
172 815 1184
372 400 1319
645 474 7
987 144 650
666 945 685
843 850 750
716 608 1489
857 65 499
677 591 1959
180 842 1426
834 140 203
978 614 103
664 745 1134
61 948 335
161 883 1175
785 426 1667
309 388 55
620 229 386
524 166 1871
365 147 605
56 165 1819
627 875 1002
786 783 501
198 217 758
569 897 56
667 956 1948
300 558 247
909 258 766
511 265 1910
334 499 1010
609 992 590
926 120 1896
473 744 1722
842 771 1277
385 903 179
88 263 1378
164 175 1150
892 461 461
244 128 847
669 959 409
195 664 1004
375 378 1781
400 263 663
999 365 323
153 384 549
18 881 1524
392 428 1034
598 299 193
264 247 807
950 204 61
271 522 1165
551 742 1222
23 981 1311
44 475 1216
170 998 366
913 777 1445
252 213 1871
459 572 664
913 592 1679
649 477 1743
316 681 1481
78 278 376
802 856 1238
735 627 1637
172 97 512
753 147 528
931 114 277
700 878 1232
105 786 28
324 561 1330
330 737 1068
596 931 1749
790 23 1019
871 158 446
717 677 1228
67 751 1618
74 748 1682
359 165 1082
391 608 535
293 22 3
579 13 281
575 25 1131
546 520 1374
744 608 445
702 490 806
624 172 830
990 570 1597
916 283 1635
118 439 1756
458 441 1607
301 251 1953
940 619 88
992 674 26
490 227 862
240 480 596
259 934 1811
236 48 1734
321 779 395
379 480 1345
686 356 300
79 45 148
266 30 965
134 275 1677
696 700 903
973 278 1757
611 992 864
625 693 995
110 211 1772
384 512 1829
412 443 1595
986 268 1296
705 95 1556
761 513 773
601 57 7
945 477 1522
812 949 951
945 467 1776
267 905 1027
139 168 287
699 785 113
62 996 21
858 518 255
86 205 1746
727 439 1447
326 121 505
91 899 1726
276 88 1917
988 637 727
193 929 1968
362 732 1541
520 243 1605
918 979 992
730 688 859
560 536 902
871 24 1596
799 893 1544
264 190 1974
562 230 656
843 162 325
929 772 461
622 953 1469
400 868 62
592 159 169
326 880 1418
407 482 542
834 389 1363
37 692 1898
49 307 1540
467 485 1488
297 223 1992
863 858 1065
504 630 114
643 755 1759
3 706 1526
514 196 1382
971 218 1235
413 553 1067
291 178 1039
511 466 31
399 358 1925
212 631 1200
909 411 264
50 473 1351
814 463 1081
261 543 122
215 916 1815
27 454 819
343 758 1488
533 985 796
50 327 512
106 158 1237
542 199 1938
158 180 166
340 235 1088
711 8 108
158 142 886
73 691 1559
503 839 1231
849 418 1370
205 422 725
389 752 492
260 729 403
432 984 754
287 859 468
869 122 559
761 112 1521
936 908 1440
279 476 651
13 834 9
690 739 1225
673 873 466
742 273 1886
997 132 1270
87 505 1022
846 96 804
755 750 1599
876 955 486
302 990 809
819 912 1144
476 118 1713
556 232 482
33 231 1991
615 302 1740
925 36 1017
517 65 825
862 686 1026
702 846 198
13 60 1630
241 125 1427
614 352 1788
653 505 100
679 244 1074
329 933 1945
545 445 682
627 40 1163
973 674 1227
211 439 798
949 901 84
517 693 507
915 612 86
720 945 1356
549 790 592
260 449 632
485 779 370
979 595 1685
970 450 1072
331 780 1315
332 356 1686
163 706 756
147 164 1481
651 392 1824
93 125 1700
597 894 245
303 44 1859
0 796 1127
188 197 568
413 211 778
295 598 1268
994 102 490
616 733 1684
393 600 1650
571 75 298
983 343 1783
961 951 1514
391 744 355
183 472 272
309 576 10
517 259 252
598 285 1433
52 21 1102
324 745 1466
589 187 34
86 399 1612
548 851 1537
469 420 566
383 452 1937
887 441 1620
335 638 1984
594 463 407
180 676 1584
337 497 371
705 2 1314
748 193 199
847 704 184
342 487 1917
714 237 1924
752 118 268
103 762 1678
401 283 76
707 69 1037
987 39 1179
336 828 1248
170 93 950
998 717 69
583 847 1360
85 725 653
137 22 717
494 617 1812
252 102 1819
478 879 1703
746 413 1290
440 81 514
713 144 771
126 38 867
708 261 1813
353 597 403
469 661 625
820 59 1949
403 385 240
252 114 110
28 333 1832
280 800 927
756 184 407
48 974 502
446 147 1499
690 122 1277
624 871 1110
559 361 1361
814 423 1715
171 229 1152
272 331 1497
362 747 130
859 528 679
182 388 990
785 32 644
55 779 896
644 986 1763
282 85 522
997 116 1378
552 781 362
491 405 218
956 447 1235
225 651 13
190 239 570
288 524 1508
277 830 946
830 283 1071
97 492 1606
935 927 1266
658 256 1152
268 971 112
960 205 47
900 92 36
926 48 72
438 397 312
343 235 762
379 446 922
