1400
1143 387 1919
106 1216 2188
621 386 2234
643 1062 517
399 1307 438
425 380 970
1353 28 330
567 802 1639
1004 311 2146
97 1190 619
902 787 446
924 1293 2375
232 561 2746
784 1038 2054
539 1068 2594
689 344 1561
378 6 2519
489 2 2748
1111 885 2660
10 1160 1456
1060 520 441
1339 760 1680
46 74 512
675 1055 377
1181 208 1689
4 716 1841
1314 1219 1456
526 337 1366
713 1085 1522
8 762 274
880 1385 896
849 115 475
799 733 1617
967 1300 1754
1289 1019 880
71 725 1698
1052 440 1080
1191 107 2188
1055 1111 2742
278 1362 1961
488 808 455
355 1256 983
1350 152 566
671 518 1976
35 1230 2666
105 551 2254
995 101 1526
695 440 1031
320 679 364
1047 1070 753
160 507 1626
651 554 810
65 956 2118
302 19 1133
1294 909 796
1366 6 1918
697 317 771
336 1189 2136
479 490 718
96 868 1984
1121 903 1934
424 327 502
1359 508 780
460 487 1277
578 195 2151
726 506 768
1136 1221 1082
269 1229 1401
259 46 2572
920 1174 2180
367 1137 267
1094 1316 676
921 253 1396
1308 1217 751
1211 804 124
1156 666 1078
1154 667 2557
744 280 340
50 1183 1122
996 1200 265
599 717 2710
503 572 2766
1192 566 1791
930 1001 1081
92 17 1466
183 646 1294
314 746 1324
900 1395 1135
1175 1227 1523
879 789 1082
166 1228 2641
236 962 361
1152 341 1090
942 1252 104
558 1311 1048
307 383 2636
125 758 912
1276 1033 1855
863 406 400
639 110 649
1206 1178 2162
716 1208 1469
930 1333 134
135 2 707
160 327 750
150 789 2253
266 852 733
1246 583 2570
803 1352 2479
193 646 1416
978 946 1345
279 1166 1053
1168 1179 2019
711 945 2114
1365 1283 1905
886 280 443
735 426 528
232 19 2654
1207 1121 798
1063 558 716
1009 48 574
870 1308 1359
1164 556 1498
1147 1236 1838
659 1187 2418
80 766 81
251 891 1195
877 1056 2452
265 506 2403
762 1121 586
1313 662 708
1224 105 2309
879 1 2276
853 303 2104
1172 651 807
351 1367 635
1344 183 2072
1073 760 1418
366 1051 1936
575 1021 511
948 1109 0
577 1328 2048
417 1297 2458
492 671 1240
1119 1064 611
817 11 2747
1351 720 1080
542 1396 858
466 376 1212
1348 694 539
189 887 450
1333 1115 2458
1289 511 586
1300 293 2051
572 787 273
463 800 214
522 8 466
257 599 27
899 297 223
438 1399 803
423 1033 741
1258 1255 373
1143 1187 2612
294 61 75
147 296 1267
1342 82 1948
1241 1062 721
500 1308 575
815 878 173
739 1178 2450
458 105 443
1270 810 1218
1257 201 508
1092 1391 1424
567 559 871
1059 275 2253
328 380 2659
952 1090 1151
277 1281 1830
329 651 2708
1111 1321 1358
202 730 2609
325 693 499
980 743 2630
375 1299 1136
81 377 3
65 35 2423
1150 35 2466
195 1294 2608
756 56 2017
1275 226 2680
143 1025 1332
716 1165 2194
414 889 2112
592 948 1691
440 408 1769
412 1101 1494
873 639 652
92 322 2727
1044 735 972
457 868 2575
1388 228 1013
259 479 1560
728 827 1424
1250 338 535
670 651 280
1095 861 533
298 330 1508
1183 1255 2284
987 227 2112
779 1292 2151
1362 1265 506
388 771 369
411 1350 2507
329 1110 1845
397 911 295
370 118 1534
768 1084 73
586 1200 2613
179 172 2762
1090 1193 989
235 495 1638
195 920 2205
1380 863 1691
902 992 2414
839 901 2718
755 1328 2120
415 322 374
1008 1283 2160
803 1047 1148
500 979 1251
709 829 436
731 1266 1491
57 535 1828
1398 1204 2282
68 931 2751
680 786 904
869 268 595
368 79 2636
1155 206 1708
910 1286 122
193 1233 804
63 345 1775
485 1350 509
411 113 628
174 1394 344
564 315 1752
389 246 2752
908 549 2505
772 301 1258
595 1018 1808
1112 407 2689
882 1057 1131
1149 378 774
314 958 390
7 1172 1262
1232 246 1820
1371 419 1081
1130 174 1973
540 1375 800
1286 1184 2487
721 806 2017
1012 1183 1931
193 1081 2222
1130 432 1946
713 574 2056
1108 432 2270
203 181 2572
152 536 932
576 738 210
1373 510 1418
410 642 1690
556 686 2343
587 1217 692
977 941 818
1179 312 1495
486 271 2626
244 0 2071
892 990 899
468 1291 1279
1380 792 2002
359 605 2039
296 1123 1890
1121 256 2768
183 617 787
1085 1266 734
340 1197 291
683 907 512
682 374 791
586 1366 1796
628 1081 2559
376 1217 1008
392 616 702
788 1180 961
206 393 1138
975 105 2424
737 501 1108
162 446 553
1307 511 2768
263 181 765
371 1310 2211
735 1085 1730
546 1061 1107
236 325 1923
898 1038 1839
1020 153 573
285 369 537
30 1 1361
558 1240 2751
175 167 2110
348 907 918
1023 1180 139
506 495 1514
1327 1318 254
1221 1089 505
460 444 1364
993 1345 2374
712 965 2543
219 881 421
264 841 1909
792 408 2099
1383 530 540
560 969 228
228 553 2787
19 695 2126
1033 455 2635
1101 1356 154
241 331 2088
511 402 74
1223 987 2252
827 1343 854
732 220 1118
121 1098 116
522 153 2548
436 807 18
1158 1139 2182
431 1390 1712
1276 1126 628
293 608 2041
914 832 705
280 147 2254
87 998 2276
1113 45 42
720 556 1425
961 835 651
452 349 327
1322 684 1864
242 373 835
343 923 602
1337 1313 943
959 1130 445
679 992 125
205 1304 2603
248 117 1766
1258 222 2221
1092 926 2102
1393 224 2574
1322 452 1491
1115 593 2642
1142 1225 1206
345 355 1702
840 172 2703
736 1361 266
674 1233 1760
686 453 2581
447 445 2108
1014 598 2096
534 438 29
297 949 1170
1298 91 64
198 1094 2571
369 427 353
201 274 1415
141 246 1376
279 564 1027
357 498 854
747 327 1068
737 1344 2136
1154 209 1551
1297 1110 209
459 1177 1213
1337 767 2002
1082 529 679
454 26 1036
1022 1099 301
1287 180 2026
1141 628 102
1011 1264 1582
1 224 1349
858 882 1211
1026 1201 2589
1070 1324 669
775 1350 1668
933 276 2616
1040 1063 1581
533 1341 2736
1384 292 637
734 726 1751
187 1322 1776
1330 698 2494
71 780 1262
191 1059 79
684 95 2653
685 68 1823
492 162 875
491 985 786
1224 1050 1625
166 954 2047
119 602 1309
630 304 738
799 768 1206
1354 1348 2457
672 253 1813
707 734 1846
755 465 406
61 1013 2400
1256 954 1235
78 200 530
97 319 1199
1306 177 1854
466 137 732
643 867 1738
1118 177 1264
828 959 2342
131 1276 2188
1189 600 1530
608 658 1198
1361 50 158
845 594 1434
633 554 2421
330 983 889
738 570 1068
1088 225 385
610 696 145
770 1388 2308
951 484 643
1002 559 2195
1048 805 2777
1226 286 2624
1035 779 2026
137 107 281
1051 806 711
524 1351 474
1083 473 2438
1066 291 1544
1060 1395 1387
200 1124 2321
391 124 782
40 846 2565
613 253 2204
624 79 1238
1296 669 1605
1126 582 594
1103 1102 1010
358 3 695
1365 1394 621
1 279 2428
246 1373 2116
86 519 511
129 369 1049
604 785 2138
132 151 2146
1059 524 2405
572 1358 2207
1042 1145 54
1377 818 683
633 184 1613
389 1132 1852
468 948 1628
989 263 562
203 820 57
983 80 1424
57 623 941
1094 840 1103
1390 839 3
793 1233 155
725 528 1283
79 973 1907
1064 1049 494
189 1015 498
491 60 1808
1227 1223 2722
1058 687 2087
783 1166 2723
374 136 147
1119 1258 1645
429 929 898
361 584 654
451 1178 179
368 1090 777
0 538 2102
554 836 2572
487 902 1203
692 1299 2166
105 419 1482
246 956 798
837 1013 998
685 351 2365
303 1206 2636
689 1342 1695
855 566 311
1157 69 1798
225 639 708
208 411 2060
226 771 2109
64 486 1472
34 893 756
245 116 1289
11 447 796
652 564 1185
1056 833 976
170 1248 832
1141 645 1014
634 627 2584
1032 1107 52
431 1191 422
20 1282 2403
909 1368 2157
620 375 752
13 512 1480
838 732 791
1283 1226 595
949 446 1091
917 1347 2173
659 889 2093
493 88 614
706 1140 2394
602 1127 1837
540 1276 1822
790 357 1042
1142 920 2573
427 299 1988
961 726 1248
796 1242 206
309 993 1732
458 359 394
1110 1068 380
1070 899 985
602 1193 1188
1195 29 1115
541 1141 308
391 1181 1271
126 329 2124
1372 539 244
1013 538 439
98 609 577
1099 524 1216
157 289 935
1101 1379 1332
492 1223 2318
315 949 1909
58 1394 1831
1332 582 340
1367 1118 2298
1172 611 1673
239 642 2198
944 314 516
606 577 10
569 71 1382
510 934 532
254 412 2201
1207 175 748
741 1078 1553
45 252 485
1369 893 2425
830 651 2300
693 867 2592
1363 335 1824
1259 780 2547
1012 1035 252
603 173 397
672 1267 2521
526 1060 80
393 817 2551
463 616 42
182 167 5
89 885 2248
1276 200 2770
1347 574 1546
423 106 2255
203 993 2213
1029 779 28
789 798 2680
1044 1244 1380
990 197 132
289 285 377
1373 277 1349
219 217 1471
899 490 1106
598 1314 1772
530 1183 1060
42 1113 1113
252 685 1258
398 34 1693
912 35 848
396 391 2044
1114 355 1903
731 56 184
807 239 1427
990 28 1250
771 883 1145
194 807 2035
865 1360 559
184 344 1339
667 425 215
215 1063 310
1064 108 1003
896 984 957
473 1179 1313
55 986 1269
159 1029 2091
129 891 1177
510 248 1223
841 1327 632
126 773 2503
344 453 811
1143 702 92
786 725 511
273 1375 583
898 1239 1768
1022 656 60
529 174 1973
868 1218 1685
596 1249 325
272 842 1098
1346 59 857
872 319 1524
272 566 238
408 370 1178
1041 1024 218
363 1101 1290
49 1173 146
941 1107 2511
138 75 557
622 1145 2267
535 156 1466
1005 326 747
1035 599 400
1259 1247 2187
129 1374 1842
1135 1004 1823
172 1248 2204
706 753 229
763 725 108
1374 970 861
211 770 342
571 820 2696
406 1172 186
81 1008 1506
974 1326 1870
104 292 648
866 361 652
1097 406 118
131 511 2719
931 1293 2053
201 472 193
794 1284 624
66 178 1411
810 971 2221
1255 1358 2178
288 76 1477
494 1217 1437
35 825 2186
702 699 1625
1182 456 1093
1063 259 2061
1239 738 2273
40 136 2540
652 602 1576
983 851 2317
786 707 673
681 1307 82
544 845 1086
1320 1385 149
361 508 2515
815 1244 2005
649 615 1223
1339 255 1429
104 754 433
854 115 2563
995 1192 1109
621 1389 1730
889 1214 2516
211 853 2434
1261 1334 809
804 263 2622
579 259 1605
53 48 850
940 1048 1604
313 1237 1248
1245 771 721
769 315 1032
605 736 1739
673 1031 2661
753 562 850
1127 877 1336
683 1048 2111
1384 1091 2656
775 78 555
742 1093 2036
1231 683 2770
477 84 1653
1267 542 745
1059 869 880
194 320 2437
83 1147 1640
1072 147 815
514 600 207
334 1150 1297
585 613 257
286 1060 2205
1360 1155 67
1377 52 757
1276 265 869
1321 29 1289
1214 1182 1645
1024 1217 1906
26 878 1036
575 166 2680
419 668 1906
1047 292 1848
817 317 2222
1081 199 891
1243 456 1915
1222 79 1746
1157 1160 1755
397 922 314
1157 870 1568
281 81 1985
44 1314 2455
733 804 1461
669 1259 1685
975 416 1793
584 32 1803
1161 339 2314
809 1282 2664
381 772 346
331 13 1537
399 1047 257
836 1054 2473
688 836 833
1312 79 2090
474 859 1633
932 1062 2312
8 1125 2788
1102 713 2511
662 1124 1651
1206 932 2339
1125 252 833
250 1242 929
896 432 2661
244 945 1917
672 545 1008
1299 922 223
632 361 1717
894 329 926
706 1288 2697
1260 334 1806
333 424 2159
442 1007 2363
797 1391 1977
472 849 1073
83 1377 2137
1220 824 175
30 761 415
813 994 1462
822 916 2746
497 860 614
999 471 1878
889 1360 1719
636 1149 349
480 1117 1434
401 514 1206
216 533 398
1178 186 1298
298 220 276
1204 1029 2366
1369 322 711
1213 211 1589
1293 1378 1794
740 1330 1700
439 463 1544
75 1238 1016
950 918 1611
539 77 2013
552 947 1004
1307 149 319
759 1337 1326
779 157 297
1243 696 1174
298 988 2460
587 945 2238
469 559 1960
116 1215 1286
299 692 1980
600 179 2379
1237 98 1828
332 669 31
1034 12 59
831 29 1998
543 1032 1596
279 1273 1570
658 638 2479
1235 938 592
679 582 1125
226 1335 2605
173 1386 173
137 184 242
275 98 2758
796 1035 2342
366 764 2636
1292 1034 841
885 386 1360
1183 843 1948
1068 162 768
812 1335 2335
1365 82 2201
1016 848 1849
161 280 597
812 1173 884
892 298 2432
320 443 772
318 521 417
587 902 565
997 834 2201
603 484 90
1147 541 1165
810 367 2065
619 1399 1545
1375 401 2335
1281 938 1982
344 1289 2345
513 75 1194
217 22 407
525 683 2430
802 514 132
351 869 827
203 1373 1032
213 51 2392
220 1181 1952
588 331 1377
563 93 605
1376 1154 2045
1003 875 2394
740 990 1610
798 157 1554
1019 1097 5
699 337 2042
199 1145 488
243 392 2645
1103 395 265
1068 350 4
398 1323 2698
394 1297 1397
230 830 2490
588 115 800
916 30 257
1192 864 1130
671 738 373
1263 486 1431
903 536 2290
308 1308 2203
115 1037 1421
1362 414 4
1282 308 81
1188 1083 559
637 1134 2754
1356 1184 186
372 1394 942
715 1300 1596
1249 884 2136
409 576 260
821 1199 2406
312 145 362
446 271 1208
77 558 2394
1147 368 870
561 1298 1021
862 197 788
355 1061 17
760 1175 2204
929 996 2274
1358 404 2150
989 952 437
1010 935 126
625 808 1007
897 1139 1217
1121 1314 2415
650 759 358
670 1153 692
321 496 2671
737 1285 1540
1176 256 277
790 986 1129
941 218 329
385 448 2066
58 199 491
544 1362 2352
1186 813 2081
1238 1372 235
1260 793 2622
1385 680 98
945 275 1962
1100 957 1215
505 1097 135
700 887 1703
882 1262 2397
1166 209 1495
663 50 1593
945 496 1970
882 1217 269
705 632 1088
851 100 2200
756 522 1858
835 755 645
1395 457 1692
1211 247 354
406 331 1057
462 81 140
957 954 1380
1349 939 818
1225 1044 774
49 146 884
163 877 2552
536 1024 1299
102 671 1376
44 1291 1503
829 1029 1883
224 878 2682
214 1334 2552
79 1030 2382
373 131 313
1217 1248 963
1331 777 873
779 144 2389
650 584 1761
322 168 398
121 1243 1515
186 224 1342
552 625 1613
691 1327 565
340 409 967
1352 516 488
1128 466 1183
637 771 839
1134 417 2202
316 8 321
466 491 34
1314 620 543
614 265 1466
230 1368 2011
163 69 2474
1059 359 96
1176 28 721
450 269 2172
899 4 6
632 380 1624
1123 610 1028
1340 1194 2654
1315 127 2792
614 235 1741
513 1376 28
754 420 1241
1219 279 1570
663 993 280
966 260 1806
31 902 1480
1203 1266 604
594 824 626
496 1100 79
1027 1232 1825
890 596 1724
1230 965 2022
22 671 2262
798 1066 680
901 1187 551
960 229 1844
239 661 1243
790 650 2303
546 210 745
420 786 2730
360 156 256
1153 462 1792
36 288 2165
141 726 538
382 270 2089
1131 1113 959
95 1388 1814
502 710 1884
554 164 1486
519 349 302
420 610 2184
962 44 379
673 1237 1849
156 1159 2733
1230 475 2200
258 1052 2425
412 978 298
1291 315 1398
1118 983 1062
162 385 2714
387 215 273
529 538 1196
646 306 701
609 868 2027
931 761 1059
49 1120 2298
290 222 2587
861 1216 690
544 121 1034
520 786 189
379 812 2366
832 222 2676
1151 44 1550
405 799 37
644 878 609
956 703 2109
1221 465 2121
948 976 1162
437 99 1304
1018 0 532
533 1324 511
23 1080 2649
1189 228 945
1330 114 786
387 373 511
1332 1315 1618
140 647 2120
594 1251 795
979 1036 2641
1225 398 1272
46 1384 85
229 377 347
185 435 2397
127 1248 465
361 1347 147
764 347 1376
265 605 1416
1135 208 365
245 973 2015
779 703 1432
1196 215 794
146 77 1558
490 871 127
930 582 2485
1318 470 450
123 230 109
450 968 1584
1387 321 2145
929 357 1291
508 1070 215
344 626 75
1253 967 1765
854 1114 536
1082 121 980
1183 609 1837
2 697 1835
269 226 2278
696 820 1125
9 94 1412
1140 496 491
674 1004 2748
1116 236 32
963 745 1724
335 773 948
108 1103 436
126 775 2657
1272 244 1126
701 635 1470
1207 1164 977
248 847 2539
1205 439 942
835 366 1483
28 506 261
773 213 817
1265 199 1382
1264 1116 2670
497 243 2297
218 724 990
972 609 1455
586 1075 225
1376 1372 202
34 1242 2181
323 1047 2182
270 1095 2022
107 858 2291
855 1028 137
1067 974 862
429 956 1095
935 4 786
648 981 578
580 1306 2699
1180 279 2573
1397 1276 346
1128 306 867
622 70 1512
937 829 937
934 741 2317
1094 571 2142
22 636 2645
799 1376 2059
1158 379 2486
733 1174 1295
1245 1377 348
397 935 643
788 435 1580
682 903 217
68 793 673
908 120 2353
687 757 2110
534 495 668
665 669 1605
769 23 755
45 1394 926
1096 156 2650
1214 511 2476
245 891 1391
517 641 1527
657 206 2482
714 528 1822
531 274 603
579 460 2460
1077 1189 2730
1378 156 1017
876 104 519
860 296 1293
986 613 511
295 496 1083
977 1396 565
289 493 1836
876 401 1020
921 130 1822
563 1074 750
157 593 1659
642 522 179
371 343 848
907 763 1855
549 379 2321
1246 587 1661
76 1128 738
939 160 1809
764 922 2331
592 1325 103
154 1168 864
1320 380 2026
55 1095 1333
14 341 1945
615 157 2790
174 0 988
1117 132 1328
1247 142 1846
108 1013 979
549 1318 1553
229 1119 1044
1174 640 2226
415 1266 1459
111 1142 1705
493 1196 1244
1348 64 210
372 531 1034
413 1187 1421
1056 1103 786
574 562 2605
952 841 238
62 907 289
222 389 268
756 1014 2556
1395 357 695
669 511 533
167 1398 341
617 388 2771
1173 1120 375
934 1074 2124
220 194 1543
116 183 2086
565 1331 823
677 1302 1070
427 414 2336
817 1383 1247
1264 994 2452
1386 941 1575
896 1004 1064
628 321 1098
759 1274 1479
1326 450 814
793 1250 2313
1370 1393 1523
631 524 2403
523 1382 764
856 325 1525
673 635 640
252 162 671
638 197 1196
1248 351 2340
809 549 2167
1277 1297 2797
1000 1305 1449
356 1100 1520
717 1065 453
775 926 2199
514 625 1160
155 1163 1060
200 963 600
61 824 2497
947 967 1968
1036 1357 68
998 1161 1511
618 1278 1945
549 849 2576
1313 70 1491
580 257 2344
284 318 203
1101 1144 2706
69 677 78
606 658 2408
914 66 2749
1167 389 1297
944 1207 421
126 1091 840
278 933 274
729 147 2653
928 1213 1591
675 392 1978
812 542 1479
917 863 1065
657 392 1006
1355 650 1228
518 615 251
360 1274 868
381 667 1398
1242 1231 2704
691 492 68
519 1102 543
481 1380 791
1062 1195 1274
298 316 768
320 1396 2426
654 162 906
336 1349 654
1329 1323 25
772 219 1887
808 802 1794
1109 1043 1208
1163 1126 657
884 1313 2295
715 196 2454
354 1263 1498
557 671 711
871 171 1881
391 738 1851
740 218 142
1177 745 1521
393 288 407
40 1268 1908
1312 978 2684
1347 386 662
568 139 11
30 552 2722
667 756 34
140 16 975
63 98 842
111 1183 1608
698 1109 599
57 1265 1279
1112 1001 2540
759 199 1931
148 224 2370
1110 701 1125
149 570 483
18 626 346
1399 665 225
331 737 2097
31 491 2178
877 508 839
274 1054 228
619 354 1432
139 558 1569
227 1198 487
1300 896 995
369 947 354
885 1046 1294
67 1077 1512
515 43 1778
185 1100 344
277 337 1087
868 468 2657
1237 1169 1173
42 678 2004
768 439 100
1038 244 1
97 1229 2107
883 1239 1686
923 170 1863
600 35 1980
1002 59 1623
578 250 1082
889 815 1610
481 900 504
194 405 16
1070 366 666
820 1242 2164
283 594 1833
1341 1013 1562
337 1272 777
1004 1387 1993
94 1058 2102
765 1189 1163
423 983 976
1052 479 106
10 598 2396
750 679 828
1230 1 605
734 490 1696
167 983 759
370 593 1683
626 1003 2474
726 1163 2406
428 241 2020
1394 665 1607
997 1174 1485
479 751 697
1350 929 1333
455 72 77
1092 834 2693
728 116 135
735 92 2782
1287 854 1122
205 556 901
197 489 947
797 967 1139
243 253 81
1032 992 1898
218 1371 1410
854 1101 1945
327 263 2647
705 1006 1378
494 706 309
970 679 1299
257 880 2271
1000 1157 1181
413 469 19
471 99 1154
825 695 52
295 1114 1812
352 951 427
1298 1006 169
18 625 1211
1047 838 923
752 319 1432
84 90 1240
693 729 590
692 668 2584
962 1053 200
1038 1336 519
809 1223 744
988 568 445
537 951 1644
914 517 1709
1394 1083 2409
1057 326 1133
684 1293 1768
642 186 91
1289 1011 2202
576 635 803
861 917 2753
720 211 2656
663 591 760
778 1001 1034
357 778 275
732 785 2127
17 490 974
143 1291 2177
1308 278 2447
1106 222 793
1212 823 2743
521 1011 1826
65 957 2800
1350 1208 120
262 1164 2783
1222 66 18
783 1280 949
638 308 1641
710 1214 2132
32 610 529
1213 397 2599
876 42 2416
881 706 2379
635 154 1362
520 670 1033
206 657 1751
1335 1067 1268
741 906 777
1069 54 2061
1121 682 1000
1281 666 1539
454 1127 1904
571 2 1239
1215 206 196
738 9 178
153 290 2232
1041 885 943
474 50 1543
430 1396 865
1169 738 1646
343 283 831
1046 208 1823
1299 799 306
1228 1247 1442
1145 844 2639
19 924 2522
276 48 1934
718 606 249
1365 226 2527
78 454 2414
1230 160 1324
1040 235 1421
268 205 701
128 963 55
600 1171 58
906 239 2717
559 797 2283
852 471 2514
1089 325 2062
1274 667 1990
1167 1015 1932
890 1213 1737
984 523 2417
913 1347 2576
268 435 1869
1329 236 895
441 347 1998
1195 688 1047
507 515 345
946 1049 1659
823 1232 513
485 569 964
1343 321 839
1258 1014 1671
1184 1077 2580
223 1139 1373
1251 1183 384
461 1012 2258
907 785 2203
211 493 856
647 651 417
11 1318 2616
0 308 2074
275 1113 2699
455 1324 2499
448 1162 409
322 545 2021
922 29 494
716 44 1237
746 204 2099
306 1353 2339
429 1042 1488
1235 1336 188
1246 1080 2212
1010 756 363
920 279 44
893 171 2669
1364 994 2114
149 360 1218
942 94 2258
1038 1117 2295
77 316 2105
1035 781 1483
85 1287 640
1043 248 1595
1361 793 343
140 335 970
826 809 1355
1030 165 2120
975 723 2402
564 1315 2583
400 382 443
532 144 2779
810 998 752
796 251 439
965 558 894
745 355 2111
666 1215 1165
491 410 2460
680 1098 1135
489 1138 2394
640 413 2034
365 29 2079
226 564 1451
1110 1363 950
223 1001 736
692 496 949
702 896 125
1344 255 394
925 272 1404
402 1384 1568
1178 1077 2161
191 103 1450
1137 257 2015
1388 1237 1088
1282 899 1434
1396 1142 2479
108 872 1878
772 508 1133
1050 1028 1152
121 1257 2703
954 653 496
822 1173 1376
780 926 1767
232 189 2419
1133 498 2153
811 1110 1598
1279 981 607
1007 1142 123
1349 320 2622
607 275 2504
181 574 2427
267 648 1448
442 911 1599
1336 417 1063
406 156 556
1108 595 51
220 354 2640
1037 544 1236
951 861 990
1115 910 327
569 1393 863
850 438 2576
1262 97 959
610 704 2286
1097 1249 2434
113 614 2443
1219 295 851
48 142 1668
407 82 2022
52 1390 803
817 611 1000
1358 242 1901
739 323 2499
816 481 2459
503 627 459
1290 305 190
55 1309 295
427 1087 1247
537 59 1412
356 548 1010
890 30 2372
608 789 299
439 820 1119
801 946 252
1074 1175 1028
385 989 1357
428 845 348
124 101 2329
761 1289 521
1391 601 1494
976 1085 309
1336 262 1047
3 481 1721
3 1271 1598
296 19 1324
254 61 7
422 981 2783
478 569 1654
440 575 2512
145 112 871
405 1089 291
1108 495 1743
335 570 488
1084 189 1097
72 333 653
210 153 238
972 90 1204
175 965 1478
960 1066 89
795 192 20
1216 343 1966
473 337 1743
1263 372 1045
1087 215 1423
343 507 2422
117 1205 529
676 963 1681
389 774 2060
781 763 2342
769 1217 943
798 1208 2092
93 912 935
265 216 1525
607 1281 2667
217 1328 939
1077 745 2163
623 1149 693
589 1322 1913
1064 856 1243
1169 238 1900
1160 1244 1343
512 602 1778
593 0 968
1041 730 1568
71 407 442
883 340 2008
1341 494 296
532 82 2343
1066 1129 389
364 729 1991
1170 251 871
315 1361 2312
103 922 2182
1249 746 2557
327 1360 2387
749 979 1706
67 144 862
901 1251 1990
1051 271 2756
960 174 644
332 156 1368
643 245 644
637 736 2188
438 75 1255
1336 1035 846
456 269 762
616 49 1822
760 1034 2692
379 436 83
347 1093 1391
1278 58 1536
104 200 890
946 78 2387
625 623 2649
848 1164 1324
1124 1277 1579
870 440 2397
381 829 1666
867 197 1726
1339 795 1942
202 1388 2312
28 808 1415
830 1047 1752
256 681 488
580 470 1917
686 905 44
274 498 1912
1067 783 1468
589 1097 762
306 1025 108
1037 736 642
1225 768 85
466 99 475
1306 1269 1783
1081 675 1079
434 1143 0
9 532 419
888 415 1759
528 250 2592
1244 549 1776
456 503 1987
1269 327 1196
574 1309 2084
1129 1225 1441
494 744 790
743 852 1180
1030 1067 975
792 1050 503
165 1059 2099
141 976 1665
1113 473 1079
103 826 526
101 346 1609
1001 263 240
153 1116 1795
1155 120 165
324 893 1438
561 1066 572
1233 296 1084
489 871 960
548 587 518
420 948 1834
192 1260 2284
795 295 2745
1190 303 2401
350 929 1664
640 536 2243
257 190 603
1234 1119 2646
82 565 1283
154 158 586
410 277 1282
1291 61 312
956 1282 1500
308 954 1823
288 1351 403
317 1185 440
192 819 907
550 463 1804
665 1393 81
522 137 1335
866 336 2089
395 197 1875
21 649 1191
652 1074 2288
375 547 377
1382 1130 1752
379 1291 1622
271 286 535
1318 972 2524
988 293 812
539 648 408
489 888 2075
479 445 2385
15 149 2097
1307 380 2004
1115 1056 2390
452 846 1475
1132 1250 22
330 402 2559
820 1015 1402
77 1096 1414
1060 120 2408
465 665 2231
17 1355 2650
106 309 2713
1135 1384 317
660 1068 1176
402 173 1307
849 1030 1767
33 903 1976
128 253 1011
83 926 1776
948 706 2567
527 282 1179
495 913 1335
369 1220 1826
277 210 1949
1284 420 378
1076 261 1350
555 607 2669
662 1331 385
936 414 343
752 401 1596
422 51 881
237 663 670
1163 952 2264
700 427 513
813 615 2337
902 1174 2250
1323 472 2693
1209 219 1096
84 344 2482
1396 192 2028
1286 73 830
688 741 2764
75 399 1512
577 535 1923
850 695 1786
288 1358 107
1023 1295 568
813 631 2586
416 344 2441
52 561 1564
54 1062 1302
741 430 227
1111 832 2416
1312 1115 2187
1280 105 1316
676 107 269
545 771 2681
709 40 408
1256 527 874
436 896 1681
297 227 547
896 40 2265
1123 807 1385
773 758 1747
332 158 474
802 83 1165
541 110 1947
174 919 1891
547 1271 1535
115 710 1195
1193 836 910
824 421 1971
86 983 2341
546 489 2316
695 995 2431
264 873 2109
920 1219 2382
327 1354 1524
942 190 98
663 512 1551
1084 359 2779
37 410 1036
89 669 1378
1042 533 403
413 1381 1792
164 630 375
207 573 1966
1331 72 2518
1208 708 1417
313 1348 1050
7 626 1063
985 50 690
1238 189 760
830 11 465
925 385 2606
542 488 1200
659 209 867
923 231 2737
1093 220 1282
1016 128 2095
557 998 91
66 829 757
1140 516 2677
576 1093 653
954 0 2555
1281 1398 1131
795 774 56
1136 911 1960
511 603 2731
356 706 710
350 799 746
1155 859 2252
1246 1045 1159
104 1083 1888
92 1325 1783
1256 1058 618
39 267 217
426 210 1732
472 866 1507
1166 651 1633
293 1276 1589
771 186 856
910 903 1276
1234 952 2715
342 217 1812
459 1056 1168
1265 395 1772
780 258 582
969 1017 2420
1319 132 817
1274 708 988
1113 1365 226
137 1115 1085
1349 636 498
352 18 928
1297 189 891
744 113 1946
591 1045 1867
140 77 1698
640 1233 1991
433 725 1449
807 1245 654
599 44 2166
572 676 396
943 1099 1361
1117 1060 2799
1379 265 1495
86 1224 2249
340 184 2436
470 854 2714
933 1327 2287
698 349 2490
1138 1082 1445
949 155 688
1261 84 2782
198 95 2471
715 113 256
51 1215 716
67 1152 1254
846 327 701
1356 302 78
157 991 1801
950 244 2192
202 271 1430
1304 506 1678
1255 631 1892
553 1146 2610
862 1329 1448
229 1047 2460
1196 2 2602
95 263 466
1390 427 942
583 1339 1731
464 1020 915
864 63 1887
512 1213 1622
767 925 242
858 532 1175
972 1167 1340
520 1248 1012
1285 809 1488
183 825 2292
1268 1059 733
418 1133 2483
1327 1351 2198
309 77 2449
617 230 1764
574 869 973
1019 294 323
9 832 1026
478 3 2726
892 623 2190
828 249 2790
5 1001 2635
1167 45 2416
517 805 115
1268 1381 1544
679 1209 2071
409 1387 69
456 228 1644
391 8 868
25 1099 1203
393 1215 1509
38 475 1508
1127 1384 2467
905 106 2387
547 722 1390
1013 959 2338
318 456 1062
833 65 2037
465 1167 386
523 484 1672
944 1376 741
1079 532 434
392 919 1304
842 1048 309
237 1084 2028
533 199 2357
937 780 1297
141 1071 682
919 353 2030
1358 565 1550
276 879 825
96 403 108
496 279 1952
1205 1146 299
180 524 786
294 1212 326
590 1069 1060
208 236 2042
1304 366 1686
470 1167 1762
349 723 357
888 679 1164
1321 966 972
359 454 602
414 496 638
513 631 1773
1043 274 1334
473 1180 181
1291 1165 1689
867 520 2480
1182 649 556
811 1232 651
617 774 2447
754 323 2412
906 195 2426
87 1060 532
471 1177 1730
860 63 368
1369 1377 2755
1204 1020 1646
541 985 1546
148 896 181
1328 111 245
223 604 2655
643 763 937
1136 651 150
888 662 2095
426 31 1515
898 646 2400
1088 456 204
164 574 318
1201 1031 2048
666 687 698
339 116 1149
787 796 639
195 89 1466
833 1158 1973
686 301 2142
927 1269 537
1317 946 1086
1124 1052 1162
230 672 2514
1166 638 588
176 1395 2459
1351 151 42
324 538 1105
697 943 1440
368 584 1074
102 697 2351
341 1248 455
754 230 972
1236 1299 2563
1273 583 738
846 1099 1979
910 987 1042
963 1386 778
555 531 2593
979 478 1897
526 1301 2664
335 314 2033
403 1112 1816
53 451 2225
1130 1001 209
1392 313 1600
619 125 810
386 222 2288
254 822 2083
436 1144 1409
943 887 1001
341 410 2581
499 315 844
1218 296 950
890 368 1862
435 1128 1160
765 217 2103
66 998 1387
527 1041 466
1362 383 472
1363 308 2117
1070 1134 840
209 984 2551
969 1249 711
953 747 2709
598 702 464
726 169 1464
941 1347 2301
697 810 2199
704 618 2404
551 1374 1443
375 1351 1413
269 375 915
918 1393 1619
1322 652 1273
469 1126 2057
985 100 2476
26 970 2042
723 1093 1820
1200 737 1435
772 291 354
1330 1024 765
1208 181 455
1203 1133 151
861 947 1491
95 379 2216
300 1351 2055
654 880 1227
101 899 1160
949 680 92
1392 1378 1484
807 132 2631
777 1034 1950
1368 825 1814
484 1364 1177
1355 924 732
1248 839 548
855 1106 1365
871 552 2693
736 754 1384
843 53 930
301 476 2447
1217 336 2213
30 312 647
446 64 839
556 1192 1571
959 1291 35
171 73 205
1120 731 108
481 1050 201
1150 1306 2730
825 398 729
1185 1375 2273
315 245 1511
1067 175 95
85 261 434
1162 18 2167
1158 733 338
612 991 988
869 1252 1628
311 1026 665
985 174 427
830 713 1067
440 1221 1137
15 1036 268
1103 1165 2380
903 1063 720
245 449 572
1343 1281 2058
857 1224 2323
558 1145 968
852 1089 1842
1095 663 105
680 859 1897
1185 1131 418
1049 1167 1180
719 563 1491
388 461 1719
1237 497 324
538 398 1632
1053 1098 406
879 280 948
670 1347 2670
1381 1362 2778
1091 445 109
1127 106 1326
1145 780 961
699 925 1744
20 1313 2686
1333 36 329
1275 38 1878
1138 464 1197
742 482 734
958 33 60
528 454 1278
724 700 1676
1002 1018 178
667 851 2395
1057 1008 59
182 279 1658
301 808 2709
694 688 500
1098 379 577
1075 305 1884
116 1202 805
1227 285 1162
482 85 1392
750 53 810
1011 395 1327
519 918 317
655 116 464
422 941 2208
568 891 1322
1308 1370 70
787 1067 1668
1008 931 1773
818 275 117
902 1010 1369
648 24 525
1039 1215 2594
498 553 2604
592 966 2253
858 956 406
168 54 483
645 1337 209
711 675 1796
402 1255 846
119 1349 325
924 549 1300
646 608 1308
412 470 303
1124 1020 1889
576 1334 2424
1357 266 1473
618 511 2522
616 3 1665
356 520 919
697 1145 580
530 642 1433
1007 1185 2311
282 1177 1245
1338 633 1071
290 225 751
1038 310 1607
872 1056 185
1349 1217 494
1321 307 1725
295 393 411
1240 1185 1082
255 953 1667
204 587 1076
741 1164 1136
992 1357 248
328 15 791
1148 1294 2247
114 255 1177
992 1059 1605
162 87 2409
496 1181 668
1119 1156 1743
188 585 999
225 480 2459
1311 335 1224
745 1215 2250
507 535 1523
720 67 242
1054 140 2019
1139 1130 1108
4 765 829
311 1046 378
844 31 783
1025 952 87
186 314 1631
536 503 491
1318 63 935
661 1361 851
1346 561 1041
763 387 2391
569 21 549
1378 354 670
814 798 317
149 1168 863
1075 1307 1617
703 165 1647
1107 678 1864
334 606 176
1140 433 1265
729 204 1457
90 1173 1509
50 234 2047
1117 321 2621
1310 692 2380
240 862 1812
976 1011 2214
1087 289 995
148 1102 991
333 338 1767
679 622 2618
1133 606 1960
415 388 1584
527 933 2097
217 495 2298
1175 1250 955
1288 777 1889
986 302 199
430 623 1407
432 540 2691
945 386 2010
586 278 75
312 931 1666
1259 688 172
208 352 777
758 1002 2368
1159 1014 2769
614 935 1783
396 150 2448
764 729 423
510 852 1457
207 1280 676
1164 418 1082
1187 935 2349
771 590 36
1239 1237 1075
1295 764 1522
1152 208 2145
1332 971 2548
1027 773 426
1029 875 2673
1267 1020 1981
338 912 1306
541 27 72
414 1121 1629
1085 708 438
276 987 1802
967 972 2414
1366 512 1128
753 951 2234
1399 450 1768
508 450 906
345 277 78
478 320 715
550 1358 2018
1085 21 42
505 36 589
1236 848 1273
509 565 1969
41 375 1050
1234 921 2153
1272 1254 2649
1377 177 1803
691 1005 1921
370 946 935
260 1276 1520
404 1222 391
305 516 493
1032 759 154
742 379 772
932 424 438
482 47 1893
59 463 1530
1326 155 2009
102 763 1869
641 198 2513
501 685 2616
1003 72 2233
1048 448 2049
365 232 2525
932 1213 2785
1334 825 1341
861 72 802
952 41 919
588 865 32
477 1363 1858
1399 292 2660
1290 1375 2354
342 1030 828
453 697 1015
210 589 1584
1001 337 259
1341 174 2226
1071 1062 701
1232 497 977
13 185 2444
953 1287 1104
6 714 846
761 1171 385
100 809 1624
747 452 345
423 1243 2321
46 1186 1605
925 1292 2254
139 1024 2347
678 790 1958
1295 872 1183
1039 664 2028
1233 918 110
668 526 1040
554 1090 498
516 94 1325
1393 184 1493
656 864 68
874 1123 2594
770 84 2670
1242 942 1015
1137 1296 2228
1388 1029 819
487 1260 951
1046 532 235
625 852 1622
179 516 466
92 1009 1592
200 11 1304
353 1207 806
31 171 1888
1231 525 2199
1150 958 1587
169 504 1714
915 80 2574
1017 716 1127
253 945 1119
1226 1000 1758
647 898 1727
1055 865 2754
1197 1267 1768
55 1072 2520
4 810 1182
1163 510 535
1178 139 2689
483 1190 2650
959 1079 1499
560 271 2492
1305 212 1865
1045 592 2680
1226 593 607
75 659 1739
1102 308 591
1131 147 1808
117 18 2282
546 1039 2664
224 15 1192
287 374 2358
981 304 605
514 881 2058
592 1360 1363
85 1282 2399
810 980 1433
406 77 2516
1286 324 2516
290 1365 1923
72 1170 174
792 1373 1260
1326 392 330
424 811 1705
224 1325 1472
319 399 136
620 842 687
250 689 2033
1037 1034 785
484 658 2109
231 1238 501
553 469 634
460 1272 1786
956 1122 801
1252 83 1287
703 411 2532
1222 359 2659
1372 2 1241
694 487 1090
1031 698 2639
1280 208 286
1348 1083 744
1064 431 746
1087 1244 448
1231 917 2440
841 1031 934
638 822 2069
514 989 1570
824 284 1970
518 93 2674
272 592 2679
1387 255 667
661 1337 1017
162 1158 332
193 844 1914
852 1151 1404
1056 1120 1827
376 262 2455
338 998 2609
60 511 1126
1240 847 1258
680 1304 1216
112 553 2468
636 157 2744
986 209 1362
18 761 120
1343 970 626
675 236 2031
1001 692 2467
549 649 70
13 442 587
1141 1196 417
340 1053 146
1050 1396 219
521 1123 2209
158 333 1376
125 1371 313
1208 830 2791
1338 1203 778
247 847 2309
737 633 2086
1289 900 745
231 1180 612
1182 510 1841
591 40 239
1253 1349 1855
1266 63 1771
977 226 1169
177 571 701
21 34 1402
381 1206 1996
199 188 1208
177 1250 851
677 55 1970
1360 265 399
106 1203 639
150 1044 717
999 637 2680
731 1083 1532
461 1074 2143
909 59 335
62 980 655
455 140 813
916 50 2206
1150 917 1785
48 561 598
1212 366 2286
238 845 1209
832 1274 2169
831 835 801
702 531 2650
764 159 2595
711 513 2585
341 662 910
806 139 2641
894 420 1966
424 516 2631
124 1277 2503
78 339 1774
995 634 1983
664 841 1810
1200 1299 904
1261 984 1181
1315 1058 659
841 110 2585
7 501 1364
1101 698 9
575 434 661
390 37 1141
1039 680 2399
1027 345 1807
751 446 2508
1161 1035 1975
273 247 1344
43 63 117
654 802 936
538 935 1890
1199 1284 208
404 632 1692
940 1252 2795
1312 722 2116
991 653 839
1161 254 1541
1168 842 1970
767 128 2490
629 885 2346
407 574 1069
481 84 2483
832 108 229
1334 838 1213
1082 987 1822
1375 376 200
656 409 1705
612 99 1964
1382 538 418
464 111 957
1201 1317 1490
109 373 1553
1144 713 2183
86 93 2041
660 241 1636
253 951 2698
1033 1380 228
1156 1374 2191
837 217 821
997 1307 1173
329 1117 2297
1065 1135 2499
376 872 1959
330 1116 1723
2 1301 2686
1053 969 71
167 1141 1125
447 244 719
136 1039 1762
823 636 2272
782 1131 1824
1303 78 1667
1084 708 2163
1284 930 2205
762 503 371
585 780 362
1237 357 132
1076 132 1340
353 1084 1383
1395 1161 1720
567 654 2625
1089 767 1593
1053 350 461
221 1057 2623
32 934 649
1195 788 1933
432 449 2465
748 481 1829
304 710 2159
468 154 881
1050 802 1491
1073 1387 111
131 1125 1945
305 187 1997
1249 1220 1965
1367 982 176
628 530 1139
1352 863 2025
1362 417 1266
337 357 1980
182 980 2436
572 130 2246
864 769 1095
196 424 1306
475 915 1084
440 577 597
694 1362 2444
1194 554 80
984 318 1831
464 1058 2715
1250 92 1853
806 1117 2396
918 844 2412
1293 81 2316
1098 1336 940
447 1180 877
607 351 1712
212 506 837
638 72 2221
304 380 1053
377 819 2296
276 65 1227
1177 314 2697
660 139 1053
644 671 996
103 946 1491
134 661 439
943 205 1623
251 1195 1150
583 501 573
1080 177 1464
401 288 797
90 1251 1582
372 717 744
160 554 21
594 1170 176
563 712 2783
1169 1096 7
80 122 1257
474 1079 1332
673 941 1239
862 340 213
319 150 495
976 448 2025
218 926 2710
1310 269 2476
357 725 2139
582 104 219
738 412 2264
1258 903 1079
219 287 1791
518 852 936
1014 151 1340
299 1386 2693
320 954 599
700 1086 1384
884 804 2074
1300 104 1224
596 41 2008
627 1399 1001
416 466 6
1074 623 2721
1216 494 1728
639 721 1909
421 509 180
363 1356 1592
246 334 2058
133 504 544
1385 1064 2654
904 81 1777
1018 752 1678
562 481 1857
360 668 1087
639 745 2343
747 1008 193
1013 1186 1689
1262 343 1413
1051 727 1176
978 1259 84
1231 1251 1741
50 87 2729
292 559 2434
225 350 1215
1399 377 108
1290 668 1498
113 391 36
802 38 1197
307 558 2148
1240 1159 2428
1252 530 1487
1139 9 516
384 198 921
269 495 2629
57 369 1226
1041 1318 2106
749 663 435
127 1396 2493
601 683 556
967 360 1084
762 118 2240
475 823 2142
963 27 686
407 756 1866
755 671 2573
1277 328 511
1056 1026 2454
921 1238 403
655 346 354
179 1033 582
966 1273 1902
609 564 867
1181 257 2397
836 1063 1642
532 519 682
1277 1093 2374
509 596 1006
708 796 611
1148 936 1273
705 83 2280
98 513 854
498 832 832
943 1073 869
1238 1041 1138
626 143 1305
819 1225 608
900 1389 401
892 196 2044
271 261 2731
454 817 1011
158 478 357
1285 1348 1122
450 550 1021
394 817 1689
399 23 2087
307 1010 2346
409 1012 2554
1244 1153 1188
803 594 2077
382 249 2254
42 995 1520
582 563 770
847 95 208
527 1281 839
1189 807 2665
805 997 2348
893 1017 464
1370 645 1036
1191 937 106
510 1052 1148
598 686 1998
1027 322 634
303 1298 1405
853 172 2217
52 1377 381
748 452 2397
180 531 973
538 384 228
1007 1150 936
957 1272 18
1093 1282 17
476 411 1701
435 351 1207
1199 111 601
922 95 2444
349 799 787
1315 1170 2355
324 431 2060
1062 690 975
1348 965 1670
161 441 2585
348 167 1335
516 79 2237
1194 1166 2384
1213 710 32
409 1054 1650
148 301 2716
1234 458 1186
714 592 1104
139 113 1247
964 288 927
255 283 2479
24 1265 1110
881 86 673
476 801 826
777 1129 1334
281 535 2001
1263 552 941
182 571 293
394 1108 2749
912 167 1196
784 248 949
551 93 370
461 1107 1366
1335 461 2343
970 1322 709
253 495 715
995 454 1985
452 1008 1628
1217 36 1453
584 920 1901
178 667 1755
72 747 1585
1342 613 1366
72 1109 539
1143 300 1451
0 659 2022
286 1091 2604
331 631 1994
839 871 1040
721 652 2345
633 180 491
539 471 682
222 858 631
1109 596 37
1390 1008 111
594 56 1430
1328 554 2306
579 716 415
380 275 2771
1210 1334 2113
992 1198 1702
889 1164 2313
1352 374 2302
940 209 2754
437 679 429
1269 899 1140
723 1182 2699
1310 1346 719
1283 1242 27
39 264 2103
1142 757 896
70 1368 1145
864 854 1282
532 891 802
1316 766 1738
416 1093 611
163 79 60
1007 330 303
597 820 454
12 1107 1398
136 588 2563
285 1282 185
749 510 1009
177 150 379
130 1030 2487
1057 971 2485
354 1043 271
684 949 1382
1206 352 358
296 1097 80
545 436 1855
608 1238 1882
444 558 1705
865 904 168
1221 309 1283
249 734 1650
844 647 1242
1368 513 352
725 1271 2063
557 1100 2210
749 108 2244
1083 691 951
1344 1142 1310
944 604 360
948 1307 1071
548 21 2184
637 525 2688
1080 215 1638
1126 648 1075
1282 316 665
333 933 2458
812 380 1997
826 102 768
396 7 937
1063 25 1382
1088 33 192
27 344 727
367 1342 1596
605 1326 1578
1009 525 1044
649 906 467
1364 1177 2725
136 1366 534
801 1107 890
300 169 1656
874 1229 791
851 567 1058
318 401 1529
345 1332 1284
1000 261 2451
114 436 2220
1233 1167 1988
170 217 2736
1247 17 1303
274 1316 1823
263 327 1075
87 980 2652
783 110 829
771 114 1616
113 1009 1418
240 20 1747
1176 378 497
421 814 1271
478 185 493
641 704 2276
241 1088 1736
297 194 1551
171 1168 1778
1137 658 2361
613 1053 2232
225 328 1514
536 268 2713
1045 483 2362
130 1075 481
366 796 2525
462 344 2769
495 804 401
52 1139 2355
1005 1132 1068
150 1300 102
142 1383 1279
1397 365 317
354 630 1584
1209 763 96
152 676 1588
828 674 720
800 1067 389
1354 773 1079
106 898 492
8 349 1957
1377 437 501
535 228 1197
1288 509 1927
403 214 2553
563 261 202
593 1239 2280
1340 311 1005
918 371 1940
1078 583 567
1251 568 499
1266 1291 1812
313 295 150
669 1042 1933
965 585 367
818 276 1116
145 451 944
1229 1087 2398
1373 327 1219
621 12 903
1240 775 792
874 1170 863
515 976 2480
1120 1289 1348
152 1046 2602
1065 1009 744
630 982 1736
1385 221 863
67 295 1872
939 244 715
746 553 2735
738 1271 1208
878 48 1368
293 1130 2598
408 340 75
88 96 1152
843 952 1654
1202 86 453
1172 1296 1421
1294 407 1038
1353 423 2111
511 996 2774
302 404 272
600 258 1967
1165 1033 1431
18 168 1247
454 713 1241
1280 583 1720
997 267 394
176 796 448
589 1273 893
968 250 1255
506 1009 633
382 989 2746
728 432 512
838 18 2004
1378 1111 963
923 4 533
178 1261 679
1203 1155 2555
261 1370 2737
188 614 1434
793 483 198
337 841 1920
877 890 350
1197 421 60
142 574 1945
378 1204 2499
1268 134 938
5 638 852
982 1112 1502
252 254 2034
1129 994 2713
471 425 2539
1166 989 2626
467 134 727
925 1361 829
1116 207 1795
806 1010 2750
740 1133 1233
833 1339 1267
24 632 2470
107 1197 99
457 198 963
166 934 1775
344 957 1458
1098 192 1464
144 246 646
1309 1391 1420
62 914 625
216 672 2661
325 509 2193
668 589 1899
814 795 1316
128 871 1574
958 1117 191
93 63 1936
1371 270 2608
504 933 856
678 888 1739
286 81 1944
429 1216 2155
1025 443 2019
941 952 1707
485 675 176
516 178 2356
194 657 1343
687 187 2408
187 1382 848
253 455 262
63 776 602
1034 327 1054
192 658 2650
658 38 263
955 394 2358
505 1365 934
1187 114 848
1118 1000 1471
550 1180 816
250 643 2722
911 124 640
99 354 913
1271 1133 1580
857 530 2267
966 266 1436
216 813 1168
880 364 2637
6 1337 1856
899 1112 2798
891 166 1104
405 927 1073
1094 416 1804
905 425 797
987 1360 1543
622 558 1266
1114 1128 2512
708 129 272
116 1076 369
287 193 2072
753 873 1259
958 686 170
1345 1117 1175
500 679 1678
650 1025 1047
1133 654 383
956 178 693
713 1372 1907
358 479 867
845 916 1415
623 505 1631
1275 878 2732
994 849 1382
330 1254 265
719 416 1458
1168 874 1940
597 184 1230
53 1124 1322
1257 902 2119
109 247 1770
22 676 2457
256 731 60
53 199 1775
836 685 1185
735 222 2542
916 155 708
1386 366 1080
1191 249 503
128 157 1706
647 269 2701
872 442 1248
1383 1258 2557
449 1072 1172
1145 1363 2090
375 955 597
12 366 62
898 1274 66
766 404 2772
1072 197 918
84 125 1050
1391 578 280
709 178 1474
24 803 1120
363 1007 153
1099 395 160
717 114 2716
1095 1028 2187
249 229 391
1109 854 1402
229 1232 215
659 652 2351
238 703 367
566 70 1621
1204 1052 2479
58 209 1287
1089 998 1599
483 1294 1544
266 494 207
634 624 2474
1180 381 1252
1374 237 2066
1354 1152 542
201 590 1923
1146 581 2085
844 598 970
1155 729 1923
571 502 1471
1112 943 1302
531 370 2457
436 923 2271
540 1312 2266
831 724 468
736 542 1218
1313 384 1397
234 1003 2488
922 180 1610
497 1005 1133
467 577 2079
255 662 275
650 1144 316
1354 1377 373
544 793 948
54 276 1226
566 191 547
250 189 541
1123 697 1031
1110 1106 2340
974 876 973
962 1206 609
83 1341 2077
147 1285 231
1021 122 927
1128 684 662
1360 975 434
822 229 1131
670 196 1854
198 598 637
565 638 2288
581 723 860
537 1211 2760
1247 561 502
1244 841 1844
1162 672 976
907 448 221
827 887 896
1253 767 2206
428 1323 2748
448 411 214
47 1168 2473
629 397 1784
1271 45 2433
871 85 7
1314 1227 633
987 559 285
85 653 411
1079 781 474
4 1154 190
768 317 2664
1100 618 1547
1050 647 570
766 25 1803
945 1175 2079
765 1354 2754
717 6 1497
597 1091 492
770 959 648
581 389 2036
445 662 1670
185 949 514
1124 186 940
62 90 1658
667 1104 722
175 815 1180
800 911 974
1229 238 1475
1063 993 2681
0 505 907
1192 578 1511
969 844 562
777 1118 2763
1015 504 1575
268 1270 1336
1299 810 448
1168 886 1585
383 508 2329
77 351 687
1013 776 140
1069 683 589
590 336 398
922 743 2027
249 417 2587
35 671 2263
1325 413 1176
798 156 168
1136 934 1285
26 1067 2530
215 490 226
676 645 208
980 280 1323
367 559 1781
530 241 1940
235 178 2631
499 810 1219
1366 1359 2321
808 628 1410
630 1286 1307
611 445 864
1223 29 1235
578 60 828
1086 38 2725
1104 1186 199
1292 690 10
1212 126 993
542 261 1280
127 219 349
951 937 2475
442 531 1294
640 717 2017
965 1395 273
1384 1188 2194
642 1366 1903
915 1308 1182
292 473 2388
1092 400 1042
292 441 1399
903 1230 7
794 88 600
1285 1366 512
1093 634 2752
204 1084 2558
144 1094 1985
919 94 454
1086 712 1725
469 336 1130
190 542 770
559 724 413
1174 829 696
760 1209 789
1058 51 460
509 1001 2519
1006 872 1418
64 71 2768
1317 819 2381
377 92 1565
1072 619 2161
934 805 498
1135 1256 2278
778 732 1160
585 89 2103
1290 223 2217
383 300 1266
961 705 1567
1128 1368 1945
1387 1006 2767
180 1304 557
1032 885 1659
1190 1296 1022
1011 393 1378
718 973 2017
1035 1198 2679
996 1358 331
595 799 2371
523 1374 2250
938 273 2767
21 879 1226
626 1063 1573
818 1154 366
1359 555 1883
304 1205 1730
319 393 2596
168 45 1338
11 615 1141
73 697 883
730 658 625
1360 668 1887
682 1108 2442
1309 1192 2730
257 359 963
355 443 2737
88 386 2421
168 989 2238
323 1361 1481
265 836 291
556 83 376
1332 850 2219
1390 906 2281
112 1314 2122
371 1274 2230
926 96 608
750 129 1323
187 530 56
255 552 2135
1186 896 196
60 334 501
596 1103 758
329 271 2709
42 265 2715
444 1340 2700
278 282 754
1127 1031 2060
1239 374 887
359 347 536
766 490 2747
1383 310 1275
268 1201 2548
722 716 1731
835 1226 1367
96 784 1257
1179 318 2026
562 1267 2215
996 1216 666
1262 90 229
919 1346 73
367 966 1358
596 746 254
236 351 1631
408 722 485
957 575 1352
1161 422 1298
339 499 826
553 1318 1804
200 218 259
743 469 371
876 1210 2030
46 960 2664
854 1133 438
1265 484 2617
981 755 360
1202 1045 121
1014 1318 2723
651 964 1856
1198 949 380
112 229 1944
1254 1326 69
314 272 781
759 594 99
1216 618 2595
51 167 150
1131 1356 858
960 575 709
73 300 1595
1241 745 1303
235 148 711
781 920 876
68 999 2408
1369 1217 2261
1114 724 1967
1294 207 1038
553 1238 420
43 232 4
1014 874 2063
441 413 1810
87 842 1885
342 448 416
605 554 839
118 1073 1075
543 1022 1383
347 946 102
1222 628 724
263 782 2487
1280 252 2446
946 939 2450
937 1058 493
156 742 1793
358 587 2573
840 970 2159
65 460 1910
486 730 2781
303 294 1172
325 332 1467
1219 134 1172
819 154 1037
45 50 880
1288 209 2188
913 250 2427
1292 1058 401
19 915 2037
215 632 220
49 1258 2042
301 286 878
821 1213 1741
962 175 942
1338 545 99
1107 123 254
848 1095 111
768 348 1165
601 785 1635
523 73 154
1235 383 1106
132 499 2743
323 899 1640
567 974 2604
993 340 338
1328 860 1991
710 702 1390
606 1266 2789
364 452 2303
158 1339 1159
485 892 1240
282 392 99
352 967 1431
748 328 1145
570 1096 83
687 225 679
552 321 922
273 517 2762
435 1119 1113
675 417 1990
1018 223 415
47 1015 2111
664 1235 653
745 171 576
301 1111 319
1193 1145 304
804 832 1636
244 969 228
389 951 2265
627 343 1224
805 98 168
134 749 1629
433 496 1690
1177 920 1010
613 549 2103
959 1191 1211
74 4 2269
360 524 695
446 894 2419
727 835 2455
266 167 101
425 562 2342
1345 889 920
80 16 977
118 370 2173
3 96 1027
602 1091 1744
455 247 798
1020 825 2257
833 344 350
25 1389 219
343 119 478
1171 406 2701
1167 284 2009
927 935 653
477 1051 1138
708 475 1709
955 350 372
1292 984 172
357 571 1601
109 811 1246
291 532 2121
813 860 1514
557 105 2050
1030 851 2234
698 928 1487
802 1131 694
1170 133 93
785 517 1385
952 1358 2704
108 993 2480
316 931 649
620 1340 83
432 1227 391
811 1127 389
1218 1228 1408
537 171 1548
468 109 2764
568 356 1331
512 1361 726
281 1043 512
595 252 1726
445 793 1244
1296 1105 60
536 866 939
1284 339 397
294 1146 2508
634 791 2623
1293 352 111
190 32 421
843 208 571
884 393 279
840 245 923
1324 46 806
1251 408 1868
1301 787 2151
1109 313 215
125 817 2221
134 902 361
1144 231 1356
1122 745 1959
1031 385 898
1171 1151 1836
641 1251 673
339 289 726
501 596 1192
390 508 426
1313 947 1772
336 28 86
79 599 2658
524 135 998
25 99 28
385 979 178
789 720 2372
1152 580 638
486 1290 414
964 39 229
260 1364 1669
723 1356 2582
986 863 2029
776 1142 2601
1077 467 1424
222 878 583
212 790 2700
1044 248 2707
378 855 301
1329 667 2505
897 1318 333
897 894 1536
1073 688 1626
1058 148 2547
226 707 43
117 464 516
614 823 2469
797 1112 2713
37 307 665
789 595 1025
207 710 2669
456 652 700
543 3 1701
773 966 221
143 292 2270
146 1275 732
1323 696 687
1051 896 1366
859 612 723
1068 546 2077
469 14 2633
1132 445 409
1023 600 555
1211 1004 2237
205 1011 503
1351 404 2669
982 1033 468
1375 1220 1856
842 584 1157
931 514 1135
1379 536 317
850 867 1422
1021 579 2800
411 791 1960
120 1123 2670
390 647 2395
551 513 1943
928 825 1454
935 1013 420
824 34 775
424 693 283
685 237 2490
1096 73 90
560 999 1636
1314 422 1976
382 149 153
262 572 1679
183 231 157
323 407 2752
871 1274 1142
797 160 2499
526 901 984
645 926 1846
2 300 569
1062 1082 2103
1358 818 2589
387 675 2115
346 706 2446
784 1044 2462
934 182 2126
1345 897 1031
734 1281 2653
184 427 1688
499 1164 166
408 37 1068
1164 344 2542
1171 569 1314
1239 511 639
1391 697 891
953 935 2609
188 1389 164
273 909 349
1137 1226 261
326 39 778
829 198 527
94 878 1094
398 853 2796
972 964 2316
152 440 1870
129 212 1238
392 590 1998
965 275 1338
1087 284 680
780 366 1268
434 340 654
1151 1381 916
29 64 1646
421 5 654
1304 1009 2038
1093 268 1446
210 850 945
917 496 191
1347 445 2433
27 1249 2114
1386 326 2237
985 1038 1341
227 707 2405
579 201 1752
1049 393 793
791 321 2127
1296 1024 1110
1021 764 643
172 71 2300
875 924 2391
644 951 414
991 877 2693
820 341 714
584 1334 1632
805 41 1134
957 266 2569
1100 310 108
223 256 1427
386 388 99
895 1167 186
482 1219 80
695 259 2600
758 444 2086
221 1368 2150
1210 222 373
287 582 586
365 30 1154
1266 947 1197
166 187 51
142 1126 2292
1194 1121 1727
151 888 1541
1303 1300 1085
730 64 2538
384 216 765
331 978 2028
1173 764 2650
777 183 2138
1138 974 1531
397 281 1705
29 684 2768
1081 390 812
449 1284 633
1329 222 998
629 526 2409
236 598 189
20 1186 688
231 1042 1736
1182 388 1661
241 622 2093
757 229 1091
437 848 2667
1 708 1452
1144 1118 2710
279 781 805
2 573 2465
712 138 1487
731 971 486
851 661 2142
353 1266 503
845 667 1494
1302 89 1713
565 536 2488
987 1089 217
1306 1344 1567
839 73 1424
639 504 811
846 976 909
1016 535 2648
362 724 2460
180 1199 2497
1260 618 2364
144 410 1987
1006 1349 108
859 537 1881
472 754 2364
1304 1003 605
905 549 1704
362 410 2386
315 609 108
239 627 1687
727 524 160
1006 993 555
1001 599 168
947 703 465
776 567 2652
1045 906 9
271 779 502
204 620 2077
1225 917 286
242 588 651
724 352 608
887 659 2748
1323 606 590
1212 977 182
56 1338 587
1153 1212 2489
860 364 2016
379 551 2259
1368 564 2399
512 1395 1055
1065 421 353
232 761 2004
238 143 1071
994 1064 1768
789 569 1781
178 672 747
328 721 1713
699 150 2246
524 1322 1619
1153 1062 116
1145 617 1398
373 285 2041
1232 1268 575
582 107 676
578 1153 2312
1072 861 2243
134 206 1292
99 42 2045
441 664 175
800 482 2115
93 886 1605
1315 828 284
227 167 2371
99 301 821
781 216 1118
887 264 2430
153 718 2538
1151 409 1238
312 906 2621
841 1310 2523
863 119 2460
845 26 1884
786 939 1186
554 1302 2611
847 1264 1484
384 647 2332
20 217 1719
73 440 1834
244 739 1949
76 1293 2789
1309 88 1021
1090 1262 770
1364 736 1826
477 567 1033
862 998 1968
662 248 672
59 450 842
634 917 917
493 1215 1734
1183 18 2098
101 766 708
787 803 2590
1338 358 1430
495 780 1046
891 406 1637
785 695 2094
801 208 826
872 1362 1252
407 692 39
309 317 1352
723 305 1805
1252 1247 1116
310 1304 1224
1283 325 2452
1021 805 2389
633 418 2345
1337 476 1353
886 907 794
1159 266 84
500 867 1066
815 550 2497
1203 555 2718
282 1293 731
1201 1267 113
44 697 1848
1395 294 1492
94 1024 965
1011 346 699
653 255 2291
1008 55 1008
369 483 495
480 1096 314
1346 1212 2529
668 137 2427
76 1105 2757
115 484 946
299 565 2268
1352 920 325
82 1243 2308
348 61 1506
689 297 217
868 1276 2460
909 989 361
56 838 140
1326 1304 1610
377 1305 307
211 355 2410
615 966 2493
322 468 1953
1052 728 810
171 396 2144
1361 807 1408
1277 39 1260
593 1135 2711
1257 628 2592
1061 372 861
1039 1102 733
975 407 2383
1297 85 2484
615 266 1302
1343 1071 393
1320 43 1349
703 992 498
911 946 2782
974 73 1742
508 527 686
824 1335 1142
462 346 1581
386 1313 1652
1019 578 908
285 981 5
347 781 473
233 1229 2260
1214 729 1497
433 1212 1763
73 948 20
981 20 1046
187 1219 2015
15 963 1647
627 346 1905
287 299 1370
267 1266 1493
159 504 290
842 662 1603
1198 21 1380
199 1124 2385
566 60 948
278 127 2637
968 34 377
1342 1397 178
971 979 1840
540 581 1831
88 905 2059
626 514 1131
790 1317 1793
664 449 907
726 0 1026
730 1223 2088
1341 531 8
635 792 1427
636 799 132
212 701 1508
15 238 634
551 719 1857
123 1167 1272
774 580 1512
112 1055 1405
992 537 814
201 483 2594
123 653 1333
1175 645 110
1122 4 1356
1061 66 2411
153 145 81
497 1365 724
1049 1377 2181
48 520 1718
1169 883 1116
294 1307 1759
463 290 2321
70 592 2538
188 1004 699
916 911 2350
937 598 84
705 66 1859
475 149 422
1340 1171 1047
139 537 375
307 1028 1672
1197 1251 768
502 1357 1815
931 1212 300
750 735 838
29 62 1227
189 399 2591
1220 1062 1818
285 1352 1728
1236 569 282
198 673 1347
1078 209 596
145 636 1350
418 355 1717
1188 722 923
1185 253 64
179 1371 174
847 234 161
107 609 1832
293 822 1601
310 434 121
430 217 2244
928 900 5
691 698 1701
904 889 1835
1209 672 1015
1334 647 1772
143 176 910
621 379 1934
1097 68 1133
1029 186 1486
573 662 1799
155 1268 2511
707 309 287
189 804 185
1069 660 85
1104 1065 85
1398 1215 1309
744 116 1083
703 1209 2788
860 748 2046
333 739 2082
36 580 2349
875 1126 348
570 800 1521
1356 71 2490
1055 939 1537
1220 357 2060
858 1316 2022
838 327 560
763 804 1728
1374 1192 854
901 666 977
352 257 237
582 1396 1126
1157 214 2153
117 1356 410
127 658 1561
548 1358 2084
388 247 1704
700 383 975
1022 163 1763
709 940 2266
1264 1359 961
1211 1325 1521
1069 871 693
14 1359 2050
1025 309 1263
398 970 21
1381 877 2134
543 1139 1371
1188 180 322
41 872 581
1162 1205 616
617 174 276
1033 811 1656
610 586 2120
1200 270 877
416 1376 1701
685 560 764
853 288 846
947 1240 235
983 745 557
23 498 1837
432 245 158
248 915 395
156 284 1895
664 1245 1717
364 1289 555
453 1361 190
199 1179 2366
81 1145 877
358 541 909
529 144 1315
628 646 887
657 539 1364
100 717 1097
879 891 138
451 989 2035
1018 405 1144
181 1263 251
1170 1039 600
425 87 2342
729 1349 1742
474 873 1760
1204 1141 1886
271 784 619
94 290 2293
1042 908 2588
1283 696 2250
359 751 2080
1393 55 164
1316 701 2072
599 450 56
1104 211 1920
506 167 1507
1206 686 1615
1325 1291 413
724 45 2595
712 1356 592
1184 391 1554
458 1227 713
482 555 1968
583 609 904
97 723 2077
973 77 1341
164 767 2009
531 770 1007
215 925 2504
1125 1296 2093
9 1115 1474
286 231 370
1398 1378 1641
1061 419 248
837 910 2419
950 541 2055
1146 919 1013
264 1332 1758
362 513 1454
589 1198 2696
1396 353 1334
1279 1144 2115
783 958 651
924 444 252
259 849 1335
1295 1211 675
603 688 709
1201 817 1763
656 633 175
1333 1094 414
11 172 903
33 1394 1238
701 326 60
971 700 445
1368 1007 138
321 941 1828
91 519 1669
495 1075 457
1379 590 582
519 1147 1919
978 1239 2041
475 778 765
210 1386 1980
334 520 2322
873 518 327
801 1334 2189
865 196 865
800 92 1443
460 1183 1556
1376 108 2070
969 1033 2116
989 274 843
480 917 1984
761 108 1384
649 854 912
443 414 1791
1079 871 2733
1005 1386 2544
875 109 307
217 1212 1925
762 846 2061
107 577 2708
701 222 215
5 150 541
933 673 2684
259 191 2061
1251 923 2166
515 1384 1285
954 905 1690
292 94 2655
584 334 2079
611 944 2088
370 110 1951
51 298 43
517 976 2324
1134 1052 331
555 200 2086
909 1359 1162
1190 1256 869
277 942 1338
958 30 438
184 8 859
1119 918 2728
620 1181 944
1345 1195 553
1370 996 2455
1132 811 2799
1139 975 2502
1398 1285 2415
668 293 1970
906 1331 2051
652 247 1373
570 624 2208
688 845 2202
98 49 1139
451 751 339
221 1121 2357
102 94 1675
321 46 435
707 349 1520
1173 1188 860
1159 481 861
403 890 210
1012 1177 996
951 270 1190
275 960 62
476 1258 2464
120 670 1246
1020 794 1076
247 78 919
81 947 1451
1105 354 1089
7 316 1269
781 727 920
693 1079 229
311 1399 1133
794 1101 2389
12 211 1775
818 797 1481
774 320 1313
1397 76 2498
60 673 51
834 115 1993
483 877 1539
694 1034 1273
114 562 2452
725 1023 997
387 1048 1539
154 861 1401
190 96 408
35 1122 1796
1026 1391 1502
653 548 1622
1220 333 442
609 772 2322
672 647 278
1322 25 848
1078 755 371
90 942 770
752 1023 14
1223 102 884
434 1247 1648
522 128 2295
380 737 2133
312 57 1967
79 233 1160
351 855 1904
1380 230 1336
655 1045 2375
851 730 1477
74 293 757
135 633 499
1148 1056 1980
647 446 2691
1009 339 1639
1173 1040 1182
300 1110 96
1091 1141 177
280 578 436
413 714 1848
1185 1022 1577
151 984 2167
448 1137 60
574 636 658
856 626 2697
912 708 1356
847 477 236
559 502 2053
690 566 2629
599 1198 2019
874 938 25
228 46 2271
289 414 1011
299 319 2602
677 574 384
999 128 254
788 985 536
1099 900 589
1215 1274 226
1019 193 168
998 279 2098
1330 615 110
612 268 950
1382 1195 2222
681 1047 125
1117 667 2162
1184 1344 2413
1321 1121 1167
803 273 2782
829 540 917
834 165 2572
262 1007 816
864 1045 826
1232 958 885
774 676 1205
516 1143 1311
977 81 1493
831 1391 1611
690 107 2183
283 11 2154
938 1023 751
1367 836 2264
322 781 433
878 633 2579
894 168 1888
110 855 147
377 70 738
816 95 1422
832 153 1969
1392 938 1284
1311 264 344
857 841 2303
706 113 2048
870 364 1810
70 902 251
240 332 940
1287 324 1497
1004 710 496
17 1032 775
130 1399 1828
234 316 2161
534 694 2179
912 1236 1485
513 762 401
980 574 1966
1299 177 614
1344 973 386
950 1102 442
1156 541 2220
828 335 143
1190 997 296
806 654 504
1162 1199 1655
782 814 198
823 555 2582
820 875 683
674 1332 2217
374 211 2460
852 119 2059
34 400 2659
488 1044 2724
214 1380 1306
583 1251 1941
291 598 725
866 1153 1396
1199 795 1467
733 513 648
1363 493 1172
118 88 1260
613 626 565
239 218 1996
807 31 1656
446 498 178
981 347 780
1015 1339 2555
1084 111 1964
1324 542 1815
581 183 2765
1223 1 1664
868 891 1556
1102 583 448
504 64 117
1065 574 1135
1274 126 975
609 547 2136
224 638 980
1010 964 2721
1181 515 2124
926 130 2325
392 1391 1556
657 362 1829
1248 223 47
484 867 1294
438 1358 1319
336 47 1756
350 360 1879
61 517 2160
361 659 779
1174 1242 1855
552 284 1605
1389 1385 253
971 852 1630
1229 794 2174
1376 879 1651
1260 877 57
732 1243 2708
1302 647 2572
1238 161 122
325 969 1476
1133 831 2402
115 1384 2226
534 37 959
256 881 1575
704 1371 515
707 901 1142
1075 685 1421
487 1108 2758
501 1077 152
757 350 1409
89 440 561
722 1005 1080
998 224 2758
1267 603 1237
261 1004 2586
248 992 1743
404 143 231
1036 614 1410
1334 467 2789
666 1089 991
459 939 1149
261 1165 2520
59 926 2506
604 1224 2699
632 62 578
1095 1324 28
284 1246 2112
1192 588 1328
1017 1308 2484
10 1318 2464
1120 811 2570
338 963 182
1091 387 794
811 349 1723
973 186 1108
138 470 1876
718 1163 2472
1129 1211 974
1047 406 711
395 342 1727
1149 1155 401
1122 589 2000
973 445 2438
695 426 2107
1271 745 1138
1176 81 2094
1054 274 1861
856 918 2170
955 844 123
804 246 393
1394 136 2692
682 96 896
486 547 1522
907 516 482
1034 1065 2019
480 750 1666
848 1321 1463
76 1296 1819
1078 1351 218
655 588 2566
837 926 94
70 244 1544
164 597 2248
490 842 804
676 1338 1095
449 960 2160
1202 215 356
669 1141 221
1363 177 250
1055 189 2433
788 496 1057
252 1169 2179
51 397 1299
462 1170 2572
530 648 2330
66 32 758
1130 1340 2191
562 1079 1365
313 115 1206
169 573 305
1073 162 2508
249 381 260
1098 618 482
598 328 695
840 1305 2369
243 699 1044
283 315 169
857 524 1971
732 874 1209
1120 1127 989
41 1244 1497
373 91 1000
1392 33 668
38 181 742
866 97 1282
1327 1162 2411
317 757 618
1305 217 808
816 265 1470
1025 238 826
1179 1084 2176
660 147 1611
351 1293 2482
658 1058 603
850 282 2278
490 797 1756
82 392 277
1164 1062 1339
1319 1351 1904
1350 739 1780
168 914 1606
60 222 2322
622 33 2589
1111 172 2144
558 252 1548
69 829 2271
196 1366 2622
757 1105 1212
838 229 2659
569 1125 1650
1384 218 1890
923 1261 107
263 45 1133
319 569 1701
1010 1063 1990
784 181 2535
1106 420 2725
197 1205 42
1086 1039 589
157 276 933
1015 271 1899
1202 1358 444
304 975 343
1002 1135 708
913 663 806
901 941 165
88 1281 2615
897 1326 26
853 654 2114
746 945 1111
227 1298 1782
823 497 1136
186 1178 738
154 995 2570
825 516 52
1305 475 403
1265 1297 1845
1029 636 1538
419 1081 1777
110 259 673
1066 516 1575
903 713 973
349 1272 2767
913 1387 1269
78 733 177
74 356 624
464 1067 2772
968 918 788
994 24 2180
308 881 61
690 872 2613
1099 1018 1630
197 227 742
793 280 1375
453 112 1705
493 40 2711
778 1283 2322
124 502 2527
314 765 2353
36 1020 59
774 1144 342
206 555 959
1100 1087 2659
400 1186 2041
1381 911 567
1331 1162 256
349 1364 1517
494 1344 2607
911 1326 380
1053 658 180
1020 1172 1302
1261 108 1058
632 480 259
346 325 43
678 990 2741
1274 446 2409
68 1263 2768
756 1081 1565
130 215 1318
136 569 349
69 1269 2730
518 162 1942
799 478 902
1024 735 2179
131 1214 670
1308 590 1037
684 424 1616
646 387 1176
681 809 1807
174 1348 808
1218 1018 209
1165 954 162
624 946 432
1079 184 809
181 1003 1586
256 690 1929
388 680 2771
1031 962 557
624 370 2698
471 1336 945
970 394 311
900 399 96
988 498 1477
1196 656 238
461 36 1225
1196 550 145
606 769 365
449 303 1868
869 370 1383
272 226 1372
947 605 560
729 809 355
208 987 1251
1049 173 987
1112 325 1733
880 817 1386
604 258 1592
450 838 2316
195 381 706
1215 484 2454
1252 914 2254
21 607 601
560 646 2695
1243 706 858
1009 878 488
472 1258 1545
859 994 2567
160 36 741
767 656 370
54 729 1427
1107 405 555
983 155 2099
1241 472 957
1114 887 516
1227 50 1055
16 1232 86
1091 945 85
875 148 181
651 804 1268
565 1116 536
665 1092 1439
1122 371 334
1163 555 2298
935 533 1238
1116 935 308
1243 106 143
547 114 1656
1371 1396 1642
402 438 1578
755 920 1217
829 778 276
327 1210 1590
848 1216 2332
29 26 82
216 1123 656
373 845 2006
990 656 862
1256 179 1686
786 1324 1758
1264 757 2778
1080 608 558
196 865 888
396 671 2593
1142 1042 1037
1106 532 2791
237 167 1437
341 124 1326
776 667 338
1257 1178 2367
993 1319 2147
561 892 575
122 250 1351
176 636 583
418 653 2042
918 950 12
251 1249 1801
169 671 1837
564 351 1314
661 1286 1510
415 570 363
61 286 867
590 637 1300
1366 967 1182
38 1030 786
384 1311 1200
967 861 1970
156 1363 953
138 99 2640
1266 1147 1766
362 1178 7
654 626 1951
420 1390 1291
508 453 1558
710 942 1461
782 949 2680
1270 894 675
326 323 1996
545 704 1378
769 541 658
1187 155 2153
645 1202 404
1324 851 2298
1037 1365 1240
191 186 56
399 69 1301
247 117 472
479 1272 424
1148 95 1771
502 1354 1615
300 615 2131
1271 1325 91
895 631 2050
142 677 1904
661 142 2414
635 1373 1678
528 713 1260
616 411 728
393 320 289
808 222 1775
683 598 2129
757 922 2265
696 208 1224
533 1310 571
1116 131 2669
23 1150 1548
69 1123 2704
955 888 182
974 157 215
185 1087 1617
529 468 955
908 274 1355
805 597 273
1269 982 1159
484 810 2430
996 891 2033
618 508 1831
342 763 2147
186 114 543
503 460 2289
425 270 1921
1267 419 817
16 482 1307
927 831 1012
688 102 713
395 606 365
1026 307 1087
1255 1112 1295
1311 1346 647
612 742 408
844 1034 2058
170 1140 2643
991 1182 2367
240 677 738
243 150 2732
1107 763 2727
371 600 1424
231 1216 1822
1336 539 2191
209 703 1195
787 409 1429
32 820 2292
1382 1007 895
34 1040 1561
138 32 2150
368 1284 2160
178 1209 1431
438 1061 330
1389 1266 1199
1236 77 1230
1061 82 2145
571 922 197
1188 1076 54
887 1139 921
681 190 1861
101 95 1787
1147 795 1121
38 1278 2771
528 1182 1762
443 1158 798
209 422 1500
302 1180 2642
1181 1185 2572
348 920 383
754 22 2188
573 734 1154
147 1182 2415
1355 464 2453
1361 202 1744
306 786 1876
570 1322 1921
1080 1305 2286
908 548 1888
1209 265 1963
791 143 1425
932 738 10
204 701 2096
56 1074 2476
1083 1397 185
894 409 735
699 1376 356
938 339 2347
656 585 258
1375 1170 2322
437 631 2405
714 1359 279
796 526 710
230 1115 2203
525 369 791
1186 666 5
821 659 2654
266 723 1895
658 902 2119
940 667 988
1118 387 2730
590 530 920
1215 684 984
1165 270 609
1325 1340 1984
849 659 2405
1254 885 1779
48 1101 1446
238 59 2270
346 846 527
1298 1303 2014
1284 13 2547
150 194 376
291 1205 833
763 469 1319
132 784 2159
1045 1235 92
1303 177 1986
122 1170 2690
110 589 700
137 709 1315
417 46 2427
36 1360 2604
82 1124 1521
98 551 1866
758 1174 573
441 1102 749
905 638 2708
846 1284 2390
1160 1264 1840
1210 1057 858
181 864 190
146 80 1281
855 1311 303
1085 150 2746
207 746 1232
936 847 1549
893 716 2243
1205 157 2277
1275 279 1572
933 68 105
924 1125 693
113 993 313
734 888 176
1067 85 589
326 659 1394
1017 732 2084
1156 1310 316
326 92 1202
1353 939 2792
1301 831 1892
363 411 2299
884 322 1309
1233 306 1617
1139 423 1166
498 296 11
151 491 726
111 367 1385
122 863 2205
827 189 291
173 922 2120
353 632 1012
595 1104 315
883 384 2703
1353 984 1069
1134 750 533
93 274 2473
1217 567 1413
636 1221 421
727 335 2200
834 450 1928
28 120 503
1000 616 1828
885 808 2341
751 568 1193
770 128 2284
410 593 332
144 38 1664
125 200 264
1149 763 1689
345 1346 2613
1216 1153 678
316 892 2076
218 187 1764
50 361 2214
1200 585 1919
1076 974 2344
1333 211 161
161 341 512
1319 363 1000
1298 654 2606
581 399 2368
1149 422 2108
720 881 1107
374 742 2265
627 558 2202
242 895 1775
1397 715 2276
1269 686 39
228 704 2768
1346 494 448
39 305 2518
380 1327 657
743 1347 2757
1218 711 624
555 544 2383
953 295 2328
696 388 2545
498 476 905
1195 455 2298
873 267 2489
428 1077 1175
521 579 880
89 255 2402
16 1061 1421
504 1133 2313
1022 1128 2676
412 46 2066
949 773 1999
264 250 845
815 1195 2234
317 1140 1842
405 708 77
882 426 2078
1088 1183 1470
158 1283 1333
1355 1037 2744
1229 960 2425
1086 844 124
37 533 2482
816 178 33
575 1268 1640
91 1376 992
1165 1291 2403
1199 613 1836
434 1294 886
233 464 2285
545 1277 323
873 362 52
778 1251 1414
426 841 1804
954 1072 2539
502 360 1004
993 533 1404
1372 387 1485
900 1399 1413
744 861 1504
1180 327 1898
297 984 344
463 70 456
1383 785 2374
665 899 2421
1357 860 410
284 805 1169
984 1184 2446
662 440 746
1364 1136 2564
400 362 378
1287 1297 1606
794 258 1196
1075 691 1344
1320 50 249
919 711 723
1077 313 1875
1244 816 372
467 492 891
1359 634 2539
601 1301 917
712 1258 2386
47 1127 2014
258 1184 255
717 1058 65
8 766 1758
719 84 1756
559 192 642
1245 711 1975
346 568 630
1272 35 1452
383 139 489
149 385 1816
538 1026 2260
1158 458 1281
753 653 1616
202 163 1164
515 424 1283
1090 958 2455
1197 501 1229
1089 467 611
457 1131 1389
124 1028 557
1193 477 2275
1259 1139 1549
305 1351 1544
1389 1071 1408
881 743 324
1262 164 1902
1040 220 1227
316 1245 1930
826 1307 726
1083 1248 2644
593 85 397
184 1341 2695
417 1252 2566
535 219 1217
501 70 2435
274 323 2494
1004 1188 2298
966 699 86
990 780 2062
618 5 1429
970 200 756
3 578 1670
13 83 2590
26 154 938
915 243 546
419 1387 923
105 14 2314
1228 406 1993
442 863 2512
177 1147 414
1126 389 2400
147 119 866
1180 638 1242
74 1115 738
982 441 1285
328 473 2003
170 577 2680
233 118 259
531 853 1995
561 718 1246
730 1209 990
1024 177 816
1106 117 2480
671 742 2133
1297 842 93
678 1303 536
623 833 891
1153 824 1700
878 275 1864
825 253 669
95 1269 1892
718 837 139
653 581 2337
133 1371 2080
1054 1395 716
1293 278 668
1226 179 603
893 38 1910
123 638 1482
433 932 1634
1066 477 2698
696 887 2225
968 604 2389
453 99 1922
725 1328 1093
27 754 2461
1105 649 1281
867 1078 178
758 782 181
24 1050 503
1044 115 1120
308 95 1251
317 972 1164
1301 353 24
1154 197 846
1016 1379 2634
765 1347 1187
155 149 2422
1042 1374 2627
1273 504 2549
698 600 1341
1342 865 858
47 728 802
133 426 522
671 306 1352
887 32 1791
1247 537 2235
978 648 1294
262 301 1816
711 761 257
577 955 838
1205 195 691
206 1150 2593
6 1368 1911
457 892 1569
190 304 2723
601 108 823
1300 1163 2251
591 986 294
14 992 2427
1219 617 1213
611 775 2057
814 252 48
1071 728 2778
836 1249 1460
394 21 1521
175 974 2053
110 1189 1340
33 1161 1344
135 57 314
1242 1282 1671
733 1086 264
886 948 878
1074 537 974
714 236 1775
1030 622 929
998 337 118
630 878 437
748 567 1924
91 1034 137
1179 1289 2571
452 831 239
1138 648 2155
17 821 1752
1335 574 1323
172 136 736
930 1094 1818
445 609 756
605 139 845
651 1255 1202
1305 628 2780
604 1360 2244
37 1384 1099
994 1065 1993
1125 361 241
372 1054 230
318 946 1460
1170 885 964
839 1138 2464
1388 900 2672
22 1078 2072
964 1234 1272
496 1093 750
597 146 1418
439 290 1346
364 439 2738
619 317 2480
1024 904 1961
1339 964 1924
1175 704 1532
751 656 1423
752 1336 1403
1311 169 1499
877 1330 1188
161 43 2177
401 1135 2584
347 1265 577
235 1110 1095
1273 993 2519
1268 411 1168
904 610 2636
722 994 543
476 613 1689
63 926 96
1082 815 314
234 305 904
324 1035 2650
608 822 1549
888 258 2507
721 1235 981
1324 963 1502
447 1 351
1134 50 943
1028 92 308
1273 1379 2647
917 891 1828
16 618 115
1278 615 1894
641 1124 2087
59 543 1937
880 999 967
378 233 798
54 407 298
99 881 269
159 199 1755
303 587 130
41 335 1890
310 679 1797
1394 1347 2241
631 28 499
692 749 2788
834 381 853
591 1315 73
321 1184 1899
1359 834 1178
119 1143 71
488 595 906
103 493 1696
791 361 2343
1371 594 499
176 1011 728
782 909 2735
1207 102 1742
843 599 859
443 991 105
443 677 1295
355 524 2480
509 1138 1145
270 337 328
1123 324 639
674 268 1119
1250 1318 2629
390 362 2772
863 545 325
1033 510 1386
961 982 1276
573 1340 707
155 609 1232
1278 1013 39
1249 565 2129
980 491 2468
550 67 1953
1046 818 516
311 138 723
1015 464 2143
1331 1206 2209
167 618 1446
971 18 204
973 479 1920
350 18 1664
1184 21 2544
213 1254 386
233 594 285
306 568 1325
71 505 1923
1043 349 2070
105 952 1507
1235 22 1112
366 90 1984
332 20 2497
704 1160 969
979 919 1993
602 1057 2733
1356 479 1595
365 574 2794
1281 1350 1940
435 1140 370
1090 952 1051
623 774 645
1227 1275 1179
401 1137 453
686 1240 1946
43 577 850
1279 416 1863
648 749 2658
23 623 449
1270 783 2093
776 972 2623
821 340 544
1310 954 2180
507 1276 2487
520 260 2410
212 1205 1565
607 333 1032
743 223 1366
281 606 1051
354 921 2581
459 252 1794
910 1194 80
1028 456 1553
760 182 221
214 1187 1589
1242 1042 1974
120 1295 144
421 865 2144
465 799 420
506 940 1444
14 845 1774
146 1397 1569
525 920 827
283 78 802
422 329 2130
1337 1255 885
132 395 2447
1 557 118
1172 1089 1067
505 573 1376
988 1115 506
1380 334 2331
118 452 2226
473 765 824
1017 184 1931
895 396 268
835 413 1340
64 1012 2343
444 459 1171
1097 1205 1147
470 204 2600
690 1004 2667
562 730 910
75 71 1160
411 335 319
1303 62 421
254 644 2452
1126 573 1689
25 1244 1705
963 266 2180
653 1334 2651
10 877 2382
610 1229 2706
719 823 830
635 1245 2131
219 573 74
335 336 2727
310 944 756
1291 693 2382
865 930 2382
334 626 1405
385 353 1641
842 761 166
1221 403 2390
631 326 351
564 1165 253
465 305 1785
938 593 1254
1186 371 199
1228 0 2696
1396 1239 580
1048 906 984
644 455 1606
895 432 1140
615 761 2735
745 997 2139
309 537 573
885 1266 1463
1043 1208 2795
400 1353 683
524 1297 985
1189 1173 1515
631 719 2449
1295 1060 2311
984 1396 2506
337 792 826
1370 374 2093
1378 1334 618
426 402 2431
936 665 1312
826 1119 800
1389 833 364
100 94 1327
91 649 2517
1198 910 1771
577 775 2474
419 161 389
40 987 2210
683 335 1431
1008 1052 1116
267 88 2101
205 546 1810
414 1316 1466
1286 671 1667
566 461 2187
1316 696 1592
1386 1129 2078
213 517 1957
165 1061 1406
547 388 1562
819 1353 913
878 307 2488
1325 1284 1357
258 913 421
580 1219 931
849 756 1183
221 736 1866
1318 1183 1421
296 811 1322
724 1390 2645
1317 783 1635
1096 712 2218
1309 387 806
165 201 379
1302 564 388
380 628 466
1140 666 2081
291 198 670
418 396 2656
1125 1237 1155
976 550 1170
90 473 1703
989 326 697
1028 711 2264
171 452 2051
1245 647 2430
573 747 440
31 100 2054
1115 1312 1890
1373 349 2386
241 772 2121
28 1119 2060
795 1015 1279
1372 24 1220
611 850 1615
120 925 698
1254 453 1279
270 597 2483
870 344 2079
999 14 2475
135 311 261
1193 894 1807
234 795 2314
109 1177 345
645 709 1413
403 477 1371
1152 917 2798
713 622 2425
1003 196 453
728 1105 1573
548 637 2770
1328 775 1126
542 1001 2182
964 1082 113
1102 1357 1175
863 820 2065
702 690 2033
1351 624 1801
302 423 2346
1144 937 536
339 489 2491
1054 1381 1509
710 304 1040
427 418 725
1385 157 1174
624 417 672
766 1051 2486
687 603 1450
44 430 2183
1379 1106 820
19 425 358
1031 1300 1787
521 1015 1835
169 320 253
1340 18 1742
1381 348 151
32 830 1753
1347 1241 1872
646 1041 2458
761 1048 1594
1003 1137 42
111 822 1530
290 1148 2355
556 57 480
191 1310 963
1241 1296 652
1160 762 1157
588 1194 187
1367 608 1314
886 891 2200
192 838 426
1214 1053 1719
1282 709 199
33 158 1815
96 168 1587
1387 1196 2575
936 597 684
727 1263 1531
906 1261 2055
1036 52 2173
1255 769 1194
470 1012 2548
383 1149 2338
1327 1158 1756
121 1247 131
220 1037 2030
991 1295 1426
883 536 2654
1228 1363 2587
1224 415 1002
1213 257 1290
926 669 1451
722 1156 1028
491 46 1226
1194 425 44
45 676 1543
270 430 1488
746 1230 282
100 338 890
928 853 2112
1178 112 1347
395 1367 948
739 1142 1106
603 44 2680
1006 1081 787
84 271 261
173 129 617
242 393 415
1005 276 2652
448 914 786
1279 623 1362
517 1346 2512
625 789 114
920 674 1312
133 437 431
827 776 99
1335 292 2453
904 53 753
1074 1285 562
1285 213 2290
1191 781 537
228 361 2004
1058 306 1047
1357 856 1167
822 113 2576
1057 368 1462
1052 674 323
338 1113 150
445 1379 2611
404 1269 1782
1046 322 364
439 462 1343
704 818 684
1294 559 1830
261 148 2057
616 760 916
1306 688 2492
114 199 2545
648 1065 1986
417 114 446
1272 880 11
1028 175 2800
869 566 2553
819 701 1525
374 890 2465
1254 1101 1227
444 152 2739
804 173 1549
247 547 1939
780 256 1339
1270 1355 1293
483 1160 1435
1174 1092 237
935 457 1231
490 1341 1593
163 31 2066
1146 69 29
1076 172 231
145 472 2761
1034 1345 698
305 661 76
708 924 2388
258 680 2734
1071 867 751
942 157 180
209 715 2521
282 640 1496
715 528 1572
1317 167 2243
1026 618 1221
487 469 1091
280 582 2336
1278 645 106
1060 912 2607
260 192 1970
295 1104 504
197 420 202
1323 269 1570
808 576 302
196 586 14
814 926 2075
431 1263 94
289 739 2740
785 62 1132
585 1190 2492
946 955 222
1040 564 1984
410 1223 849
1296 428 730
867 340 646
260 677 2527
525 1107 2612
856 737 1325
275 57 1183
119 647 469
12 280 768
929 0 2531
568 82 1460
677 220 1429
159 356 876
507 304 1791
693 387 163
1253 221 2038
1023 591 1026
1062 18 1720
1159 863 2339
767 366 210
1171 1054 354
979 1252 647
915 184 978
58 188 2490
1081 615 1967
1198 774 2460
1288 445 767
1302 332 777
1154 678 2155
172 1090 2229
642 1229 645
689 303 2226
736 856 821
1208 490 252
1068 192 865
809 1110 2027
6 1267 1049
288 431 2190
1048 234 1350
222 547 1128
56 330 1477
1105 469 2269
122 1133 879
1316 625 1960
1103 307 2218
1129 151 1969
267 488 1503
982 692 1884
488 1102 75
721 1385 732
1393 14 66
785 171 1611
1263 1123 2769
927 1107 353
1113 601 1374
891 231 1922
213 113 1972
451 380 965
43 337 772
535 551 1434
939 392 462
649 1227 1781
1096 1038 1869
587 1357 307
173 1000 1847
1104 365 531
251 1305 2689
511 456 1832
1071 850 1068
499 1337 2519
492 463 836
1012 1344 998
214 1299 2414
386 734 362
376 889 2302
701 1372 1453
914 846 2534
1131 757 2235
1132 698 1372
891 75 793
1187 412 283
1319 164 827
739 44 574
39 715 1677
666 421 2166
458 9 1298
1250 1228 128
467 596 2421
5 578 578
503 106 632
430 264 230
1210 146 112
629 774 924
926 383 2293
1224 783 2007
246 704 2056
1391 1291 908
280 1124 616
504 252 2308
165 569 390
939 338 1613
921 719 31
747 892 1549
792 140 92
431 1104 2428
64 651 2472
773 642 1374
1301 1261 986
1108 639 2155
881 940 414
1036 1103 1111
80 907 1
27 148 1316
1105 1084 1994
751 1349 1708
1374 1093 763
237 693 1442
1160 767 2465
859 1116 2391
284 420 199
775 902 1397
1357 911 993
1141 760 1456
929 168 997
716 1282 315
1248 927 1355
1146 189 593
1151 1234 1920
911 128 2184
1307 203 754
1177 424 2361
791 1176 1787
742 471 1171
151 918 409
