1200
183 660 1932
884 910 1552
954 889 1263
189 200 280
963 204 863
126 335 869
802 114 237
14 72 551
841 871 441
980 340 918
1170 615 1225
363 264 2034
29 515 523
1176 1024 1891
781 1075 1303
1072 358 1041
1057 243 1837
709 46 1579
2 45 91
472 392 1805
591 1163 1793
155 280 1104
1118 838 1029
720 1175 190
66 220 566
1065 253 661
171 485 1714
950 123 2126
1189 1173 55
625 325 174
515 999 1550
564 1168 1349
464 58 1230
67 1190 1175
621 1150 221
585 74 1959
186 612 1822
756 900 3
876 1153 722
855 289 1980
37 132 987
596 850 1259
405 286 1818
853 526 520
664 883 2333
124 1029 2254
736 251 2013
7 683 1187
874 1076 14
487 486 2273
1173 208 1036
718 30 365
245 1026 1981
292 74 901
1184 1124 1170
1183 659 575
374 773 2342
421 1188 98
975 281 1648
281 719 2311
253 1044 718
498 471 1068
882 820 408
558 1136 1057
1083 288 839
752 877 1329
122 892 506
1017 677 559
862 1004 1683
287 225 887
620 1198 773
1165 13 1404
326 419 1787
227 1138 219
753 197 1308
1080 134 1133
417 130 15
633 680 2129
237 156 1509
143 874 595
499 699 1942
1158 1155 1479
611 804 808
186 852 1262
1063 398 200
1125 1055 1486
777 803 2085
238 186 1817
38 454 1131
644 963 315
637 636 1223
1021 968 520
98 351 1981
454 189 1526
446 920 474
808 42 1498
610 430 2317
191 636 656
409 114 2378
64 813 56
142 1018 1469
561 82 1465
224 216 468
983 1001 78
204 838 596
539 857 1460
1050 1064 319
627 762 734
88 350 269
823 190 1000
296 457 576
967 1065 230
869 1069 2047
623 1101 554
1025 1176 202
534 116 1810
847 44 679
143 246 1733
1038 1074 1656
362 201 1958
108 587 1825
689 833 1007
352 281 1969
589 324 1696
217 835 811
383 652 188
634 1136 2096
54 390 920
594 636 176
369 1009 398
1017 1120 691
308 962 1077
112 356 819
799 243 826
638 330 894
829 529 583
665 389 370
981 852 1007
830 709 85
231 99 868
556 642 1040
186 978 2019
1087 187 2282
33 590 1602
82 699 361
779 73 241
812 579 816
277 1102 1236
1033 859 995
116 853 1726
164 41 1852
107 665 1478
63 985 1272
233 58 1169
1161 464 1891
936 637 115
731 237 853
713 438 52
724 926 1238
678 1159 1755
669 466 1702
516 756 159
1086 514 1940
264 862 1431
130 1089 151
385 313 1805
276 1013 980
86 143 1272
704 101 173
268 9 752
1030 293 2100
600 836 1360
147 410 112
572 817 1547
546 732 1877
705 385 216
873 398 45
395 942 151
1012 1074 1232
288 652 1885
187 938 536
821 532 1912
646 205 1056
857 283 2196
346 1045 2139
1121 31 1469
411 618 599
643 996 1476
597 977 1204
58 1070 58
850 260 151
534 281 1872
593 494 1709
750 683 2103
289 310 1651
367 790 37
495 1149 1496
792 249 605
508 73 1993
190 303 1298
226 1025 1505
718 510 1895
618 1030 1865
404 856 2372
1173 471 501
1108 150 1866
457 173 499
989 396 1361
753 642 1280
1131 359 851
1111 1029 1268
1086 633 1831
317 726 10
1018 121 2020
1129 103 1573
463 873 2092
450 1084 452
376 681 2018
1098 762 194
47 796 438
800 133 1774
1088 99 202
311 562 737
852 558 1760
928 1055 1120
243 272 929
500 656 65
929 1090 1746
817 1112 136
826 86 1742
1121 150 629
979 953 1892
437 976 1916
1074 234 1261
687 904 1660
211 267 2130
513 75 491
85 285 2348
597 1130 2288
847 480 1753
299 1172 2256
927 176 716
595 954 413
25 308 821
137 282 1158
287 799 1395
1017 760 436
145 971 1814
745 286 2215
503 1165 562
181 76 747
655 823 3
563 1074 1792
834 1049 472
511 444 1662
808 845 1420
851 1148 1184
878 758 408
15 828 2283
324 367 1124
411 651 1240
143 173 2298
534 306 1144
1011 1057 1698
781 254 188
726 614 1803
69 788 189
698 170 411
306 618 643
449 532 1076
17 326 1790
472 111 1283
251 907 1851
338 216 544
834 111 94
294 179 1560
971 106 790
469 993 338
298 445 734
804 276 1290
137 510 346
428 233 2369
622 399 618
708 126 1451
151 894 2316
881 604 1326
282 913 870
1158 1122 432
1111 629 2128
832 98 1603
340 715 242
1026 1181 1543
1174 1178 1104
929 407 2145
1043 534 942
1073 300 2115
774 876 1659
747 438 1008
985 66 412
508 910 1071
373 137 1585
753 219 57
83 695 773
657 59 30
165 874 2074
1161 1159 1664
223 776 603
738 37 301
890 26 1852
1042 268 1394
344 393 679
627 553 504
400 76 445
590 999 2094
705 54 625
33 885 126
524 320 131
86 681 2387
539 611 1387
272 778 181
1059 722 956
818 28 1865
624 975 1926
792 156 446
540 393 30
1140 770 124
209 586 869
1070 681 942
785 1023 624
358 1173 1192
815 1140 19
883 41 894
133 740 1610
1052 320 1319
940 330 1418
631 223 727
1030 572 1917
923 320 2166
700 1074 1972
329 935 1303
16 310 221
1107 847 2209
320 247 1973
1197 49 792
647 44 1522
45 354 955
688 203 2155
860 409 588
236 1184 403
1019 432 250
1016 1034 1811
318 610 625
768 406 42
912 75 1745
294 1006 159
944 1123 2052
1001 1173 1694
285 601 1629
457 784 2239
813 1108 1636
588 1148 1844
1101 356 408
505 369 694
589 494 671
541 1063 1
573 701 1300
1195 269 580
931 714 108
994 520 1975
219 157 265
1000 974 2191
637 83 2337
634 174 1806
245 417 1193
453 632 1132
990 1156 1335
513 1028 2046
230 843 1555
1055 384 961
509 50 371
48 444 1320
745 1093 2261
358 84 2239
345 1131 1454
1117 109 1786
214 974 1476
977 765 1417
640 560 573
550 601 839
301 869 539
160 791 1691
970 152 1155
1070 394 166
9 526 138
861 1059 322
998 202 1664
876 196 1698
764 1169 2332
640 249 2326
978 227 2385
6 840 1342
684 7 1484
305 500 2174
1164 1013 2321
829 614 940
273 892 2253
308 875 163
1030 819 2099
701 867 448
555 616 1696
870 619 1014
1078 182 210
1070 192 80
444 456 1048
281 82 2318
146 1013 534
749 949 570
519 560 1485
116 396 2
132 26 1804
359 899 908
533 573 2245
247 709 2383
274 831 196
828 115 1534
577 929 1399
478 1012 1231
315 1061 2179
458 530 832
1135 917 1924
687 764 1646
1067 45 2132
1150 326 818
561 54 348
439 1199 2373
1122 985 874
488 595 334
916 652 1751
308 813 978
1018 890 236
981 229 980
626 335 814
1159 282 2060
13 1136 479
367 923 2228
231 364 966
977 626 520
213 233 1245
94 1193 2120
825 16 1725
810 213 1674
986 1068 1340
693 841 625
952 790 2081
707 1065 251
1007 880 1248
932 264 1477
110 1030 1529
831 184 1540
1001 850 1751
441 1032 240
504 439 977
358 809 943
553 233 1611
457 376 1254
181 313 454
260 806 1321
844 778 2127
87 53 1351
1113 82 1140
742 856 367
857 257 1347
319 305 2223
149 660 1204
519 701 483
316 734 860
1037 749 2216
376 1066 1529
484 1064 1548
227 4 782
410 261 533
173 655 1657
855 225 1878
965 490 1231
768 923 2191
236 425 626
861 155 293
639 851 231
130 1162 2087
153 559 1293
94 1123 581
1033 931 2285
359 984 1456
755 184 1288
684 1052 1893
544 916 714
656 3 1919
951 138 1960
342 674 1767
99 1060 985
15 1125 2082
865 514 933
1034 22 1087
1185 80 1582
1158 674 801
262 1060 215
332 155 753
117 704 2356
652 1013 2279
538 1147 274
35 248 201
178 38 411
55 392 150
369 443 2162
271 522 1392
437 999 720
420 126 1892
379 986 1801
1060 849 1823
348 1089 162
724 507 956
1148 601 1409
216 798 1204
294 1129 1708
1153 740 2003
776 542 1331
920 197 847
1100 91 1786
997 444 634
114 627 1477
69 751 1070
1151 843 2271
913 706 1205
77 216 1164
207 913 680
800 785 2349
291 912 1706
630 995 1538
506 1074 2008
699 562 274
267 850 991
127 1067 730
1053 17 1
841 790 779
552 161 2008
1052 916 1100
463 393 2309
791 793 1887
947 202 905
729 1108 235
877 140 822
706 448 2382
1069 1057 1107
974 772 99
922 1186 331
1173 725 1684
479 901 1185
337 1030 1927
4 757 2230
421 926 1752
492 318 1405
614 731 453
533 406 1753
439 480 1597
823 687 643
350 813 2333
1081 408 900
652 183 1172
879 924 1740
981 890 113
1148 764 266
568 690 2243
1176 1102 1560
815 531 111
778 1189 482
141 627 1871
480 810 1932
617 260 2382
1054 295 1390
123 780 2007
155 357 333
1044 441 260
710 891 6
807 1170 2335
438 894 266
180 194 1545
314 225 2284
854 424 1009
1126 904 1708
354 616 1706
398 658 1442
200 797 505
466 4 544
23 103 243
242 671 558
24 392 2234
124 496 16
127 692 1324
106 890 985
1076 631 1248
1119 401 55
351 999 829
526 732 32
277 1061 644
650 260 2260
553 448 2273
424 104 191
1026 29 33
207 745 1448
176 210 443
755 1072 140
345 867 1987
1192 807 1839
420 668 270
1079 510 2034
154 138 1980
452 1189 2080
239 540 350
933 868 1377
771 229 1471
584 395 1861
318 322 2171
1060 895 493
415 1141 1047
384 1049 2175
801 214 1267
348 1179 1431
1022 150 548
973 457 2070
889 877 362
802 662 1909
192 353 272
142 1172 41
819 477 1644
964 528 1059
1182 293 630
912 177 1087
932 724 9
1168 286 2030
561 863 1695
254 461 2121
843 486 2083
820 532 510
1092 363 1391
443 810 122
479 1046 1563
407 58 1705
174 1015 2062
495 655 1358
732 35 2018
430 885 1966
514 597 1663
255 180 939
601 859 1505
151 1137 1872
404 720 2024
19 456 1181
1072 849 1989
260 405 616
1069 81 2117
1155 57 1075
263 46 1973
229 198 486
594 70 929
765 141 497
676 489 1729
729 72 461
434 813 1846
1166 533 1716
1187 749 1560
323 32 722
15 910 1551
71 1182 590
282 199 2047
101 792 961
46 287 1495
644 627 826
1031 261 1791
919 923 1926
780 812 1994
967 130 919
1022 256 943
1050 955 573
320 1048 604
1183 140 647
1194 829 1359
21 541 1662
436 331 2064
1085 1075 557
859 482 478
641 982 434
404 346 26
104 372 814
1161 1074 432
475 815 532
523 456 2293
1067 674 2076
628 783 385
626 756 2300
595 849 2305
1136 965 382
874 953 1100
622 485 1271
502 1021 1834
1083 866 2027
958 1093 2164
605 536 2229
797 520 1712
120 377 2186
553 62 1313
788 84 1882
1087 974 2333
1194 632 54
381 750 323
618 903 1154
443 610 413
531 836 2224
74 276 551
1042 722 1188
875 620 1795
176 18 1907
873 96 1132
454 1097 2003
598 1136 656
592 159 2015
616 85 1682
510 858 1624
1048 287 1915
490 133 346
61 339 1708
694 831 1163
305 952 688
478 292 171
592 372 1881
641 85 1141
1145 1196 2348
1103 107 109
692 885 71
711 161 980
935 930 356
413 1069 526
480 834 662
1020 297 21
304 222 121
775 513 1217
1027 1041 2176
102 985 1318
428 114 2398
492 459 2166
341 664 1726
931 771 2400
0 660 1922
1008 916 1652
331 999 1049
23 340 162
92 716 1027
1056 66 1170
209 403 791
902 615 1787
758 1176 1242
1137 536 1808
356 624 2018
99 601 434
240 603 2008
1162 303 456
822 792 2356
764 430 2264
456 538 481
1109 887 1538
549 480 1473
907 720 315
64 452 11
409 689 2021
715 495 2033
412 857 1358
219 1147 639
990 903 951
1104 454 2390
964 1040 1812
866 763 1946
1163 541 1746
568 967 1175
550 309 198
465 554 317
808 276 1004
391 966 2146
382 19 337
930 1137 2154
711 984 892
370 555 1188
1020 293 2220
952 83 862
1014 45 1111
54 1020 1429
189 303 2338
367 297 2348
934 1025 2073
91 73 2287
938 601 2005
21 654 1073
1074 606 1222
790 132 1252
467 217 732
402 165 1926
244 396 818
890 551 1430
1055 668 1304
217 96 1259
1050 1102 479
186 979 33
682 528 2170
398 395 180
1123 997 1333
853 534 1212
609 56 1881
478 867 423
423 355 1496
915 1070 883
1193 556 462
630 985 320
1177 993 16
551 1156 1810
525 874 1746
2 166 1076
558 99 147
777 807 1331
827 483 843
653 926 2039
940 1156 536
977 714 503
985 1126 1275
1068 520 2276
110 116 138
589 849 1512
473 416 1264
19 296 2047
833 1119 1001
171 14 186
565 1143 1905
840 964 1210
649 429 2336
59 593 244
221 894 495
383 17 1268
606 989 1387
1095 340 1822
560 96 2191
764 876 1234
599 44 328
575 905 1509
289 1080 1431
525 110 1554
279 876 2161
442 578 807
315 303 1123
777 1063 279
839 948 1490
4 356 670
952 436 367
858 122 1334
907 101 1557
995 534 90
577 515 65
701 957 1401
731 1115 315
359 314 1452
1147 335 168
332 1130 1054
433 623 981
41 908 85
574 661 1961
817 869 1613
1060 155 2396
60 608 1528
1061 533 2300
482 158 923
804 456 421
325 358 640
527 384 934
785 777 866
1141 939 68
275 458 1950
583 1109 850
91 1093 2053
1062 968 516
72 741 1446
423 193 1054
738 1161 745
440 185 63
942 1102 2057
987 373 784
269 1117 1838
557 477 858
439 369 410
497 183 1849
238 612 2223
852 276 2083
1004 464 1486
120 1183 2242
1069 164 1025
268 244 1589
1114 362 993
212 669 1550
625 844 566
451 210 780
885 133 1746
67 28 2235
474 410 2046
818 433 525
190 764 1406
1185 621 689
96 366 1227
1021 191 157
671 1197 1597
825 1083 975
755 143 2257
87 1172 505
384 644 2202
835 13 2046
884 1154 2133
290 918 1777
573 2 804
1188 475 1335
222 841 1198
469 492 1096
196 1116 664
1072 111 1464
55 11 500
813 353 2057
1167 759 1357
418 1169 842
801 617 645
999 741 1787
958 675 224
352 626 920
686 866 1220
896 1091 456
946 368 99
605 139 334
514 234 75
1181 631 823
371 1159 2048
547 1060 842
971 257 2365
199 678 2023
1077 760 1075
574 745 1919
299 110 617
142 1020 198
955 413 40
113 1086 255
232 580 1843
258 33 2204
939 470 1047
515 222 327
1187 356 2307
747 66 457
1155 558 1080
644 421 2241
886 1040 2189
422 1165 1881
739 1155 869
370 517 1426
798 882 116
257 374 167
1056 401 1541
800 376 1708
397 190 2248
384 1058 2258
774 466 1240
438 245 1083
7 887 485
79 247 339
402 106 1633
1083 528 852
132 1158 78
248 807 1598
361 650 1386
133 784 579
712 153 1605
57 801 871
386 297 507
211 1139 2005
770 947 1293
141 875 1162
1097 992 603
833 853 653
349 704 1741
614 1176 1984
63 932 723
1078 889 37
17 897 2059
1011 503 1180
1150 149 356
926 1188 2352
631 303 1422
1173 786 1811
664 835 408
714 1094 1853
324 693 1483
179 1159 1462
251 1180 1554
938 360 1624
57 505 1929
580 549 2089
465 1072 468
589 845 750
403 152 2196
72 617 231
334 584 1948
861 1158 1783
636 746 1239
792 137 1109
559 1130 1416
645 1129 620
971 580 1391
1166 415 744
620 724 341
228 232 1171
1062 644 1071
1105 212 610
306 790 288
316 1013 2121
1101 142 1521
500 261 947
330 558 380
1095 224 195
517 574 1956
696 1007 72
371 138 1122
1120 250 373
206 1078 101
680 1106 294
557 174 1946
10 335 1700
778 64 223
987 545 994
697 634 1628
343 581 1121
914 752 1229
235 0 12
1092 986 2204
44 802 73
695 145 367
741 392 2246
540 22 1121
858 359 1310
256 940 2211
862 211 1117
253 700 2145
225 216 2231
1078 669 1936
662 997 1949
431 577 2165
1106 435 545
436 948 746
333 392 2269
910 393 2205
845 876 328
284 693 579
743 1127 1700
326 541 81
696 1164 1725
779 887 1000
245 346 307
1090 338 765
1147 1007 1309
80 708 1860
343 978 1849
720 715 501
360 606 1259
418 1021 1327
315 1046 1325
1028 1187 1252
623 576 181
88 888 103
607 984 1098
1080 1116 1938
852 1047 811
600 720 2346
902 765 1829
1007 666 198
538 918 2292
263 82 1439
856 543 2197
931 1098 118
804 43 1841
119 545 233
877 205 1399
91 1050 651
351 117 19
414 519 996
654 838 595
357 971 2303
1017 125 646
507 1034 1536
1052 779 1902
118 517 1910
596 739 1673
369 219 939
334 652 876
125 800 803
221 671 1812
891 981 1875
1019 586 158
898 1128 878
337 527 1934
947 361 1940
456 468 1934
1105 696 1520
1046 1093 763
205 703 1274
1043 345 766
60 842 1697
984 149 2158
249 1117 1349
905 245 795
36 475 728
723 968 954
172 1130 65
1097 917 1239
100 946 636
445 172 1697
84 390 469
842 854 210
992 435 2379
675 910 1162
68 811 1324
612 865 2333
475 79 2365
1022 377 1887
604 319 2264
902 268 1666
1066 1081 2332
342 941 2207
148 987 399
74 331 860
548 954 366
251 311 199
904 1054 20
519 53 573
144 667 1887
753 760 1124
691 432 576
576 363 8
722 872 1443
631 414 503
103 638 664
1146 1163 2349
1051 796 218
1191 408 1947
1196 126 649
408 29 137
345 824 2117
165 681 2
674 114 1199
414 454 327
128 1013 2000
953 1100 564
240 946 2329
508 1169 716
655 185 179
372 27 1199
586 597 2104
1136 604 2141
26 1126 1380
440 464 1660
1049 41 1996
849 689 1961
937 486 210
607 865 1811
252 277 622
593 689 529
982 1093 1283
489 218 1472
539 817 2381
70 452 1277
1139 429 1624
831 376 1739
1194 217 2265
784 1193 1317
241 443 2157
686 476 1845
75 689 48
623 403 2065
578 446 705
786 1047 891
1061 529 614
184 448 158
196 679 1439
1050 305 101
394 270 2114
871 494 1821
1081 116 210
954 274 864
922 416 1254
460 324 1151
113 447 291
751 466 1555
247 499 78
542 266 583
624 586 264
735 885 408
62 91 2131
468 509 1130
131 79 383
849 551 960
242 980 588
694 338 676
634 107 5
466 1068 2400
214 287 1533
189 46 1079
913 617 698
488 385 1533
293 37 1328
173 783 182
734 449 1739
258 1052 608
789 704 2203
1190 826 1636
685 396 1241
940 723 2358
1141 237 1959
736 232 2284
513 54 1645
468 880 2287
28 384 584
385 274 1722
110 1052 121
290 293 1068
690 503 2169
961 881 674
303 595 139
26 463 1818
111 779 411
771 965 1291
419 494 1348
79 513 1681
429 1032 580
447 766 1127
630 108 1612
897 464 969
641 685 643
1165 151 187
338 411 1595
801 372 1099
1135 1196 690
588 474 1403
1132 290 1975
318 1173 44
623 339 1685
985 1187 1529
523 983 357
1160 416 1506
424 369 1397
97 717 1814
109 34 645
163 348 1229
390 277 2115
133 83 1836
702 314 2124
100 967 111
1085 507 638
8 819 2386
824 825 2083
291 1005 2135
1014 707 1914
556 1026 2179
1174 591 2257
872 372 1964
138 332 2019
1059 651 175
735 595 899
621 523 690
926 326 1997
969 423 2210
697 132 1891
483 83 541
967 503 727
469 815 426
202 1019 87
1011 440 591
642 68 125
636 837 61
946 284 104
51 563 1677
744 319 553
662 1026 2274
431 821 1265
115 407 1901
88 1115 2201
71 409 877
880 357 79
920 402 749
671 962 442
11 671 583
938 787 2153
1030 573 1524
270 1141 910
230 419 143
857 712 1583
195 743 2185
2 888 179
1084 763 1679
766 658 213
52 1081 2070
999 655 1862
1003 853 2181
1182 309 1894
320 1092 2278
1063 494 2
197 1098 1194
383 231 2049
679 330 1307
802 474 1869
387 423 489
702 195 1669
1172 892 746
1159 385 1092
833 289 2006
977 85 730
330 857 995
784 1019 1171
43 1070 585
105 500 704
576 862 1165
819 187 1716
1010 570 1289
855 582 1436
146 1027 651
71 69 1604
284 842 1348
436 612 1165
651 1174 1740
307 203 1543
330 732 2309
54 607 1316
867 673 1078
102 1163 2210
1197 795 344
719 676 109
960 1025 1144
499 528 661
758 522 369
488 833 285
162 976 739
95 784 1677
725 657 856
192 950 106
323 1153 1327
269 1133 1915
666 925 2281
712 255 453
713 335 438
986 461 997
1186 709 366
188 77 1283
1006 795 356
672 212 712
594 400 2185
700 1011 1568
578 215 1811
579 193 580
601 647 2380
1 117 2079
930 329 910
41 156 1445
5 1190 390
1071 945 72
332 387 404
405 81 1966
184 941 2080
1106 977 1344
675 328 2171
946 870 1634
285 247 1816
851 1183 528
162 293 1900
1144 959 2222
516 1092 1238
100 993 503
182 854 831
78 1108 1777
301 332 100
695 349 414
1010 887 854
1089 617 961
317 702 359
700 548 1686
414 455 1804
839 254 1813
1081 875 726
412 26 816
943 8 1307
33 283 208
167 160 21
311 278 2342
203 783 1770
295 305 1769
983 73 745
486 1048 1698
1122 835 1157
814 394 2135
890 419 1616
512 821 1559
849 61 2102
12 670 451
380 1197 189
1070 455 1973
653 626 1054
1011 767 758
460 747 1968
167 455 1043
446 567 1647
1179 201 88
501 186 703
243 176 1581
1028 606 1053
19 235 195
773 324 2376
969 844 2007
281 201 724
628 756 2327
499 691 1491
1001 815 2339
181 221 1139
776 419 2177
1039 201 2156
785 427 2091
554 248 742
676 186 699
250 47 1644
101 207 1568
150 674 580
607 174 2053
362 303 2262
939 407 74
166 826 412
268 429 1436
344 728 2039
408 73 574
778 780 245
893 167 1724
1094 808 1942
1170 89 1987
95 128 482
245 553 1357
836 28 2239
236 112 338
911 857 690
528 491 520
632 841 1705
22 332 1848
278 125 765
943 446 2226
47 1053 34
733 246 1767
1128 594 2108
11 665 2141
653 770 1225
860 762 806
425 786 1092
601 644 2082
329 421 2007
635 483 122
188 1002 2035
306 34 777
489 447 2021
273 835 1536
89 714 632
223 4 2046
959 662 1761
1176 270 1118
901 491 1948
779 976 2380
885 497 1123
293 43 1727
940 261 1739
875 981 374
509 445 64
547 527 1943
1090 1075 262
961 238 90
1142 680 1509
185 224 988
903 159 1206
441 646 169
613 1115 1509
842 61 1693
487 559 296
953 76 351
1 1130 1896
1195 40 579
74 43 88
829 575 820
458 666 2395
376 54 562
276 1035 348
535 628 1846
929 599 970
295 1111 524
768 803 2224
408 391 545
365 81 1513
79 365 789
760 497 1313
773 164 559
103 451 358
988 293 1272
362 659 2049
212 509 1444
627 380 434
31 125 684
522 395 1599
752 366 57
83 1038 2033
1128 799 2257
327 919 2101
879 330 1466
111 994 2236
1005 495 1574
658 828 648
239 993 390
992 1051 248
699 1017 1306
9 797 695
229 1152 1428
1113 1024 919
445 678 678
463 124 1558
447 803 229
587 452 644
1038 519 999
198 788 186
620 554 2377
511 767 2180
763 680 2132
723 207 2135
374 170 408
269 987 417
520 661 1304
924 1137 2219
386 434 995
197 921 1510
930 297 1485
409 1180 1424
261 992 1580
463 606 2220
680 617 1516
442 466 2282
121 864 931
666 64 1586
878 1133 125
837 483 2379
388 229 1373
1040 987 1180
628 46 1891
756 51 409
671 358 2021
63 150 1317
728 955 105
50 275 500
936 909 966
527 329 1504
492 37 1341
526 66 195
528 517 440
651 1012 2288
661 970 844
951 270 1247
570 237 1574
354 474 886
850 1067 264
272 485 518
517 636 1032
633 471 1679
370 29 2140
478 868 452
948 950 541
97 813 611
1091 930 1520
605 1018 1459
941 867 113
660 1176 48
342 867 1952
645 165 968
30 424 1085
37 584 1416
18 162 1441
945 137 340
1025 1146 645
299 1131 1563
100 1160 213
360 142 1165
951 496 1689
782 394 1390
1118 997 2037
1154 987 1193
769 973 1422
117 880 925
140 130 1915
35 967 205
274 683 503
168 141 638
1187 358 1903
321 581 1163
786 452 466
989 627 316
865 49 315
1099 259 2295
688 1006 1483
368 1112 2047
111 904 138
668 659 1418
948 210 2087
727 2 1735
235 281 1427
151 904 1251
523 666 2279
1156 590 1426
565 1189 1215
677 171 1258
43 724 46
262 369 1933
1198 131 2283
1037 387 1247
682 174 2230
866 21 1875
1079 1076 658
1058 859 1889
820 78 1512
58 281 1886
814 25 2087
1117 157 920
769 739 1915
525 291 1244
586 561 65
532 641 1818
667 520 2249
128 931 1415
343 450 1582
231 602 2206
604 683 35
1131 374 989
461 511 2325
681 411 1395
684 523 2036
246 814 881
1040 466 2328
797 112 1996
909 4 2120
205 92 716
159 270 2111
996 887 2386
486 399 2028
139 794 1149
897 88 1378
1039 554 1019
32 873 675
581 208 1155
740 1061 26
943 1047 252
222 883 1243
643 809 1948
170 559 283
973 232 1370
506 1020 84
897 803 2224
1124 555 1244
34 814 448
1000 677 1218
1041 705 413
530 29 1068
98 612 818
997 204 1722
185 750 1063
364 845 223
451 709 591
29 414 1394
1187 406 1449
475 614 1451
1180 862 479
477 446 1349
779 21 2220
29 708 1087
1084 982 1571
1003 196 1
661 92 1285
415 99 635
552 383 1369
473 643 591
1043 1126 1911
746 1032 1974
1067 969 939
900 282 327
1094 1147 525
960 825 1841
324 705 743
328 114 735
724 711 1624
1147 980 1939
883 572 214
629 47 1285
384 558 1153
826 1037 489
674 788 1083
9 579 702
610 222 1930
824 592 575
50 635 1943
1089 378 1456
98 863 1110
530 907 1577
537 312 713
955 39 2210
672 795 1219
1006 123 366
518 617 1402
719 112 201
199 261 2251
872 841 1370
120 1017 1043
782 494 468
1138 556 498
854 836 2354
638 432 1213
459 1133 1395
462 1133 20
232 623 1775
140 170 430
432 107 295
324 984 241
979 352 1600
855 273 1421
1073 65 1973
481 1051 2191
197 745 683
791 915 2287
613 911 2044
1063 1133 261
691 273 1386
1092 55 1687
179 365 1138
970 315 1039
400 1042 1031
957 26 584
42 903 1301
544 413 1140
328 513 1269
493 430 2228
422 1066 200
1199 964 132
1005 697 786
286 524 1997
1065 939 211
398 147 1192
974 352 615
794 475 1810
834 641 1262
1058 79 1362
34 921 2187
806 28 1090
416 501 1355
422 114 1899
612 553 1809
762 303 1861
527 626 732
542 64 2253
162 676 2110
893 582 318
491 1003 1587
1035 928 693
95 508 1400
788 221 1690
284 900 1395
713 30 1270
506 1100 623
572 1081 204
104 547 625
949 557 2029
405 1171 1039
439 210 2188
101 250 767
721 1116 147
233 729 1015
471 550 1775
1125 57 2228
195 436 1541
1108 956 580
1189 852 1840
1188 739 2254
824 96 291
969 879 931
366 1159 806
827 769 1743
1199 329 1850
1114 262 71
946 181 1105
123 380 2365
714 450 1977
888 784 2139
497 1025 1293
61 1095 902
393 1083 1421
59 432 2243
271 1141 295
809 891 1260
1122 1024 449
611 265 615
1126 302 1660
625 818 248
575 954 589
596 379 196
1144 343 59
338 473 1780
305 714 703
968 654 40
863 825 2091
1175 417 696
279 1010 2282
1143 414 1260
455 935 2263
863 797 340
473 1003 1356
377 691 1131
762 28 18
1094 471 1862
518 460 2333
670 408 2098
403 275 214
1139 1084 316
172 724 80
297 1020 1439
933 112 1314
43 854 783
322 374 2129
242 204 1611
650 1196 444
662 949 1795
373 1148 570
1035 235 517
129 685 13
510 278 522
350 475 1771
706 142 1144
709 346 1415
642 1048 491
138 999 24
126 1031 406
244 96 1868
386 428 94
1110 785 954
360 42 239
70 868 1496
1053 925 110
235 1041 857
448 662 85
288 213 1119
553 710 1008
934 812 2011
347 242 118
9 90 1749
181 367 759
757 769 1531
711 814 176
1107 1078 1851
728 231 766
843 321 818
823 940 2224
427 931 65
913 471 129
837 88 362
118 544 140
448 768 1078
1016 5 1216
109 841 2396
416 411 1970
105 640 1422
1044 1011 66
609 384 215
984 1017 840
216 1182 959
575 292 686
1181 1132 2072
704 578 180
948 553 215
616 526 624
215 967 1067
694 631 231
272 616 1719
165 897 1584
546 622 878
270 680 857
180 695 1338
321 627 1475
965 360 669
831 75 1599
910 451 613
1015 611 1957
267 922 1742
1181 805 418
449 159 2084
1044 1194 2374
820 705 953
634 939 1804
795 103 796
864 804 2187
547 626 1532
183 958 902
1012 844 1686
12 514 26
1149 281 1325
65 54 353
734 541 1711
832 934 584
732 938 202
738 409 2157
399 664 1073
230 784 2046
989 665 214
263 586 229
741 502 1623
597 507 2009
1128 166 2001
46 340 1630
191 589 141
905 574 996
749 169 75
574 88 1220
62 1017 1308
454 369 2037
194 559 449
24 198 2149
47 208 298
601 730 1575
1023 392 505
311 186 472
1061 869 246
1179 421 1923
219 83 2253
415 501 986
639 629 302
908 382 1665
856 507 757
14 1013 2356
1119 165 1236
560 356 1021
462 485 1943
127 862 1845
1127 784 1275
341 1193 1985
937 13 27
545 134 2178
1151 594 1666
1186 727 2326
769 255 1228
501 178 693
87 194 1848
268 944 327
1041 254 1077
878 1037 2189
368 36 515
435 995 1618
319 519 1952
16 772 2331
474 603 318
767 1117 324
919 480 936
897 972 675
695 360 102
387 380 2278
1155 1084 1984
719 467 1421
302 910 296
829 508 4
261 975 1582
170 659 2269
494 1047 1311
588 234 2084
241 105 1579
931 7 773
665 279 19
893 703 1246
848 762 1061
675 998 1593
4 315 839
692 593 2335
164 345 699
680 813 519
1010 983 729
647 253 2234
25 1164 1144
1077 677 2087
1048 546 1422
749 767 1385
38 557 2298
1001 693 1540
983 992 1842
714 1083 2020
745 1177 2223
20 1085 2225
1019 1110 2353
106 913 2307
53 552 389
154 33 335
667 39 1703
146 461 535
372 581 1417
975 1198 2253
386 495 762
839 661 736
1045 164 2007
157 229 1229
621 169 1731
55 196 81
157 915 2187
35 783 737
39 823 998
297 599 1169
130 86 1621
504 989 1933
708 326 489
1049 625 91
108 2 1026
857 295 2376
979 908 2154
632 508 793
932 948 834
1012 80 1934
562 88 1454
641 453 1116
393 832 2152
826 393 1674
900 692 778
625 93 136
160 235 1680
416 1047 1162
502 977 1398
387 295 1324
351 985 45
264 308 1863
455 271 1182
92 173 2079
482 148 2320
106 967 706
222 910 623
180 821 1317
220 298 241
84 646 240
861 994 1364
892 915 1018
1178 416 2108
677 27 979
1090 1158 240
1066 1020 478
1144 149 421
141 980 185
944 336 119
457 735 1388
1144 368 1327
1019 187 983
113 258 1487
809 771 767
1086 905 1481
566 1089 390
126 435 1266
713 755 2039
947 946 46
976 759 1942
821 1061 1229
896 610 2343
1171 642 2209
1139 192 261
54 826 603
312 72 830
1153 181 998
312 1155 439
590 930 7
360 759 301
956 344 615
279 440 684
91 995 882
99 683 309
1067 536 463
10 657 873
555 794 2175
949 1119 2018
1116 67 532
313 295 1053
539 301 17
88 1141 1075
962 424 1168
887 524 1834
757 122 818
1164 733 949
1045 227 2150
656 457 1697
592 275 1100
310 880 389
194 723 2371
452 1199 1920
635 1028 1381
496 676 1507
325 868 2191
102 795 759
896 844 1011
881 363 1694
391 19 1914
211 618 1495
580 419 534
831 74 55
144 1192 554
434 1061 2338
175 673 1702
197 237 1495
465 1060 1201
892 198 1783
82 996 1827
1098 1063 324
704 751 1198
1153 1171 347
806 615 1817
650 980 833
407 805 1596
329 755 714
155 12 1305
613 759 1572
86 997 1259
972 689 1220
964 653 2386
204 335 724
250 992 50
939 204 1666
1042 885 459
260 346 1282
743 207 420
357 792 1692
1065 324 389
325 214 256
330 49 133
968 400 1449
368 835 2046
279 345 2234
759 1174 140
388 569 1091
111 277 1657
822 853 708
805 182 1686
36 486 1255
66 1155 2350
1126 1102 849
1066 180 832
987 732 594
37 342 1720
382 84 763
923 975 1215
48 1124 810
217 1038 697
680 529 228
485 152 1473
750 735 458
572 379 786
476 1138 1656
908 353 262
202 356 1541
5 489 1236
257 169 703
1138 737 920
208 383 2317
59 966 299
911 583 2378
85 582 1890
1069 953 1588
1027 918 712
228 1167 986
429 303 526
725 140 758
611 417 1947
1138 1059 2213
34 463 1425
761 351 881
135 1109 367
781 901 2277
246 554 2088
958 533 1426
604 252 1846
874 845 2107
103 623 2077
748 529 950
256 919 967
559 1168 1219
609 362 2362
925 1077 407
671 831 84
355 720 1558
255 395 2069
895 382 1509
516 69 1460
678 116 1516
129 566 920
1059 891 1131
471 1037 1057
979 553 472
607 246 1401
681 1191 1679
996 717 2166
909 799 2278
642 500 529
737 558 1753
1002 353 256
705 162 1951
6 1187 1695
61 829 1664
644 551 1028
569 1092 1814
121 701 2380
1191 1190 730
323 624 2066
971 1098 1292
807 921 87
686 684 707
866 49 1908
615 1182 592
47 766 1559
726 1066 1810
559 842 2321
1076 617 586
1100 122 2345
848 276 1627
1191 1071 1933
793 517 281
149 97 308
368 311 2048
118 1165 355
193 1181 1606
1157 749 913
970 635 2307
698 572 1637
459 603 1584
82 885 835
569 126 528
430 906 1450
451 348 1590
259 753 755
1005 254 1056
1130 443 1594
777 297 1023
648 290 1769
203 353 1855
783 697 96
806 587 1246
1075 450 1896
722 591 1190
376 948 141
876 396 1112
303 141 1640
359 290 1642
1127 892 2367
957 455 1691
728 106 2021
690 145 859
366 21 1528
185 648 251
532 531 2374
819 325 111
346 450 1760
393 968 1095
683 577 2009
1135 869 2098
1066 119 1177
1048 649 1527
97 539 1045
1125 610 819
983 350 152
670 849 511
161 216 1381
505 517 1784
402 853 2194
742 401 1972
1036 867 1706
299 1075 81
535 270 1754
771 111 87
756 638 789
1021 415 1724
794 156 997
1139 487 35
862 853 1462
437 319 80
259 266 1467
391 1061 2221
253 176 1630
757 1161 74
916 1106 1850
850 1029 2042
148 665 1247
675 103 1917
666 147 1216
1095 138 1286
152 822 535
795 7 2386
567 311 1904
1049 1040 1523
356 805 429
640 398 1761
512 267 737
1162 729 100
851 721 1281
1054 456 2365
551 664 1862
840 733 284
975 1094 1375
337 1060 2148
720 1136 1735
663 278 2252
3 910 674
3 137 1777
266 938 2276
122 860 1331
949 444 536
339 583 697
332 425 1803
1047 1192 360
959 912 765
1028 392 2342
617 295 1943
171 280 1145
929 703 484
764 1155 2393
379 1019 1928
723 819 877
707 490 2021
373 854 1382
673 286 1789
1013 71 516
844 826 2011
483 105 2169
863 679 922
1157 558 1197
1078 1010 534
836 301 1318
529 29 931
752 85 298
685 1111 1753
134 909 1744
375 626 2103
433 340 1298
405 956 797
70 653 1722
1136 691 2291
811 451 820
241 1048 1434
243 188 1646
1009 89 2341
214 561 1961
419 726 1828
234 98 1922
918 879 1452
1013 840 2351
1006 991 648
846 57 970
312 624 1006
374 483 1157
999 645 1622
341 472 1378
697 574 732
556 61 1369
921 32 739
500 902 1057
917 235 2217
294 124 1131
209 847 740
287 780 347
271 594 413
79 217 2298
1039 610 462
510 34 957
570 1139 828
65 617 1821
740 422 1057
385 362 830
996 1091 1394
862 861 819
606 907 568
264 601 2273
302 177 1518
1153 1144 2220
586 899 1598
727 708 2226
241 1154 432
1056 310 1042
803 263 2101
180 1089 1576
420 645 1910
421 817 1576
515 441 1360
1118 428 1339
286 1169 1462
1057 113 889
1029 374 691
567 434 2035
767 666 1639
724 704 2341
524 21 1593
1029 1032 74
265 30 2135
82 421 444
273 907 2284
1133 577 1175
912 619 2128
1192 345 1591
470 227 2067
646 306 2178
1032 1146 2094
728 893 787
993 1 2310
19 1002 1574
587 433 1990
293 970 1425
838 1054 992
672 784 2302
763 738 1602
710 822 864
658 1106 690
973 387 713
158 1050 1026
150 1078 1685
1093 1158 1724
538 149 1736
509 339 488
818 170 1800
1098 304 969
1178 1099 1288
905 404 2282
407 791 395
856 862 435
1038 200 2233
20 39 631
796 709 946
1169 660 2397
1106 545 2030
208 296 45
1058 1036 1320
401 515 288
40 491 1421
904 172 1077
594 946 1479
911 921 2021
793 420 1982
656 522 1025
885 815 2068
149 498 1925
665 449 1863
646 107 306
1194 623 1879
244 1131 834
908 490 2168
658 11 805
945 1044 1243
1034 870 870
846 120 1264
758 894 819
571 99 2378
434 960 966
894 1118 737
499 193 134
1073 638 1736
638 81 1937
1147 456 817
1045 941 390
860 712 1692
1120 212 1810
118 157 270
509 333 775
1172 819 1224
1100 434 1204
924 319 1065
470 765 325
1195 1114 157
381 155 1305
522 118 2367
56 941 2037
274 856 1979
659 252 15
1166 138 1941
455 625 557
75 646 121
375 294 1791
709 735 1480
832 528 1387
648 66 1404
247 514 1179
654 1146 1804
1064 636 1252
918 774 2365
108 800 1471
693 342 2141
30 722 861
512 234 1479
864 587 348
227 211 118
369 742 1488
923 589 1117
339 25 2014
156 1049 1757
848 235 2221
974 548 415
390 413 1346
687 47 147
453 673 1374
976 108 71
1042 1151 1706
126 1040 406
448 930 1478
85 1178 1589
436 360 747
352 598 2001
787 308 1814
43 908 1522
633 242 1449
1006 524 1226
81 1106 1934
24 672 1766
655 525 719
188 526 313
443 947 2219
882 146 1186
596 276 1739
1117 725 843
153 894 2396
919 70 55
702 79 2174
1089 102 812
582 434 1046
617 1123 278
1141 117 1981
378 560 1343
1057 669 234
733 439 187
203 922 480
309 365 101
462 868 2335
806 314 1956
76 194 332
403 229 964
906 974 1656
1031 1131 1263
1167 35 283
1077 1081 1155
955 1128 259
1009 669 251
891 370 303
23 406 1942
717 1131 1510
458 753 1120
549 13 1756
161 620 404
222 273 1822
894 1195 175
581 601 1321
491 858 520
42 332 2314
828 171 2078
227 428 1188
138 226 1701
746 820 1384
953 281 1451
1119 67 1848
935 847 1979
921 933 1959
909 666 509
1062 901 2371
146 524 396
569 296 2279
423 330 760
445 109 90
123 1106 1041
659 541 1739
760 1196 483
135 1081 2231
598 757 967
915 673 480
258 150 2186
1199 187 424
44 407 832
653 445 819
682 1015 290
249 357 1521
685 205 1033
1128 358 2128
810 935 1887
667 132 1871
1140 362 1891
302 422 1471
62 360 487
844 697 1691
1010 841 475
229 156 1632
480 983 811
176 208 287
967 1028 14
287 598 1744
557 358 1616
1154 969 650
826 725 100
1007 1094 422
1039 733 2398
513 437 2210
925 408 1544
435 704 1631
991 352 1116
228 1044 359
883 889 269
933 217 28
558 877 117
722 860 1159
296 1001 40
218 131 955
633 532 121
177 731 924
692 684 1348
1008 832 1689
265 580 1775
934 809 2292
1189 965 1263
582 178 1974
678 714 1064
1179 1134 2211
962 227 1246
752 935 645
619 481 870
1022 618 2067
1146 272 1850
397 953 29
1037 31 958
94 702 181
361 258 3
1009 195 1428
1142 357 698
398 165 1732
56 872 539
432 246 748
160 552 1715
307 665 2143
470 99 2037
298 626 2092
6 884 586
610 844 933
868 704 1036
335 424 1049
1015 688 1475
196 796 700
433 52 1459
598 330 2088
822 341 204
285 711 1799
77 310 907
171 924 1148
599 1115 469
254 993 1741
177 1031 1257
660 975 369
202 1079 109
306 661 1843
648 424 1169
549 267 549
605 355 471
428 539 2091
1079 651 652
647 752 873
600 1078 1211
313 169 1513
566 438 1779
688 509 103
348 527 1605
564 726 188
961 153 1632
413 849 1323
67 307 2395
249 152 1981
8 992 1329
1178 432 2369
1025 600 2366
1099 263 1970
1096 176 779
228 546 130
53 592 149
270 814 2042
435 602 1054
795 805 1787
377 483 61
716 64 185
300 806 51
703 924 1594
952 542 2157
379 1129 210
371 746 1639
1054 169 2059
522 357 873
673 310 281
427 1018 720
582 280 1555
972 948 1323
23 101 458
1183 747 410
995 94 1229
22 937 1623
254 621 1709
564 315 2039
183 248 2123
828 994 1205
240 396 812
441 473 1879
954 751 1910
139 206 1213
786 410 366
995 307 855
579 7 1182
677 280 780
289 921 1225
195 1019 1372
1184 741 17
1142 1098 1163
446 729 2024
158 1089 463
875 459 276
412 1049 2085
1177 485 777
656 807 1851
256 870 602
207 45 838
750 365 571
658 874 1393
147 1077 1162
121 441 562
555 9 1495
182 224 672
465 747 326
809 218 977
474 24 1017
915 95 2226
137 346 955
865 213 671
18 1070 1355
218 608 1288
838 301 1180
507 1173 1752
557 423 2022
316 952 762
1152 660 861
711 805 80
331 693 818
1115 978 284
838 1039 1516
471 502 1112
409 542 352
128 808 1127
0 123 1406
364 969 2081
721 154 2347
673 758 1405
815 481 2067
583 999 1524
432 820 152
991 157 1187
26 842 1103
204 609 912
345 190 1811
31 1171 1211
139 589 1027
319 931 171
674 160 244
599 434 1383
639 322 1765
73 1058 628
780 598 857
237 1072 930
313 725 2365
533 654 490
1169 383 1273
116 43 22
879 276 1613
433 75 1047
6 1151 1925
3 813 346
1181 1097 2388
208 335 956
701 38 117
237 513 1700
194 164 2195
1115 783 2231
328 948 265
1035 765 478
1132 824 778
311 1147 1082
889 1120 2376
454 826 1875
20 523 1010
502 999 1555
310 1023 1423
206 38 2142
1105 1058 93
1051 720 2235
649 655 2305
140 393 1690
218 184 1998
69 365 1159
52 342 1041
708 739 1725
1076 1050 2358
1074 856 983
1052 950 1021
798 7 289
517 929 478
411 52 1186
32 14 80
73 617 1258
616 990 1393
772 640 1075
887 1150 139
1064 610 646
485 718 1663
379 942 2201
645 0 2280
730 483 2064
511 744 1808
353 917 2328
563 778 1420
957 20 2161
877 356 2281
1162 685 1038
266 1111 1970
836 258 378
252 1189 1238
631 339 275
467 446 2095
406 233 1203
775 1174 1244
669 740 1171
8 522 1733
233 206 1727
741 273 2148
790 247 827
70 794 1078
124 173 911
421 133 43
34 111 1621
824 339 2025
484 251 1228
377 1108 567
185 563 1806
1166 1102 2078
192 39 1349
1014 231 671
528 493 1725
522 40 1979
694 759 899
1183 11 1612
317 1195 1741
211 876 2208
476 294 1468
163 447 1304
541 814 1504
201 99 1410
837 866 2021
498 597 1173
426 199 2166
229 752 973
39 346 2145
309 871 1478
533 752 6
1129 948 1819
881 247 437
1034 436 596
772 203 1771
117 285 1093
551 739 2240
715 1142 2385
447 1195 1471
1101 1156 1494
643 375 2335
1163 349 1477
417 1137 1153
801 516 1106
818 1091 544
426 651 1141
1027 90 1353
494 453 30
614 185 1458
848 1126 380
1046 796 141
320 1163 21
792 266 1535
721 1060 1599
48 413 1883
462 794 1892
303 429 2243
854 398 894
495 450 1227
283 332 142
759 754 1236
759 447 579
928 157 467
179 634 827
813 220 2321
218 1078 2359
788 604 1789
492 947 548
732 46 294
104 1069 1647
159 228 1725
982 394 1621
60 1029 1320
168 334 2200
809 1025 1690
1188 615 1127
261 153 329
36 365 1562
414 974 1723
426 133 851
282 498 1772
394 48 219
361 878 1773
1185 313 2042
190 905 1554
900 1068 812
1163 363 229
608 1102 1865
615 163 2099
1134 824 1058
1186 342 1480
765 398 2127
802 1170 1182
456 856 1594
891 726 64
868 31 1984
80 636 2193
32 261 1788
1096 38 2043
1051 225 1898
175 1064 2106
1175 996 2339
98 1000 173
247 435 1779
68 97 1550
554 604 116
451 191 1023
863 607 1903
751 179 418
1024 486 2052
252 12 2019
341 236 1092
1182 393 1908
941 12 1371
216 924 703
761 601 2353
585 205 820
1164 104 400
835 24 1426
691 665 2156
216 1068 1009
737 689 636
687 216 1592
990 1077 1435
985 482 390
150 286 318
780 1108 59
1161 818 1359
730 702 1011
85 358 857
787 788 183
217 988 2123
629 859 2273
1088 27 884
980 143 633
1053 1133 1696
617 1196 1281
1027 755 1439
472 274 2304
20 1121 1071
1095 307 1634
271 694 781
87 1181 2081
1036 373 1693
1085 557 1878
743 325 1138
165 1036 2078
326 250 2251
1097 855 183
1158 727 2263
741 165 857
700 867 683
810 1007 1480
67 1100 886
437 675 1923
90 581 2315
1098 996 1613
1102 18 1473
684 83 1314
704 1183 706
864 357 944
493 1098 2078
754 293 248
731 475 1841
105 985 551
1138 1198 2358
1176 971 1102
536 1088 620
401 944 501
199 624 1970
530 1079 2313
144 302 2141
141 179 2361
797 1026 1687
1134 599 14
1037 693 741
187 584 2098
510 953 720
136 123 474
814 1198 778
494 186 633
485 281 1254
429 1038 280
578 1117 628
796 1072 1312
258 724 626
487 814 746
450 59 721
643 31 989
870 808 1895
29 520 192
698 545 1591
652 209 656
1198 1187 1993
129 864 1312
339 1140 2372
730 874 1484
49 182 1431
339 354 1896
975 145 2131
280 1108 1880
164 1114 1291
378 1099 541
449 800 230
130 444 2345
725 469 478
191 620 1872
500 1042 1448
811 755 79
907 1005 2225
532 1174 992
943 796 194
334 165 2372
578 162 961
521 472 1128
613 1098 392
816 154 2241
174 1032 2082
1051 299 1003
567 991 207
588 1007 2005
246 994 1683
119 667 494
278 1145 1568
1024 912 554
665 889 2374
1033 840 125
136 484 1647
28 335 450
56 430 1568
521 537 386
112 75 1003
380 510 1235
432 988 2074
563 1139 68
58 810 2003
632 238 2210
444 694 213
776 431 2322
537 1192 1487
223 632 1296
249 16 833
652 812 132
156 240 2171
266 416 1245
942 660 2017
562 160 737
937 136 824
461 718 1328
483 630 1580
1007 970 1790
487 723 2008
30 479 1152
373 1041 2250
627 1160 2145
867 205 637
347 256 2205
1112 573 1255
466 1037 1051
119 1027 2295
996 1107 1272
1150 467 1269
1197 250 1332
637 715 1417
618 88 7
954 114 1507
426 1043 1593
481 116 1908
1032 397 2118
112 649 1729
46 49 687
586 87 388
1156 1023 2014
468 35 290
955 191 513
1004 315 1315
482 1034 710
1071 870 669
182 516 1103
28 432 2081
729 15 558
242 50 195
408 37 1859
27 339 385
646 46 1947
718 362 756
275 54 1096
995 280 110
762 350 418
1168 1030 1666
270 749 406
64 387 2102
612 1014 1260
94 1100 1359
852 957 1715
174 408 2093
890 526 2240
18 42 976
399 9 507
770 539 342
366 588 549
1192 690 2107
606 1132 310
283 585 1307
1148 66 439
541 359 1527
729 234 522
976 346 850
1124 736 372
505 768 82
365 211 1167
1109 535 1723
739 315 2336
444 327 452
900 930 1138
1082 796 2011
1038 1061 376
663 517 2314
1123 547 693
125 854 1337
24 731 1947
626 348 2144
555 952 2249
1036 545 921
993 509 2025
233 1160 1007
192 834 1851
572 903 1773
540 4 1847
543 46 20
541 1163 269
322 475 1724
255 72 2265
333 323 2234
93 713 1867
396 349 913
990 251 1326
1134 294 485
401 989 2216
152 660 515
1114 936 1978
109 299 1183
1174 1126 880
602 831 2127
353 168 186
175 751 202
419 226 784
692 12 1386
906 238 2221
686 723 118
1155 335 1888
898 1189 1105
868 77 1096
693 456 617
526 450 2174
96 418 1234
76 264 1489
105 1105 762
319 186 2143
406 572 142
167 927 243
922 1195 1356
767 890 1189
874 733 688
679 595 1653
821 190 603
140 606 222
308 516 2066
615 685 279
1120 863 1581
300 1006 1653
52 622 348
50 245 1727
1159 430 2085
886 92 2325
1000 1168 80
845 674 345
543 1136 490
754 562 387
785 708 976
93 674 1753
683 865 945
603 222 1295
1192 443 2332
1075 154 764
1110 217 1021
761 165 1956
570 578 1554
731 252 4
415 1090 693
820 868 1868
1023 904 1058
207 426 2360
78 261 1935
519 367 563
148 962 485
381 1126 263
817 811 2296
255 1016 420
757 1072 582
1164 51 1973
327 798 649
1150 601 168
210 793 738
382 75 848
318 778 1852
413 1053 564
914 457 1918
73 147 1636
661 378 718
62 144 1558
1068 737 643
225 83 870
810 61 278
280 655 1485
765 254 1388
546 854 2398
372 1017 1679
1157 475 1534
531 668 148
420 26 1445
536 299 889
40 309 1786
304 116 1764
919 578 1573
602 641 666
571 229 1075
1093 883 1016
689 159 1159
1142 536 1637
225 261 942
354 1182 380
587 577 1702
871 845 1030
736 354 1293
464 1049 1477
529 292 2040
638 797 2109
585 735 2129
543 802 1813
246 998 1584
1168 181 1978
962 698 1522
1174 43 1164
205 438 316
154 1032 199
549 15 555
916 851 1274
39 1159 1390
1018 200 546
924 379 1630
173 900 1056
565 130 162
925 904 848
849 255 2055
427 752 133
584 224 2170
696 969 193
562 461 2354
1169 670 2286
418 643 137
657 26 1391
868 282 2146
168 746 1303
289 787 1718
44 1059 1832
561 841 454
498 936 2184
178 1121 191
266 989 366
157 328 277
390 45 1918
562 1039 1581
1146 301 1889
945 816 729
526 954 939
1197 555 235
581 712 818
300 233 23
984 634 606
939 887 1273
542 1156 2101
8 96 1430
660 1060 1677
535 23 319
871 236 2244
1040 535 339
602 235 2275
27 924 108
349 759 357
938 872 433
22 102 2096
144 154 110
1162 1161 1221
1154 793 658
1140 959 1648
1191 827 252
789 280 1540
735 66 2097
401 482 1243
66 645 823
1184 360 728
1179 161 2056
503 1108 431
2 203 1112
725 499 2308
579 120 1162
869 772 1307
676 46 2296
468 9 2178
240 955 873
859 46 2250
417 510 28
669 543 1126
867 802 1493
215 477 1164
304 130 1321
756 267 75
151 67 1832
36 1003 502
603 938 1360
344 429 870
17 536 755
529 950 264
1167 1031 874
396 370 1016
350 188 929
1083 725 233
582 1113 2310
808 95 20
517 3 2254
984 743 7
895 709 1343
683 285 2118
166 336 950
168 964 2104
1081 652 59
154 943 1215
1023 232 1810
125 765 1903
664 1078 1322
137 810 647
887 1115 1743
926 266 2266
916 608 942
695 806 1804
445 1038 1930
92 886 803
27 869 2028
677 1072 687
63 578 71
552 41 1692
886 638 2042
899 180 622
530 433 2229
913 667 1540
882 867 1373
296 653 2374
1016 108 67
407 6 379
1086 492 585
205 519 1853
484 733 206
597 397 1703
134 378 56
529 228 160
474 158 212
78 846 2292
470 902 1406
129 324 624
784 514 2166
870 517 758
370 780 506
676 346 1911
814 772 357
696 623 534
257 381 358
1193 873 266
303 752 1910
569 218 2289
477 257 692
817 795 1241
1149 12 2333
560 164 935
314 335 837
819 707 2165
678 74 2104
1137 619 1584
315 1156 1607
573 83 1619
709 803 2033
235 23 1122
1088 197 1796
346 1059 1939
58 1122 1903
755 1113 933
703 743 1557
795 666 1052
497 988 1374
1127 768 1106
1151 564 1028
1196 1074 1342
545 587 1742
400 248 1269
169 968 602
873 31 59
201 1109 385
520 694 593
840 1030 359
1149 415 2096
1186 443 2161
65 594 1637
13 933 1353
639 504 1372
388 793 160
988 978 1774
811 567 2326
482 995 1304
748 53 441
86 590 1796
1110 946 2269
987 62 1198
1021 455 233
455 148 146
603 181 779
395 715 703
38 1058 1989
655 177 840
580 906 1000
732 470 1195
76 270 891
41 926 1843
333 963 901
707 998 259
922 1147 701
715 1195 1856
248 894 702
534 628 1711
991 467 1705
746 719 696
1073 960 1839
570 1037 1592
25 831 909
1071 168 1054
366 878 1623
277 601 1395
815 529 2284
864 574 2211
1047 1086 2227
236 1119 1038
198 985 457
1152 1148 345
425 1152 30
1092 873 25
132 11 700
393 835 1504
40 87 2140
481 233 408
283 330 1797
199 174 1830
1077 675 1413
84 974 263
380 342 2175
300 768 1540
441 907 773
156 1070 1013
447 598 1663
53 1167 75
843 308 70
1137 463 2247
738 1178 1459
1053 766 1622
787 1159 2261
162 173 39
45 899 255
768 893 775
531 717 775
966 1113 1345
132 836 848
1056 814 116
225 457 495
872 1120 1398
620 83 1940
448 648 1457
51 636 1238
657 230 1577
1116 424 75
504 149 1027
77 636 1117
889 86 2399
615 28 2329
998 761 2368
540 336 756
668 6 580
927 296 2009
635 795 1786
727 1178 1967
766 835 52
0 100 2161
982 518 1401
435 366 153
1032 943 1922
1115 370 1453
1110 1062 16
122 130 2216
334 911 1755
527 455 45
507 989 909
963 624 1285
177 763 623
927 48 1405
166 620 108
688 1128 1514
901 752 1823
780 797 774
683 4 998
392 829 1712
1177 379 1107
148 88 1211
286 989 2064
880 400 820
1116 31 630
210 535 2364
908 333 1950
599 984 391
651 818 2369
60 104 660
425 275 1191
456 355 648
1121 842 394
265 149 1453
978 710 2239
92 551 160
748 865 2382
886 306 110
276 426 1577
884 496 2018
629 206 1006
1033 64 320
1148 733 1603
298 34 1307
138 691 850
278 193 1376
323 556 582
214 593 859
213 295 376
600 673 2052
654 570 1094
417 58 1354
856 301 549
556 599 340
223 425 297
1133 878 114
291 206 1803
224 498 2107
430 467 2324
547 165 1315
592 48 2341
389 387 1275
1034 51 2343
30 1129 1543
485 123 2003
1113 1198 1442
1068 966 327
632 1018 1676
535 932 1433
827 1044 2328
666 1079 1221
689 181 1512
343 1144 461
845 1188 461
1123 668 2223
450 892 2131
511 554 2080
789 6 1040
221 589 1872
941 960 339
799 698 837
238 930 1840
959 49 104
1134 1161 767
1132 659 120
854 47 1288
163 962 2126
194 445 2349
591 80 424
476 1057 2156
32 370 481
958 816 2218
918 1069 1436
290 1123 988
512 610 2288
1106 924 1408
636 158 1564
784 1012 1114
174 486 1714
358 380 1221
590 20 1890
99 372 892
992 287 1211
1026 240 1564
960 1162 407
152 977 1835
1026 1049 2306
496 775 554
493 931 1340
1109 327 576
143 338 699
1182 1025 201
767 985 473
770 288 1894
566 359 2226
1101 455 1482
1175 453 1330
796 327 1895
31 137 188
234 509 981
699 304 1977
1028 693 441
907 559 143
1 439 2098
177 73 1799
412 941 1539
226 549 513
395 185 1491
860 426 780
1143 5 973
799 660 548
302 569 2066
747 1130 978
558 479 127
976 112 2333
1074 163 1577
256 1147 48
869 1040 1909
853 781 1816
1068 201 2330
1045 34 863
893 1043 267
898 990 2304
59 1053 210
740 514 1930
674 570 1216
458 214 1141
571 481 2286
614 1012 1851
803 892 870
78 906 2225
1082 733 525
989 713 338
21 461 1498
545 353 793
950 510 2258
496 148 239
49 116 343
988 537 425
96 54 1592
1130 368 2016
1013 1124 1401
681 148 176
48 184 314
110 1000 46
1061 406 455
892 1151 275
681 464 1511
706 531 745
1120 159 446
794 746 935
544 979 963
1015 433 65
272 589 353
1072 485 1410
796 942 740
548 1042 401
321 724 557
37 63 988
932 429 2297
963 925 469
846 417 1589
452 1107 1994
888 136 2200
1177 287 2257
1121 997 906
317 686 1198
712 620 530
248 76 2020
442 753 1979
107 39 706
1103 78 1289
691 902 1042
1156 784 1009
159 618 284
1041 1188 2281
751 372 1873
493 795 731
536 634 1330
619 593 968
477 880 5
1012 622 18
179 171 572
719 1114 860
606 256 1864
1146 995 137
13 450 1684
888 996 1860
528 860 2296
710 260 656
682 1157 2210
701 618 1765
14 317 1584
565 915 627
81 1114 762
394 1064 919
1115 829 2344
583 301 395
83 939 420
16 861 993
69 899 2130
460 432 1108
915 659 819
312 177 872
46 559 995
438 1052 1361
504 474 1910
145 497 1660
200 464 1234
816 510 442
892 913 1728
821 882 740
560 1154 1032
532 934 2318
717 943 1922
350 88 1950
364 200 2324
204 402 1831
520 1076 861
81 940 1169
1180 221 2260
464 8 1650
918 800 2120
89 667 1590
1059 541 1752
353 1163 2097
624 1159 354
187 94 1498
1093 531 1031
859 144 750
576 443 437
544 720 1850
226 1031 1507
723 381 1662
326 1143 10
1029 450 1267
1199 543 1489
812 213 216
766 446 258
45 607 1366
793 317 1204
551 365 788
921 384 1988
355 215 2017
1063 361 649
1102 1093 379
5 21 1775
411 262 705
375 691 1554
876 605 1414
307 990 2123
758 555 1646
1015 1083 215
1133 1078 1670
889 1005 1714
1159 308 1120
35 494 160
1103 719 887
115 889 999
742 38 56
828 837 1891
314 1156 830
479 570 109
269 178 553
209 938 517
406 209 1517
1145 875 509
230 216 1803
483 915 288
673 527 1179
538 146 1101
787 173 1454
1170 817 1732
981 1067 1597
1119 749 17
904 695 792
503 17 1799
336 774 181
568 151 46
783 901 1117
1193 51 1446
933 859 2235
335 87 1678
149 55 2367
1091 62 929
618 732 2304
1 98 1359
559 1063 1960
1025 82 1871
434 666 1521
974 979 686
690 259 787
422 1063 2312
736 228 311
775 399 897
314 1116 1723
703 1091 1667
659 578 1202
717 1048 2077
127 289 363
1036 98 1252
5 903 2151
116 1000 1187
286 141 1353
357 233 176
925 794 1507
18 1184 1141
210 479 2005
833 766 495
845 67 1091
1041 469 286
622 19 1420
972 356 708
1160 414 1763
278 1053 1974
156 1077 251
1099 1128 640
774 503 1404
277 931 660
514 530 1435
1009 298 1681
895 1018 366
751 310 619
488 560 1673
189 280 432
804 384 722
322 1158 1428
416 303 244
298 457 1822
68 258 412
917 407 504
107 935 823
1004 613 1998
206 1181 1917
150 14 735
912 79 722
354 25 1431
161 574 2116
244 185 1120
585 1073 2017
115 207 1164
170 204 2080
328 938 328
807 730 234
966 1158 98
733 404 160
427 468 1370
83 812 2242
491 800 1660
710 764 2251
71 248 157
1075 1090 818
536 272 1440
1112 676 1416
1091 1060 218
1080 843 499
961 931 1865
566 903 109
1000 237 86
260 937 1544
254 1180 1641
169 1165 2039
991 1188 125
440 409 1322
121 710 986
489 603 2257
342 688 1700
131 594 113
937 168 296
650 280 1797
1111 255 2253
325 816 917
662 220 1281
781 1121 2120
584 151 335
284 1117 2350
10 697 50
982 5 1222
53 540 919
803 314 2081
142 691 300
93 355 409
1135 520 234
90 337 1092
611 676 243
167 934 564
884 482 225
718 228 1039
1096 420 158
349 559 569
250 876 1346
1116 495 1785
122 363 993
844 300 1996
172 1045 1103
584 488 1539
304 429 1407
760 331 62
898 1093 968
57 68 1630
1040 828 503
466 209 2123
337 1172 815
899 392 1216
106 499 159
164 763 255
410 882 413
1084 993 449
791 394 1599
335 772 1398
296 1196 724
846 524 2272
568 1071 1171
830 590 783
935 192 776
489 145 633
114 322 679
1132 1089 454
232 378 368
722 481 1125
595 314 2190
275 389 1730
1079 400 1129
1014 1077 647
516 259 1751
727 66 2146
901 762 2124
825 891 1212
774 511 1288
866 102 1443
1130 1159 1396
1107 1192 1722
993 748 2023
825 890 1056
403 299 1216
771 234 553
953 171 1480
992 221 1283
703 479 1737
237 249 993
112 209 1438
524 414 1319
340 1 1320
581 834 1816
349 509 413
224 230 1123
392 590 98
61 354 1579
699 353 611
234 485 1595
114 582 2234
786 563 1860
521 867 27
619 275 2197
871 69 1539
382 1168 1889
1020 783 1983
1104 1199 972
739 68 170
1124 806 699
847 458 2273
355 901 858
805 383 1528
501 6 2242
1076 240 700
90 392 1365
196 1092 1232
951 608 1284
782 146 1410
881 562 884
1031 1069 1845
580 936 2280
372 1120 1698
851 237 228
905 883 1072
685 492 1749
301 143 1808
1190 65 1615
428 525 1047
604 840 513
998 2 213
93 605 670
356 724 1196
978 369 293
68 71 1119
101 221 749
1013 1054 2308
72 707 1025
108 1083 54
790 1180 2269
166 175 2283
459 350 1436
734 584 997
945 25 1513
374 1015 1717
964 390 358
1103 878 13
355 978 1545
773 1036 904
763 165 1759
941 897 1366
336 609 1358
707 63 907
986 459 1197
593 127 838
220 852 1009
453 14 2121
472 590 1428
733 990 1251
879 941 1876
1157 349 2150
1099 928 1671
56 570 379
1064 87 1681
660 1056 1974
697 278 754
734 165 884
1163 952 1425
397 1045 1658
491 735 1652
548 1085 1958
293 922 1693
730 629 1375
187 941 2206
944 804 1178
442 1196 1236
89 269 1286
888 101 597
1109 858 442
1055 453 581
1047 174 1912
1082 1158 2335
1171 1055 2110
239 500 1726
577 814 2347
226 70 2175
782 317 1715
552 773 2175
705 1130 341
444 734 1079
567 502 405
772 345 2172
486 151 1776
706 899 549
717 127 1883
1151 688 6
385 21 230
461 819 721
362 167 2193
973 13 216
198 886 1645
591 228 876
502 69 1332
371 274 854
253 906 1647
950 1024 1328
980 829 180
12 233 228
356 366 2284
336 385 485
999 893 1395
31 250 706
182 1100 146
858 214 2234
392 30 681
1133 1085 1597
672 904 2134
389 87 737
389 1082 1724
1180 1155 1943
1043 1132 400
1044 638 1069
206 955 2393
498 119 1614
950 919 1442
668 52 1152
423 476 1732
297 148 933
153 317 874
583 298 1227
159 360 729
13 217 2233
201 410 685
917 1123 127
948 341 953
394 770 2207
481 969 1624
252 560 2298
259 968 362
608 1188 1724
668 414 791
1175 258 1120
42 303 180
571 671 1739
858 623 1765
1130 943 1560
832 761 499
97 769 1518
712 787 1471
647 426 1671
812 469 417
554 562 771
22 802 1146
1054 486 1431
1004 665 1746
798 83 1203
518 381 107
280 843 1076
1131 536 1309
778 904 2242
521 189 1494
273 847 991
400 1001 217
496 120 1937
642 212 910
11 1021 1657
788 616 2150
721 278 2303
853 339 443
107 1034 1479
267 673 1808
0 499 564
170 996 232
351 61 1769
131 147 201
378 1052 581
899 744 159
816 1188 1877
131 753 76
942 578 342
936 651 2153
550 132 215
775 461 92
636 812 811
494 914 900
622 763 669
1082 957 1818
1136 626 321
365 209 2115
520 958 510
76 1053 2112
329 1167 502
352 1120 372
1093 351 1490
1018 680 989
475 434 1869
387 497 2260
431 991 215
827 420 2340
321 271 662
1129 937 2317
790 296 2184
344 763 992
49 587 368
161 401 1179
1104 811 1587
610 182 842
545 821 1108
133 207 245
550 215 378
346 769 2358
883 395 2134
1016 89 180
276 225 817
770 123 1209
259 3 937
1107 1166 39
936 572 2359
963 1157 470
155 350 2134
152 782 862
281 517 563
1046 437 965
95 208 545
461 678 2038
467 285 1379
1193 947 846
262 590 1418
630 670 2347
221 230 1462
1196 354 394
902 756 1520
134 113 1162
993 110 1817
51 548 184
220 531 486
563 924 2301
870 722 2062
612 628 1020
747 433 1457
399 469 1261
965 695 974
310 155 373
966 666 1334
525 677 2280
134 942 1560
190 89 1764
327 26 2271
119 305 2028
257 921 318
290 43 2289
295 287 353
413 506 1818
930 1180 243
336 45 49
1075 635 551
735 353 353
340 83 1950
73 426 702
670 215 1749
1100 615 1880
1002 1015 1844
608 782 696
894 945 2248
759 256 2362
1172 498 294
859 947 1747
1112 539 1032
911 1 840
1088 895 1167
212 809 94
203 190 244
391 889 1783
429 746 1642
469 922 163
377 242 882
283 687 711
593 887 1310
776 829 2234
579 1018 1597
3 1039 211
1149 48 1718
968 955 392
1091 407 94
410 1086 430
531 1053 1106
690 541 1822
135 1076 1072
797 765 1155
947 663 1439
702 852 88
654 374 696
213 1149 692
1062 1105 1331
275 47 609
464 24 1807
10 822 1020
231 998 1727
807 613 2177
972 1175 466
1124 1129 34
1188 746 239
7 313 245
679 1079 515
754 947 366
193 33 399
716 405 364
949 85 1338
1145 725 746
1102 733 1428
602 165 1160
459 583 1386
923 897 199
988 378 940
1020 827 1709
986 157 29
291 156 924
1048 799 1050
765 659 1824
1087 819 580
1170 113 1062
1198 490 774
195 1004 297
193 782 245
716 837 347
750 943 536
136 555 1441
542 543 459
737 64 1081
52 1080 597
7 786 1229
1057 950 623
77 409 2396
959 381 2136
754 208 2123
292 320 1852
811 894 1501
397 228 1993
1065 1010 2169
12 52 806
841 916 1624
128 527 1540
39 1145 536
1035 248 1847
708 435 622
238 775 33
507 1165 320
748 536 192
1060 351 1783
313 535 1333
783 1120 1851
172 895 337
505 423 77
503 1135 2257
1185 142 1305
193 1055 2194
842 775 734
554 447 1788
737 77 1973
595 128 1845
726 397 1043
201 280 9
669 121 897
1111 411 1046
262 394 1037
452 869 1558
1152 981 1199
978 2 1651
969 452 2001
575 1022 1106
21 431 2260
158 2 1344
1171 121 1054
744 473 2224
789 264 1240
340 267 1970
476 1115 1007
184 434 1044
80 677 2270
873 1186 958
762 1058 2085
880 449 1341
363 589 1917
399 8 1279
920 753 48
903 581 2008
243 253 2380
1108 162 1647
430 147 1586
903 415 1263
1024 985 2006
477 692 2326
38 517 1099
176 129 2040
1104 877 49
484 526 1491
1008 966 374
1178 807 1968
497 601 1879
213 82 2163
626 722 1655
772 256 833
903 825 238
169 887 1390
44 1074 366
41 90 532
998 1070 1173
899 1000 388
577 67 1502
191 637 979
365 723 1500
136 134 307
968 487 1762
261 994 2029
720 364 702
880 702 536
924 594 966
664 380 2143
402 374 735
803 0 238
1064 172 1553
715 238 821
1047 594 632
1145 1071 304
450 634 1132
443 555 1206
649 421 935
812 1028 1738
1140 1183 879
629 371 1227
16 972 287
839 211 1637
109 1185 1616
1143 118 982
479 669 1872
1137 190 1638
906 473 1500
173 286 696
309 1125 2252
157 788 2228
791 100 817
353 840 1150
120 226 1285
508 688 295
628 3 2231
872 1049 1185
169 193 1110
1084 476 1043
537 964 2160
316 987 712
418 586 907
406 920 411
744 887 1815
1189 964 680
51 725 1185
769 513 616
1113 364 2360
74 571 797
55 181 1350
1190 385 884
50 1104 406
389 915 2355
96 1022 525
265 1 1011
135 482 598
518 91 1776
904 908 191
364 844 428
467 1009 549
546 903 1186
745 1196 137
524 160 2131
1031 941 2225
944 599 998
794 635 283
835 171 756
1114 540 704
608 42 1656
928 1131 1883
895 228 1827
224 749 2376
698 566 192
927 321 210
805 234 1603
609 1126 967
783 68 1887
210 534 2095
920 284 678
842 69 1764
200 1121 1053
123 764 574
1123 750 2215
956 6 2243
1169 321 1680
743 445 2045
102 436 1514
1096 142 1982
1126 132 1349
830 872 1341
1184 345 1703
813 648 1299
322 535 690
616 662 1896
591 935 2151
878 326 1363
490 478 1634
219 853 1962
514 853 2181
957 307 1952
378 1143 1291
396 101 514
867 803 1775
380 627 1743
480 440 1523
72 947 833
125 514 1719
27 225 994
183 254 1960
14 398 783
670 714 1977
914 386 896
1089 362 1394
17 691 1878
621 354 655
388 1027 2058
661 698 587
250 827 14
744 429 591
891 246 1400
267 1193 959
75 496 581
188 545 508
1108 53 470
375 306 1474
215 202 713
956 720 548
885 768 1039
363 165 1701
147 386 2068
799 798 2117
113 305 221
392 658 1110
288 707 16
739 376 442
965 220 2167
232 1114 1932
357 315 1359
348 37 659
894 247 2064
471 835 2256
1102 814 895
460 383 781
301 1063 1735
215 895 14
603 406 2379
910 1184 887
84 662 1104
523 83 94
4 211 1130
1112 358 1910
651 1125 1608
760 148 376
333 727 1982
1143 201 1295
850 156 2099
440 740 980
657 218 2024
1165 685 2282
679 987 951
383 591 1295
663 503 747
486 141 1949
1046 980 2289
49 459 1453
307 352 800
1071 1091 1790
178 57 2357
994 1037 1884
89 1034 641
917 339 2212
45 677 1790
309 1105 2286
1090 1151 1352
714 617 988
90 226 2098
501 794 2293
1141 883 1267
823 664 2269
28 631 63
1117 150 223
282 186 2298
280 383 1036
139 950 1763
367 300 2153
882 691 733
114 799 1454
921 624 2215
906 646 280
347 280 436
693 837 546
1196 999 954
1156 1176 539
587 1169 1252
202 977 1100
33 1012 967
1172 1013 1656
865 116 1413
805 559 1193
835 581 1965
158 23 98
25 1155 2031
543 413 1396
1171 359 843
663 587 1349
395 997 2342
841 21 2233
473 1171 1301
869 866 14
1125 474 2019
1080 911 1193
901 359 1519
145 1165 980
490 486 672
1168 1047 1115
212 569 2386
1131 252 785
431 112 2193
590 1008 640
1160 856 428
822 425 1457
305 779 2002
381 797 2025
15 1135 2004
1058 375 1807
160 325 878
145 798 1922
994 709 56
104 574 1467
81 468 228
624 510 1671
1127 607 2055
147 753 1390
619 661 450
117 1169 843
537 306 1270
506 410 434
75 937 1766
200 721 10
26 1144 1756
1198 1162 1004
208 1125 264
1160 610 2243
997 689 2211
1180 447 1542
847 625 706
363 11 49
793 1076 822
220 409 1656
667 663 2094
1024 459 1171
347 1100 1686
495 478 1357
274 179 1553
285 421 303
956 1125 1437
292 931 343
1087 420 1584
310 458 691
576 209 1614
1049 796 330
1105 998 1386
909 213 2371
490 841 1050
57 468 1848
573 479 1496
1165 70 716
335 168 1223
1094 62 2307
288 1083 124
331 650 1801
966 528 530
1129 1089 266
935 647 1314
404 871 1112
689 258 1345
40 576 1883
1118 455 1919
746 865 1779
184 837 752
1005 706 159
1167 675 2267
1003 538 935
742 1046 319
178 43 1054
928 935 784
877 1013 607
942 899 865
962 701 661
11 325 131
637 143 2303
64 27 581
297 1019 2089
234 895 947
1055 240 1768
875 1182 1525
598 640 1900
914 163 2173
264 972 2117
410 3 29
438 899 2007
1190 148 2116
1122 477 466
840 499 2337
1002 740 6
960 1133 1532
1008 725 459
659 292 197
1085 208 1046
419 270 1031
798 585 1561
649 541 2321
887 541 1668
251 858 2188
331 38 361
635 931 214
997 719 1446
361 808 508
1032 1140 1410
65 182 752
80 560 87
910 1199 1419
295 1032 1505
843 881 983
830 448 1849
766 557 1327
980 972 1021
1152 624 469
153 128 209
761 455 221
740 671 2186
446 385 622
574 509 972
834 1103 1817
836 1003 478
1002 1165 1458
263 959 573
425 800 2081
716 37 352
564 1009 2267
726 1128 2214
1154 796 596
1097 581 271
338 816 1664
115 683 1085
175 374 280
66 1012 1906
773 1177 566
1029 158 1955
1023 923 1932
896 595 113
970 519 1284
838 704 1046
548 190 2385
645 12 725
1195 630 768
515 1129 1190
749 974 1242
648 1151 804
640 813 1231
816 112 1360
1003 519 286
926 467 2377
198 63 151
449 832 1220
994 1111 1355
763 134 22
424 453 1440
292 1115 1178
800 80 2252
396 416 453
239 497 1294
163 125 2041
103 176 2320
390 850 632
248 516 1731
837 162 303
424 960 301
124 920 1914
453 914 1063
42 68 310
934 264 812
327 140 1777
