1600
563 370 2176
49 260 2269
702 669 1360
854 356 2391
48 1517 2847
155 1056 1433
54 1284 3179
376 959 2256
1324 620 2600
540 567 2529
169 534 927
817 375 2946
1420 1281 2927
210 446 174
1512 1399 1482
1057 340 1524
1531 193 164
729 1023 1752
1118 773 1410
1500 69 218
905 1116 85
998 1418 596
301 396 368
413 179 679
908 814 2588
1243 741 1081
1172 993 1543
221 0 1292
29 630 430
1230 897 143
287 392 128
9 1237 2477
531 1577 2616
929 833 1459
294 680 937
709 255 1029
909 1321 2525
82 1199 1134
794 361 2302
1043 97 995
618 1326 2665
235 976 1305
1300 276 393
1392 1036 3083
1408 805 1894
192 842 821
314 772 1202
494 1595 963
872 110 3102
416 1025 698
996 395 1295
282 308 264
237 1441 987
406 476 1765
646 45 1689
577 517 1186
397 1564 533
1167 948 2662
1490 98 1512
1464 474 1900
475 346 680
621 400 2493
1287 291 547
1185 1388 2341
122 551 1365
768 1544 2863
827 970 614
1388 1279 1163
1161 361 264
260 1551 2232
1153 453 2076
229 1092 618
780 91 1027
942 88 1158
655 1358 1362
1364 875 2635
165 1561 1341
548 1401 2964
1160 583 2469
900 409 1983
1135 558 1854
175 1568 217
228 168 1794
624 854 1083
103 150 2713
659 493 182
573 321 3160
581 1284 1238
1563 1330 1154
942 1157 2638
538 680 222
189 42 837
926 1004 728
621 726 3141
313 888 1916
646 946 1330
233 388 1795
959 994 2901
974 1499 263
1540 11 427
1265 559 406
279 75 2055
1506 1584 601
592 1402 2706
290 190 1708
1015 780 2560
950 752 2471
24 671 76
285 1206 2854
1040 257 539
33 977 1945
1442 1384 2147
941 324 1007
1486 1381 212
1518 810 788
1311 332 2159
322 1316 656
1370 211 1568
981 939 2313
647 153 1255
1277 480 1594
844 1168 1765
1570 1068 1441
103 1212 1019
465 595 2370
134 1263 2443
348 1089 468
1440 552 3060
1390 1160 2991
633 51 2999
102 821 3027
100 1005 2325
491 1542 267
682 1521 1001
932 1341 3200
25 1227 2928
1416 1508 861
451 720 2162
886 106 1911
112 364 1815
609 94 1611
37 1320 277
640 233 215
33 1267 2137
976 454 1695
436 1285 873
657 968 2357
1534 1103 1194
239 175 2846
151 209 1336
273 971 2136
232 479 1060
466 114 2360
1440 464 2799
8 228 1953
1487 189 2164
651 701 529
1593 521 3195
313 1312 2125
1067 1579 2458
474 383 2139
593 829 1817
622 1295 2133
27 1147 401
707 1084 1140
375 2 1642
69 1559 287
160 211 528
955 526 2704
65 851 443
326 734 1109
581 1112 2577
634 452 1108
136 922 156
1317 1374 2948
653 508 2840
633 876 2414
108 53 1113
793 892 1042
1595 274 1387
1436 1372 2017
1525 1507 1435
396 1109 1167
933 1135 2822
22 374 274
155 1518 2063
425 1369 72
1140 940 1680
72 1218 1822
1426 1108 2848
424 793 2401
1176 1476 2183
53 912 3105
47 1362 2778
1567 746 1116
1186 700 2919
26 77 1468
1284 1315 1906
1401 1085 561
78 484 2684
28 14 772
541 1330 315
550 727 424
190 1074 2831
732 1291 1605
10 175 2715
822 915 2346
1308 361 3154
539 572 1448
374 414 1477
834 1431 660
864 677 2509
797 1142 962
142 552 1161
1088 945 2539
701 39 891
700 1074 318
117 1161 355
923 919 1115
158 377 466
255 891 514
758 1157 2874
1376 508 2164
385 840 3145
1578 639 1752
447 892 2437
504 391 1058
233 446 1659
82 836 356
1573 135 1792
45 61 1785
1093 489 1488
168 1576 1369
580 1106 2349
860 998 132
73 689 322
959 966 2790
1128 1401 1335
852 642 1411
874 1137 1460
1221 1478 2496
1165 732 2899
33 1311 2675
713 1162 2970
1380 429 709
95 64 997
443 1014 788
915 807 2159
1438 1090 1175
977 614 30
20 390 3091
1418 473 851
439 1430 2823
522 1205 827
96 749 747
1598 616 1978
1219 685 3024
715 632 1230
459 891 591
626 1057 2931
587 181 1131
348 1392 2334
388 471 254
917 1256 2265
427 1554 2781
1258 535 1013
1157 389 457
971 875 779
69 1258 1035
1156 1515 415
0 886 2222
828 1282 1900
742 166 2131
832 1209 3023
1333 950 2200
1451 1205 3006
800 1084 1830
1351 1062 1724
907 401 2042
567 872 1391
776 888 1002
538 949 666
814 862 2365
1506 256 1621
289 536 589
797 103 565
802 657 974
1097 1426 842
1065 1506 2141
1301 1439 1028
1093 644 1336
280 329 1145
537 294 1979
1075 1533 3017
581 804 2408
1266 949 2217
387 953 1987
575 816 946
1331 1118 3020
604 813 2960
1466 692 244
249 1129 2829
85 542 713
1207 175 1189
1214 409 689
1221 1395 3134
847 233 3099
145 626 1880
1282 58 3012
714 406 2845
86 300 3028
334 1100 1037
939 960 886
990 492 948
1371 251 3128
435 114 889
1382 161 1781
176 757 232
282 1365 2333
97 1578 1193
20 25 1256
802 1259 1077
1369 326 2778
654 888 2528
1262 1305 2922
1326 1127 2504
1536 1424 851
636 1467 13
1529 292 2298
267 441 668
1391 1225 1127
925 1468 209
363 498 273
970 785 1987
1061 477 797
1071 288 2759
820 196 2206
1082 891 2601
628 454 2387
882 606 2392
1122 211 1801
498 1291 1928
1121 51 489
1407 351 2705
3 1089 2733
1390 101 2910
1396 394 1260
1271 843 2503
428 1416 2992
1551 505 3115
1027 415 462
316 898 1511
244 232 1986
915 280 1250
1311 662 5
813 1403 92
1549 1468 3026
465 977 302
559 1165 1876
1283 229 836
1212 1106 2964
84 1304 2840
358 1230 1205
1145 597 2886
979 80 2510
383 254 294
1363 437 2627
1481 337 891
551 200 2137
1505 943 1760
772 223 1264
227 1188 2426
726 807 2096
1361 818 454
1149 1452 2889
1528 36 1863
1371 633 3112
793 770 1332
187 1501 3064
84 119 752
34 1489 2065
499 301 507
342 268 2915
46 1454 2314
668 1241 89
648 1016 2758
265 1074 740
807 1040 35
780 1322 634
1073 344 2527
64 1050 619
1254 655 1272
662 288 2194
1368 792 3100
476 844 1394
411 822 561
302 1105 327
50 1518 1211
373 118 845
1481 471 84
837 552 520
1207 503 2780
78 925 21
1486 1058 2484
1594 1372 2495
1425 1348 1775
450 1107 3154
778 1006 1767
578 96 2214
434 1144 2778
212 175 3125
420 76 516
1118 89 724
399 1520 1997
372 593 1815
662 654 2830
1467 603 92
345 254 2266
179 1122 862
1382 648 1680
1213 81 3186
236 559 2299
858 1484 1043
94 17 202
987 1162 2734
383 231 2930
980 1517 2524
1366 633 1246
391 732 605
1058 1350 208
452 492 2340
963 1122 1132
584 1427 871
57 302 1649
548 293 1373
1456 266 1034
1375 45 1634
970 217 2438
343 553 1888
1462 269 2197
1049 1435 1073
469 733 516
558 204 2889
32 1417 3009
685 1012 2091
948 1034 2507
1356 43 2340
1305 186 1981
652 1048 2589
1500 1353 872
810 1105 345
438 1028 424
1272 1109 2177
518 713 157
1120 308 406
958 1404 728
1107 486 1932
1300 555 548
15 410 115
484 531 700
787 1075 2574
1471 212 612
618 307 643
162 398 2973
684 906 2095
236 1144 476
350 247 2382
25 359 344
355 838 766
175 1442 2783
1235 26 2637
1508 384 378
506 473 1261
966 856 804
1427 104 521
1062 97 901
1448 1519 2699
808 457 496
1097 1419 248
1521 922 1282
866 1200 1618
666 1486 2806
1489 1245 2531
1522 1443 166
1062 897 2623
1437 1540 1792
846 570 1184
1302 220 2870
1245 1451 183
1022 693 940
330 1144 2368
574 611 2164
947 0 468
308 86 1898
153 452 2027
1113 1213 959
500 434 824
881 1200 2674
1167 27 1431
1289 373 2242
547 374 1449
1175 9 2231
34 1070 3050
1273 933 958
544 741 56
1484 851 187
252 113 291
116 1545 2916
980 96 667
1297 1389 2832
565 1029 767
890 442 254
1364 327 1519
1172 1046 42
725 1465 2856
1429 313 596
944 338 3054
1049 1419 266
1559 686 1310
1516 851 1874
663 1465 1675
788 1010 2900
1084 782 2771
1028 1223 202
853 159 2535
1177 763 968
263 288 3170
1533 744 3143
505 972 449
771 1453 2502
1383 683 2747
643 1027 3167
333 1122 1889
440 716 1876
59 659 2913
978 690 2635
600 198 2615
932 543 352
731 681 2634
1094 1445 723
802 1444 2453
1351 306 820
576 1215 1772
76 1065 1818
1288 298 168
1127 830 2105
197 1461 8
1284 557 1846
1593 514 1923
1573 1154 1272
579 1383 1137
988 1262 386
1413 282 1334
58 526 1005
818 1262 2541
1052 1225 3023
551 951 1924
433 826 2963
1358 1203 1970
39 1404 1981
1133 118 292
947 895 359
1537 339 1362
94 1399 1840
938 973 1401
62 703 189
1469 1499 3163
1157 1025 240
732 961 2954
1158 738 2661
928 653 2484
1399 870 2894
682 451 203
96 518 2219
865 1305 975
1495 532 884
1018 446 1945
1358 1377 2118
981 1329 3160
1269 80 2370
418 324 2706
1403 1580 3097
1101 1124 1613
892 541 1781
652 1472 1690
1472 1046 3144
597 1020 968
942 827 2661
869 567 1677
1259 1473 1962
1183 310 466
1208 347 468
632 1429 1751
668 1090 2313
11 331 688
1149 1392 2112
144 1140 1427
78 1342 2199
1152 1033 2166
910 1534 1677
777 1271 1005
1005 925 2945
1241 834 589
958 1129 1900
690 162 276
1031 1589 427
310 807 1218
847 571 2156
895 887 934
187 975 472
1236 1575 1921
907 559 1327
666 313 1226
1113 725 519
921 855 2646
1022 105 1534
285 842 1421
75 76 775
954 1506 3148
124 729 999
1167 857 2671
833 573 2802
1576 24 296
1466 954 3084
685 54 811
80 982 1575
1190 1050 703
1538 796 594
31 1593 3070
680 1275 872
1179 306 331
536 810 187
1402 1321 2873
531 1414 1921
10 27 1541
673 724 2381
232 815 1844
1429 1031 2074
406 1484 1241
512 1351 805
621 891 262
438 1365 1407
762 469 2682
873 1282 1553
258 251 134
1248 44 1784
766 1598 2749
490 866 227
861 709 1900
721 693 1248
839 1025 2175
1389 890 1136
135 88 50
613 1180 2959
161 1257 699
401 418 2924
740 1513 2335
975 265 857
301 1063 1370
956 1125 1205
1466 231 1506
1378 1559 2245
1453 1007 211
654 1240 2130
1011 1403 666
523 1378 639
159 1176 179
120 1004 51
1454 602 175
962 794 1068
380 1098 2789
238 1257 2935
1037 973 1990
12 806 2737
910 272 2814
575 1591 2803
1439 170 415
1546 215 475
1334 753 1784
996 318 2263
1433 434 2565
1409 1523 883
511 1385 602
1032 552 1499
568 1396 2650
1544 1283 2513
1003 1321 904
325 1419 1024
1418 847 2181
658 811 1424
666 1402 632
520 1236 2729
1339 303 545
57 502 1129
521 1566 2321
980 1113 2575
1580 31 873
221 331 1047
1098 917 755
74 1370 1087
1465 254 3003
1072 810 2242
422 565 1330
499 132 457
1050 1166 2384
950 388 88
1024 91 975
872 1482 154
209 1354 2809
923 1315 1290
1133 1302 831
1585 608 2334
201 521 2548
1191 632 3119
1414 511 2948
416 983 528
272 6 2560
897 860 1810
286 76 481
1007 1416 2916
267 337 2115
1372 676 2959
407 1071 358
472 413 1307
632 44 415
959 613 648
501 1570 1262
83 629 2921
1441 454 1644
1026 842 935
1270 1266 2681
951 425 1619
590 298 1778
307 161 154
1099 1059 1347
219 255 675
1365 593 1867
1427 45 376
1109 479 2271
664 952 1381
21 422 1299
904 736 1045
1265 649 2814
1396 1425 1052
270 1131 172
1218 818 2994
640 894 1264
1403 1311 1987
162 374 2723
1243 511 3036
130 468 157
903 1338 1037
328 1470 674
776 15 1677
1078 323 889
361 284 2488
1532 1296 1013
1159 516 1406
1430 1025 1256
981 567 2864
1482 353 1168
347 788 2807
681 124 576
406 921 446
270 1320 1478
975 383 1371
1469 832 2075
67 507 2559
143 676 2991
178 1584 1997
686 805 1162
1285 190 1064
1314 1442 989
857 1114 2804
34 214 1063
680 1486 2821
573 885 1274
908 350 85
1372 43 145
44 1017 653
225 862 186
293 1035 688
385 78 921
735 1394 2094
1352 1216 3050
1102 746 994
376 597 2087
14 1127 1577
414 281 957
1142 524 1906
588 611 1465
55 1385 1176
200 27 2730
259 1231 1686
293 273 2294
223 1335 3165
404 783 1730
1592 593 570
81 1065 979
1492 757 177
40 570 1501
634 312 270
863 205 2966
309 1436 2307
66 254 1273
275 978 2273
334 1099 2615
242 1288 411
453 238 803
240 876 2521
1534 1094 2621
909 1307 2762
1076 1421 871
1139 1509 2930
1398 548 1036
955 974 1890
158 1504 2433
1089 728 2485
1490 1022 2303
70 1298 1614
1276 1544 1263
919 808 1920
1335 242 2190
1259 940 488
857 243 2919
921 1552 2788
1363 649 35
1096 540 761
182 1379 824
365 1445 578
1329 1508 2473
167 362 1987
1029 1460 478
1169 613 2488
458 573 2964
1214 172 314
127 1545 3094
1384 1515 1839
845 1206 779
257 1524 2442
331 346 1594
950 1558 2153
1480 1237 2321
295 1544 894
119 1301 1952
1028 1437 545
1362 34 39
268 651 353
1144 823 491
995 1147 139
505 1302 2151
777 84 2998
41 95 2160
1274 1269 389
397 434 726
1441 335 1012
19 299 884
439 1331 1560
1285 693 2139
1227 166 2739
1295 250 270
1361 485 1300
1166 582 1519
1542 788 2045
934 82 1212
1104 963 2116
595 1575 107
328 65 2365
116 1030 3145
2 378 785
1032 377 1096
1069 1301 2434
111 68 2945
725 619 2431
1004 1028 3063
307 696 806
578 430 1990
449 1314 35
588 419 1628
787 163 1503
894 757 2572
478 944 2
592 1384 2152
407 1005 2390
395 638 1272
23 1309 247
1088 780 1026
804 989 1720
379 55 69
1578 1 1897
29 1511 417
852 818 1931
916 711 970
757 484 779
197 1434 160
483 1064 1701
1404 1519 2815
814 1362 2834
1091 1379 889
617 574 153
115 767 685
810 199 2726
1552 666 1799
1458 97 698
1252 859 390
212 82 2555
348 1476 2422
572 644 1628
1498 622 2798
636 820 2493
525 1472 2804
1229 780 2007
460 711 2484
1422 1410 2640
486 1232 2205
944 693 1675
637 578 2067
1254 1287 1456
52 844 2624
360 342 668
1051 1148 2919
547 816 2268
1030 14 1473
783 652 365
17 768 14
192 265 2563
1 706 2848
1290 29 2985
1172 607 1486
164 754 88
1541 1324 2652
1339 301 1843
687 162 2117
481 1200 1317
388 1220 697
520 1392 463
879 1356 355
518 210 2680
182 1545 1184
1566 1112 2937
431 1332 2430
1028 1215 254
4 178 2743
1468 1495 177
97 601 238
264 971 2547
381 1275 3044
883 413 321
1575 1183 1901
380 687 2832
1568 973 1874
17 729 1365
1171 290 1303
346 998 881
169 891 2560
511 1153 2002
1256 1103 1202
36 195 2180
721 799 2357
1035 1211 640
739 412 488
993 1143 2845
1264 134 1010
487 1236 2836
101 1586 1614
33 551 3098
190 145 2759
1309 1296 2239
1090 228 1239
488 1384 1422
710 58 2952
867 410 356
1590 43 921
594 386 379
1591 1512 2182
1371 1369 491
276 1447 1643
1528 88 2303
654 1202 3171
636 102 2490
1173 1381 3094
1205 1469 707
752 466 2483
336 1022 2194
631 1393 2008
339 1134 1358
32 532 43
1301 812 1519
233 17 1410
527 456 2115
738 782 1814
325 74 748
903 852 1009
691 708 642
347 1308 402
1017 265 1618
1593 861 2209
403 1587 1577
1210 596 141
1499 739 3190
1400 1217 230
1539 937 2460
1536 693 3054
727 1066 367
18 993 472
245 1193 1432
385 674 2078
442 737 2795
394 24 2147
555 534 2424
1081 407 1177
210 175 1364
1200 857 764
30 1090 1553
540 1349 2845
877 1178 1189
1186 228 1847
1296 703 785
449 1282 2473
826 322 1468
945 673 775
1089 740 3116
22 382 631
413 654 1457
1553 1584 9
672 876 1645
905 1320 2966
1428 122 2367
1223 1415 2862
808 728 1985
829 748 1866
68 387 2380
16 42 1702
1155 1201 295
1548 920 1815
999 635 995
1283 1122 2800
1374 1480 2156
492 1360 3024
205 126 1740
1084 356 500
805 548 501
554 960 791
321 747 1780
1187 1363 1175
277 828 200
237 1074 1285
1212 587 2656
988 843 846
1508 405 663
1247 404 1206
141 1096 1189
782 1584 509
885 357 1582
107 1503 1353
118 935 2387
650 1039 2784
227 1463 2783
326 1255 1384
712 690 446
287 1389 1301
1291 992 121
1500 1203 2777
585 365 851
1347 1354 1300
1250 1494 2157
342 844 3013
1082 201 316
1039 1498 1100
173 1202 1318
1297 1323 3162
541 831 1210
1561 79 200
808 867 1555
464 660 2914
1051 1522 889
989 1255 1550
1578 33 2879
1208 1015 2723
315 109 441
25 594 1666
0 1181 865
1054 363 1839
437 559 974
320 886 2227
186 707 2509
526 375 2669
1111 1064 2244
122 1423 1945
572 595 2547
1566 225 2197
1059 283 2483
1197 817 2629
1063 567 2671
286 1579 3001
453 794 2857
961 1477 2330
1189 1391 1678
1203 1092 1798
52 547 336
445 1582 750
686 1332 922
826 1505 376
287 237 2534
352 424 450
1561 1276 2675
865 1207 378
792 1546 1029
297 1075 2919
665 810 2705
1379 663 2710
824 1066 1434
1144 1463 2819
1220 277 2088
112 1127 2937
247 624 3107
1050 1487 1597
1526 1218 1970
1491 499 3050
278 924 1734
1400 303 441
1306 226 2589
1173 1258 1799
499 776 2976
397 1282 2075
1353 1382 2282
1479 1136 819
612 810 285
1198 1270 1306
1353 982 2303
1495 1480 1605
1015 537 1878
1050 628 2534
672 579 311
651 120 3046
863 1239 1199
478 323 1469
1335 1435 2499
694 1171 30
1322 1022 2414
200 938 738
1006 136 1650
706 617 1334
1340 1413 2812
836 1046 1622
640 1407 2854
733 332 2591
644 271 327
715 1087 1019
946 969 1870
542 1588 1533
1348 673 2363
456 617 2972
1241 1270 2969
356 592 672
863 1173 1908
1092 1591 433
432 1126 1278
177 1262 888
339 569 454
322 879 2368
746 136 1234
514 1083 72
1423 1257 2239
97 938 110
1339 774 438
1551 502 269
740 689 358
1077 1483 2985
737 716 932
1229 496 2587
1072 716 2324
481 1397 668
63 504 280
1127 819 752
970 591 2015
191 1402 2715
93 1313 1945
293 110 2376
1055 1372 584
777 881 2056
1506 612 1467
729 1021 917
1386 656 307
1161 833 2522
1434 352 2669
1184 314 2046
1471 639 3185
1305 1194 2519
1492 636 184
957 1528 2414
1432 483 288
1431 1467 2677
1479 1245 1754
750 256 374
1168 798 2675
1059 432 1652
1146 79 1082
1537 527 2555
846 545 1994
147 367 1649
1252 177 2116
493 945 1193
1246 1266 2036
1248 1122 996
278 1336 2996
299 383 88
1251 1196 102
1013 316 2730
1588 1031 124
1255 1159 1648
170 323 1618
420 1162 557
572 143 2239
200 832 1554
1568 1539 1644
196 1186 75
730 1223 2242
1234 889 495
1219 167 724
857 967 346
1416 183 2183
58 970 1376
1076 574 460
735 1164 843
436 678 2701
1374 1386 1426
791 1547 1242
1001 329 1292
1551 1160 254
246 948 1970
132 398 1009
1199 1043 47
1328 915 532
1545 1164 161
1487 1565 179
596 1588 3097
1004 13 1350
957 862 930
819 161 109
463 1403 387
1154 63 988
730 421 1476
364 264 1847
1021 1409 416
1527 1083 2817
664 172 429
1489 347 72
253 921 1296
676 1241 2237
551 528 3107
718 837 1109
1420 1109 829
1509 1287 1315
1079 891 2905
465 1110 1853
1222 476 1204
281 1060 3174
1152 557 105
965 1280 1829
1577 316 1397
194 727 1092
968 20 2349
1222 116 353
1225 771 468
1030 191 1013
530 1039 3048
724 83 2642
1292 593 2179
1291 327 2062
1083 606 1160
279 124 2922
974 1491 2924
1477 8 3145
1538 405 115
531 802 292
40 873 474
426 1389 1245
520 579 2304
1412 543 2071
1394 753 2693
1105 1093 1757
920 304 459
1462 1202 1100
1337 146 690
351 686 2495
1333 83 3061
580 464 1811
567 1545 1326
6 9 227
1091 657 2613
1354 850 721
455 1298 75
128 1236 2373
612 1043 1117
174 363 1721
965 261 1603
785 657 250
635 1534 795
317 327 1685
1019 1246 3143
172 1144 2566
561 1034 975
239 323 1906
1166 1169 1604
913 652 1660
1154 259 937
902 812 2430
415 1522 626
90 173 3006
81 573 371
490 1343 2009
1497 896 3065
1286 1205 1654
192 764 1243
485 173 1019
1345 1063 37
1581 272 121
1461 833 2759
468 1051 2420
436 1112 508
1412 673 2675
815 811 69
444 535 731
252 515 110
1413 281 2865
1002 1391 2553
476 481 1405
284 629 2579
129 521 385
234 1559 755
562 1338 2303
893 1446 879
1314 1084 1866
409 1227 154
386 1190 2625
1238 778 2172
1279 397 181
1326 1161 473
925 1347 1855
1136 1032 2263
977 1356 1261
196 1553 2097
1386 757 2116
1201 486 1568
295 1365 1309
508 725 492
255 513 2577
498 1426 587
28 390 0
1321 821 47
554 1182 900
1367 605 1884
1590 722 1149
330 1253 1951
457 995 2811
814 513 1152
249 610 1609
167 1381 512
307 919 827
1070 1229 2060
876 260 1076
1229 704 3122
867 1311 2221
941 539 1866
1362 1338 3003
1240 1216 1477
661 141 2373
36 1580 1528
823 36 2905
774 642 1620
702 1317 1412
1593 1040 2252
815 1008 2022
614 706 882
721 387 2022
1017 899 2409
389 903 3032
1169 1544 1837
402 331 1407
295 682 486
1359 1212 2817
1200 1403 730
805 1225 109
951 1122 2602
562 678 1921
871 1142 2936
777 1156 2154
1493 1217 360
1411 836 1940
1341 277 1928
306 1587 1832
1598 1191 3143
1071 472 3088
1556 1290 1848
993 1588 2475
1068 1423 1955
1203 1524 2060
527 596 1304
1281 509 1188
707 51 657
584 528 597
1582 1340 3042
927 1325 492
1238 452 2925
128 840 2685
1351 719 1093
1532 145 2195
228 1279 1658
1564 907 2420
92 1095 2801
540 1415 769
668 320 2123
1243 788 255
11 1246 2477
337 382 2260
1014 219 149
597 371 1737
1494 1308 2903
1599 1335 2213
1378 599 1248
1298 986 19
637 1030 776
1583 189 1627
460 79 1909
68 15 2289
1572 429 2441
888 202 672
765 133 2129
1433 1208 1775
312 232 2825
1132 798 498
349 161 2911
1032 125 650
439 642 348
1503 1062 1242
775 230 233
1212 1429 879
1007 783 1529
18 1096 1885
1286 545 2223
1163 667 2112
632 908 1646
1574 1227 2609
292 1458 2254
979 74 22
550 1088 2912
133 884 2006
1124 1590 1384
1448 110 202
431 432 1492
522 320 2978
1316 898 101
814 437 2540
1466 1077 1887
250 215 2920
290 1077 2935
169 1241 116
1178 515 3131
378 813 2592
1089 702 2215
0 356 2482
703 910 1586
1592 989 1045
887 1187 659
274 1032 2918
669 1214 3197
762 717 2737
1411 1376 3036
343 782 2436
1555 627 2226
1355 1209 433
1430 1194 2507
1019 1416 305
1012 647 1677
1114 1193 3199
126 1588 1135
230 953 2571
1433 632 566
1208 114 812
1488 1428 880
475 1291 2134
815 1271 1785
360 1239 764
1217 1450 1342
870 1139 2226
269 1293 486
623 144 3186
977 467 1452
1344 526 2321
986 386 2014
108 920 1977
734 622 631
1253 880 584
243 380 1536
663 911 795
42 584 1308
967 117 203
351 1070 2085
1493 42 3075
847 9 2080
55 1099 2477
1456 1545 961
254 986 300
315 1551 2923
1505 370 400
1160 1367 2881
709 1414 256
567 78 1339
543 1096 2293
892 93 1726
1186 906 250
1278 1570 997
1342 1519 2180
890 870 1803
1471 947 1969
1253 456 1187
506 217 2408
1075 411 3056
1436 127 2073
905 836 3199
442 469 1219
126 655 1008
460 1513 521
688 1558 1956
1268 441 1930
770 69 700
114 23 2836
1119 1175 921
599 1420 1551
147 165 1857
1541 56 418
576 520 1566
1187 1564 105
1506 1056 2564
608 85 3038
380 1013 568
601 332 1917
1315 1495 1066
629 808 1624
1445 758 1846
1446 684 1329
1597 237 2413
734 565 444
927 283 2283
294 1081 2067
345 561 1462
456 1414 3012
366 551 2200
1432 37 2745
750 914 1931
223 1008 1690
1369 1064 2133
417 1258 3091
1504 629 852
1224 958 2777
740 506 688
337 610 2023
729 335 301
1250 280 1428
1248 1104 1245
23 1484 369
174 1557 2643
868 401 1774
1087 1308 181
1448 444 1149
1328 1399 2590
469 210 63
811 1437 1389
149 898 1934
1197 1319 473
234 375 1814
204 175 719
1387 1568 1165
254 1526 2292
1424 1232 1398
677 1476 2182
697 1369 5
884 76 1491
774 1301 761
403 291 2804
1242 1130 2448
305 1166 2882
1056 241 1280
357 573 903
1581 713 700
1123 1305 316
1060 943 1234
1414 407 648
371 187 95
26 593 2996
1512 1441 1027
1328 1441 2913
1040 917 432
655 0 160
1537 136 3010
884 312 1233
650 190 2906
501 1338 2290
164 1532 433
1199 1090 822
838 1410 3178
853 508 1927
1429 411 330
98 1427 64
288 350 1441
550 25 1217
1532 399 2442
1001 1545 1189
367 1375 1278
763 66 421
446 1335 672
755 511 1313
240 1065 1873
646 1232 340
312 817 416
196 1382 2280
1053 1587 2517
1521 574 601
630 1063 2865
873 120 451
862 830 2677
973 184 1608
669 748 951
639 541 474
1145 239 1572
1454 875 916
1025 953 1703
1410 881 3004
454 572 2392
647 1111 1531
1230 435 1833
194 1022 1850
1281 485 1141
12 1539 1590
12 113 2959
323 657 2006
802 343 570
1489 1591 2241
516 20 2778
452 613 2962
484 474 734
352 1285 794
1439 1252 3108
1365 313 1647
83 154 736
1548 20 2666
671 614 1164
1541 423 477
1009 1582 1112
1332 1017 1707
1141 1447 221
781 1566 1281
419 55 465
127 292 176
978 134 2906
222 940 116
716 59 1468
1571 290 3107
1385 659 2434
782 1091 856
339 143 200
1341 1328 2999
888 796 2800
1364 1158 737
1438 417 1255
479 317 1872
1148 1426 374
940 640 2901
839 1549 170
1586 475 1186
1184 997 2306
1169 1196 2086
1041 5 1421
473 1279 55
877 947 2484
1387 451 1229
800 140 2316
408 928 2309
975 1199 2287
1397 389 827
1440 296 2296
119 1491 783
1467 1130 1466
1465 678 259
860 971 2581
1301 1117 2070
1594 502 3108
1368 745 2392
937 771 623
741 210 748
918 369 661
1247 353 2307
757 649 1302
1254 566 718
629 1589 486
256 1117 1504
691 1260 852
1121 1585 2370
1362 404 2174
116 1018 3051
604 1401 292
610 1458 2729
635 733 8
1519 1107 2338
399 493 1912
1255 584 1889
343 557 3129
591 644 1396
1104 1333 2450
653 56 726
1473 1178 2628
1525 1049 2756
121 460 571
1531 11 2413
689 1250 457
466 1381 1014
1196 489 716
296 1000 1979
799 1540 1400
972 1241 2480
261 945 976
1480 1579 460
337 1258 1949
1543 1185 2979
1335 640 2427
1268 715 2764
705 1174 1247
507 357 450
792 1372 39
288 1249 1828
290 645 2780
389 581 994
1127 445 2291
1410 435 1502
992 784 355
887 1517 2305
1444 678 2531
841 796 2996
748 1598 429
935 1144 2311
1020 1314 60
344 1471 41
113 921 304
323 125 400
936 1488 1994
866 1564 2289
822 858 2454
1220 737 589
1224 1583 1047
712 1186 576
1320 475 863
1244 416 1946
106 1525 2934
1401 494 1382
1555 1216 2989
1510 1469 488
1067 1413 1517
157 634 2793
1102 1297 653
1327 1015 1476
898 377 189
1488 1156 2193
139 1095 2610
109 24 68
384 1375 1072
953 1534 2935
693 1537 2328
999 316 555
923 785 1266
88 469 970
461 39 705
964 1554 587
1207 665 2223
1177 419 2033
145 1144 1783
63 234 2489
579 1451 1167
278 194 125
1249 957 2557
744 1383 1883
583 1084 2602
1170 1350 1843
138 264 1299
836 95 1060
834 264 781
79 268 2816
1188 697 2275
1084 613 129
775 959 2260
701 1339 2927
831 1212 1236
1539 720 2752
1088 832 643
1077 65 374
1205 329 163
72 51 1265
213 567 1830
1377 107 2751
697 678 2710
1007 1033 1832
1546 496 649
547 1097 87
47 784 1770
1239 585 2416
1468 246 647
1250 1261 2906
1517 513 1964
1383 475 704
311 266 1933
394 529 299
431 1404 1552
1170 85 3113
1421 128 2584
613 1030 662
353 408 538
577 1477 278
899 1141 5
590 787 624
703 128 2335
503 32 2924
241 1351 3092
39 104 1074
686 973 1426
578 1351 1607
1277 763 2339
1105 250 2067
378 1168 456
252 1277 2409
983 1456 2245
1227 22 1520
1236 309 2768
1457 81 1426
1401 251 2045
1486 89 804
1320 824 745
1005 1494 448
1086 213 2243
443 338 1289
1588 1497 2688
1498 117 1702
754 867 2662
224 1293 2444
1546 209 1160
1489 503 73
127 807 568
834 1288 1298
1429 1567 2615
719 207 400
778 506 2092
75 1313 1986
1492 1108 2825
29 1598 1460
747 1390 2735
187 361 845
1029 1468 2935
678 751 2685
427 392 792
1108 529 2376
576 391 3020
1330 1419 2143
837 981 2561
946 245 1856
1066 1097 961
956 748 1508
1336 131 55
1385 201 2808
183 1486 443
56 606 1994
67 1104 1778
300 1377 2102
918 563 1413
1454 1577 1196
1351 519 2331
1350 623 412
1058 1474 2344
1384 103 1035
749 625 1444
255 323 1847
838 185 2064
313 480 1346
1370 1192 469
781 1588 2342
1322 1110 2439
924 208 3000
1395 1101 634
692 455 1293
1035 727 802
1273 1043 2096
271 773 2708
528 143 521
1035 1111 1705
1571 506 1383
1110 1475 797
1228 1345 1845
1043 378 2862
1065 900 431
437 1558 3023
722 822 419
481 1473 1905
303 697 2136
656 728 1965
1192 759 2610
224 930 3038
732 1132 2983
1332 699 2984
297 62 2161
221 956 1735
992 426 1316
1091 1108 1540
1038 1010 2663
842 1363 1594
512 39 3142
769 649 2622
677 111 1309
772 1185 51
52 1115 2009
1107 1492 34
494 636 692
1008 575 69
329 956 1250
412 1052 1465
306 623 1055
404 734 71
718 1250 1323
1288 17 1791
1205 1529 1492
223 407 2086
1003 790 1057
152 1335 2343
1110 1329 3160
487 178 1122
154 784 3150
608 639 2741
1543 1591 942
24 504 2729
656 1093 2874
1054 497 2071
659 953 1984
1336 78 1895
901 121 2262
339 674 25
1268 1359 2223
336 1509 697
1238 1284 849
1188 434 750
355 157 191
185 1513 569
1406 1209 331
1449 720 1999
813 1400 2705
398 1534 3085
885 147 1484
410 312 1077
1271 1257 1075
353 1002 813
448 1062 1301
1464 1179 182
1461 725 3024
560 609 925
349 1453 3132
726 400 695
712 126 2923
22 490 1680
75 1468 3152
1588 816 575
670 504 3144
370 367 2370
92 1427 2170
973 1255 1566
1406 809 2746
833 635 669
1595 170 2000
294 160 805
347 1430 76
140 1573 3096
1125 1505 2246
360 87 501
4 64 3045
125 1120 3050
281 569 2980
1101 116 487
1548 680 1436
88 249 2060
965 681 975
519 314 1041
124 427 1285
44 334 621
1111 1280 2588
849 207 2764
963 369 205
555 1312 2586
1517 838 1874
1540 1261 2215
128 1374 824
32 709 1299
387 1377 1761
1345 680 2321
1129 1465 1815
1393 707 2539
142 48 1574
1318 1531 2447
1414 530 2642
586 469 2893
329 1171 3098
277 1447 466
1493 602 3097
1309 758 840
1357 1537 2420
300 613 381
702 847 2511
136 1591 1688
1061 880 1090
832 448 923
1589 985 1593
48 1203 2303
1237 1329 1386
441 769 1785
1211 689 1816
23 1285 2004
261 404 1185
211 1110 762
975 1075 1150
177 9 1054
326 1163 1033
87 1130 2662
848 379 2870
816 747 2558
994 1142 1885
1515 610 2567
444 710 1644
454 792 1989
149 574 178
461 2 2757
1183 442 366
988 1287 3147
83 626 645
855 97 230
237 820 2071
60 762 2504
510 123 28
123 637 2865
1004 1234 1793
1587 81 1901
1472 1335 1664
1222 965 2236
222 681 300
1325 253 118
1428 114 2007
317 1519 2041
1148 693 151
805 1491 2026
171 828 620
798 896 813
246 1129 1865
1388 1364 8
682 421 2135
1299 322 1865
264 550 1324
296 1276 2834
429 1219 2864
1192 572 461
362 1588 1621
624 1283 1637
789 752 2639
451 838 2841
660 176 1721
1091 1173 215
1165 1062 625
160 1345 51
545 397 1847
468 1055 2696
1026 863 1246
1525 1491 2336
1120 336 338
351 692 1137
378 733 2366
1292 803 2926
1411 728 1719
1235 1272 663
182 255 3020
494 857 671
1166 473 1973
291 595 1933
1398 706 2224
1122 1283 2361
1306 971 3128
999 627 35
210 902 1680
325 322 887
446 1389 2450
1176 159 1436
1538 855 3074
464 1070 15
1558 18 1027
364 247 466
584 865 435
392 399 3156
892 123 2790
434 145 3015
1317 1358 1345
935 1238 1150
848 31 2663
977 1405 2995
707 953 217
1425 715 1507
1477 1557 695
1209 577 2526
1472 55 2133
891 425 2211
1475 1095 961
535 642 748
1287 1341 2589
318 477 1551
1357 381 3172
1558 1292 417
390 1444 1671
1524 840 2898
1130 93 2469
511 658 2226
1193 459 2472
1307 1092 1269
212 1320 476
868 226 884
1129 618 2803
756 572 1796
558 209 1115
885 340 107
513 1344 2398
767 1142 1072
232 1334 108
794 1354 1035
1265 1378 2648
1 638 834
880 1555 436
497 1211 1889
1223 762 2218
372 1110 609
87 1049 1030
1279 1114 434
392 715 2498
492 550 1787
193 1059 49
1324 944 3193
864 342 2246
651 1444 1723
1027 1415 2720
1457 67 233
17 589 2095
1347 480 1550
593 135 1727
1096 663 2154
620 1455 2847
538 440 3174
288 893 864
58 440 1087
358 1530 2748
1529 351 523
59 1437 1725
1206 318 924
842 321 2690
1230 31 2867
789 809 1899
38 314 1155
86 855 2902
751 471 1201
276 101 2368
1295 64 1439
915 1021 313
117 1451 49
958 776 2959
1123 360 2191
702 862 1848
994 1301 3195
1581 371 2307
218 1032 3200
1060 1031 3097
801 1146 264
539 414 2703
1510 1297 1736
1502 1243 1442
45 1155 1812
1132 365 1074
137 73 220
262 327 847
542 1292 1931
105 386 142
1233 707 1590
879 878 2061
1243 1511 1441
728 823 2017
1331 532 1440
172 438 688
1418 1542 1890
1217 1057 503
271 1242 2706
1551 319 1381
820 1139 603
700 1313 575
1290 694 2876
159 245 1978
603 870 1214
621 346 980
367 1462 689
418 8 1350
1233 710 818
1112 790 2476
508 1132 2066
354 922 2407
1476 722 2372
51 785 980
43 861 309
594 1160 1031
649 73 1363
1030 801 1857
258 377 420
1193 365 1903
409 1433 2648
1225 1181 2391
715 988 1523
242 1074 2257
1423 1267 1138
1189 471 1272
515 954 1820
735 36 1608
1326 477 2815
102 951 2998
763 715 1311
1307 825 2889
1597 913 1482
1425 141 2182
352 292 2327
244 913 1155
1060 238 1889
198 138 542
1260 38 109
978 130 502
111 81 748
207 927 1654
203 1394 461
368 217 158
291 33 2624
115 1543 1494
1547 191 1941
1269 694 877
530 1487 421
914 604 742
226 159 561
1596 551 615
946 204 1002
1452 71 699
255 945 3099
1164 802 1151
931 1542 1557
180 552 477
1226 131 402
217 1150 1143
30 993 130
1552 658 1381
56 1251 2544
923 117 2773
1505 927 592
1131 384 922
500 824 1473
888 849 339
385 1433 1668
368 1034 1105
148 1500 418
258 72 775
356 701 2150
1067 1387 833
1228 690 1429
1386 1478 506
559 1400 2673
1154 1446 1063
1124 1250 287
1213 1565 1981
347 886 1456
1080 1493 1818
480 261 1407
53 505 2623
139 1077 631
370 357 2924
854 804 2048
692 1087 811
801 598 1520
1538 491 2073
1237 71 2291
504 1566 2360
1064 1287 893
512 1340 1979
1272 553 1915
309 48 1376
317 226 2277
329 576 789
21 1160 1086
1253 703 763
765 98 3174
1576 668 1060
661 947 878
748 1461 631
338 884 2295
1513 611 888
585 1569 2494
320 1009 3067
412 1522 1548
1421 1006 560
331 1333 243
1419 1435 96
783 1515 1643
1512 353 1836
419 102 2496
308 475 189
468 1470 2840
1023 1566 792
1113 1146 644
663 692 1954
1321 784 2650
1279 296 603
784 906 1203
91 514 3047
896 155 694
645 1478 2865
229 1387 391
387 678 122
24 851 244
866 576 2495
962 1250 1544
456 185 2223
725 868 955
52 311 2194
1130 689 1487
1498 1144 3027
1333 479 1541
543 1255 3099
211 1102 886
1251 379 2428
698 19 2170
1109 1369 218
892 580 128
673 715 648
1402 1385 2667
1502 107 488
346 477 3032
1096 1384 1417
835 915 2089
151 710 2276
297 47 1204
450 1221 101
966 450 2976
1229 779 2490
1212 1456 2806
265 1425 430
138 207 1500
627 1488 2256
1468 1296 2392
1345 1341 1689
1588 1083 2492
267 229 26
1535 185 3086
561 283 2775
902 740 317
1195 1216 2173
565 1019 123
899 108 2869
498 1376 1151
1056 833 1180
161 731 1251
841 1184 747
1366 1239 2251
485 369 1457
952 433 1821
1116 130 742
676 93 2591
1124 885 559
1451 924 2087
851 669 2901
27 1591 2908
651 1493 2837
201 1107 892
211 1133 2745
243 764 924
927 690 2725
1050 1012 532
718 853 1639
983 378 1934
860 1489 486
1057 1252 2130
1499 402 1501
208 1065 1020
151 388 834
1147 347 1378
1131 610 2409
904 907 395
920 785 2015
393 1262 1263
1187 1597 2449
1075 91 3191
533 821 1244
1285 33 1414
172 1148 362
637 215 2441
674 748 552
571 768 808
153 1462 815
940 472 208
1556 732 223
376 844 454
1119 1180 827
1455 834 2840
1242 396 2308
1044 654 1604
569 585 31
152 568 1708
1055 150 2295
749 944 484
836 457 2548
371 1028 2802
1083 243 2173
1064 1330 893
1596 965 2218
893 618 2106
443 1511 2522
1420 1231 1446
359 789 2434
368 948 2513
631 184 1870
1228 386 686
251 1136 1075
562 1228 1063
1095 727 1359
1042 486 752
122 569 554
1244 408 2586
1171 472 2799
389 1479 1388
105 820 62
692 860 2566
1129 91 1356
198 1324 2998
1241 1410 2787
788 1199 2748
1151 748 2622
1242 620 652
688 790 2263
1147 204 912
43 181 2573
990 56 1750
1191 436 8
417 672 2155
751 1207 3102
1316 122 439
266 165 1935
422 779 3183
1282 1061 1686
1068 1556 1680
877 1354 865
320 3 3081
69 809 2534
273 1150 766
1065 462 2740
1235 1588 868
1530 547 168
1145 295 1515
578 173 724
1137 52 1475
1482 316 2880
1274 1113 1336
832 1563 922
1575 1495 643
683 232 2381
717 1273 2262
1391 559 387
1120 410 2190
459 915 1892
1533 1349 711
1446 1077 1953
1519 181 2872
279 632 190
1394 972 188
241 1151 2993
1455 1548 2463
1499 806 967
215 1564 187
1376 326 3036
1583 156 356
945 1513 2326
1392 1499 2095
859 1340 849
418 1398 2016
113 1246 2583
1475 1126 2905
181 487 2819
562 806 2324
6 51 3165
228 1490 2712
1246 1355 502
606 1014 2259
1559 1051 1154
995 1052 2787
436 100 1527
592 1379 1976
404 150 2549
263 1502 2237
1356 1350 3003
561 645 2167
716 44 297
628 791 1227
1555 21 250
114 1128 1704
886 626 319
1300 218 537
96 497 1651
1386 965 2688
1233 147 1516
811 1292 540
119 1467 1520
1021 115 2227
453 130 1843
467 1061 831
1107 383 314
1467 1174 2489
1170 624 3038
895 1523 1634
1389 147 385
1478 949 1326
1180 681 740
442 187 2120
1442 442 736
134 474 263
1016 485 1646
826 1424 2729
611 1238 2780
809 719 2387
583 98 1893
1348 760 161
720 328 3120
825 1285 651
88 882 2521
601 177 73
898 1050 1778
185 831 2759
480 1575 1045
554 380 2661
202 604 545
1518 892 17
132 109 1867
1393 371 1263
1586 612 2829
140 402 3136
990 615 2712
1173 91 841
206 865 2805
735 1388 1371
916 692 202
1456 1580 547
1453 793 1661
233 716 2210
311 129 1033
1211 1173 1138
150 0 3170
265 1003 1667
928 671 880
740 909 1635
68 870 581
496 210 1348
316 257 2090
641 1552 747
1263 866 2661
115 751 1247
230 715 412
1048 647 2966
836 891 993
648 972 134
494 957 1307
1563 1230 809
54 1147 370
713 880 2165
281 1035 89
289 1524 1095
1235 947 1090
917 1524 2887
925 950 2216
1584 1534 1029
1524 963 1895
301 337 2679
474 883 719
1106 728 309
1010 655 2432
903 133 1065
266 874 2009
1236 232 1171
1343 143 1397
118 1144 259
405 1407 1367
816 1547 2115
1018 814 2286
491 1395 267
3 1441 1788
480 548 2740
1088 1104 2973
1383 332 2310
918 971 2966
1157 1126 567
1125 871 1141
1267 1097 24
1359 464 1707
249 14 1575
1340 986 2577
35 1567 1523
1587 457 1077
250 509 1596
935 836 1717
519 35 2364
452 1355 2742
858 31 1203
171 66 163
893 568 1915
976 1508 2368
675 136 428
1374 682 1159
463 1257 2205
1512 303 2246
545 62 1054
1491 788 2209
1133 1461 264
459 1411 2659
979 1431 2510
369 425 2233
1275 958 266
1221 565 590
1476 1148 2955
774 359 858
1156 1389 2332
42 81 1887
179 889 2514
1014 1137 1205
532 846 1702
445 144 1218
1301 702 964
1220 1263 2535
906 1463 1857
542 1070 2328
1379 313 694
365 674 366
69 1326 1037
991 963 461
873 15 2382
467 131 1526
324 635 500
690 187 1157
985 469 994
449 1049 2852
1133 666 459
482 1474 923
207 922 809
922 988 2239
671 725 3150
358 536 2970
1166 742 1630
1384 1239 2423
1331 146 1746
660 14 2179
244 916 2162
272 1049 2605
786 587 869
1520 1065 1072
747 254 742
619 761 992
1022 137 198
1143 654 3148
403 33 3118
821 367 1303
774 824 122
960 418 61
1131 1058 1670
934 771 1775
1176 222 1384
644 392 1253
609 942 2507
902 649 2344
1573 1319 2424
1586 1525 577
30 1527 2749
393 183 1602
99 1199 2776
664 1495 2378
575 118 2111
693 784 1713
41 1411 1557
755 1309 1646
298 309 2513
1118 957 594
119 1128 2608
1011 963 1589
968 665 2745
1325 815 1478
1519 375 321
1262 757 462
1454 424 2839
851 241 1950
723 240 318
568 1217 914
998 112 1808
1054 1372 1744
1085 642 1003
1421 1092 2559
65 495 2244
861 423 2377
167 788 263
382 1321 872
879 1048 902
701 629 1886
997 1488 2061
951 1574 735
953 577 924
1264 1149 685
1380 556 1347
931 1497 1801
982 779 1151
1410 890 1848
364 1490 3023
1459 1429 1712
652 1075 880
1298 547 348
209 96 2928
708 1582 1988
373 660 394
1550 888 1570
1382 1471 284
882 255 1558
62 298 1431
1501 264 2051
1069 245 79
341 693 701
905 1315 1154
1564 147 2676
515 436 1723
249 812 1486
1583 703 2988
1561 445 1878
462 1084 2643
354 1245 2158
489 121 828
732 1210 709
1387 1012 1811
1010 12 1501
815 565 2383
334 1162 698
854 138 703
1402 1398 1877
1045 499 1047
523 645 2456
912 1342 1999
914 685 1624
1080 1140 1585
1458 114 2607
1083 49 569
679 1435 2104
133 1247 1953
1191 1250 2637
1433 1129 1769
850 629 229
1060 486 954
1398 1000 1145
592 263 2614
1502 187 3172
394 343 1388
736 1009 2898
971 1001 1031
1256 726 781
336 332 1344
137 104 1581
750 1221 2995
986 1200 630
519 1580 2591
599 445 2883
185 1220 1814
745 668 1983
355 84 342
999 1532 613
879 172 2965
1156 622 1985
1490 65 64
1270 960 2646
778 1289 730
296 1383 1818
1032 322 289
216 1182 329
91 1098 2224
1163 146 1703
990 487 1899
1430 871 2820
471 673 2683
583 1242 1598
1143 959 1554
211 833 2064
692 1339 366
384 11 1798
767 792 114
216 268 2276
751 1269 2847
1108 735 152
904 432 151
523 21 1297
533 971 728
631 259 2569
849 1102 1992
1041 1397 2162
1445 1397 307
1526 106 76
258 781 2381
503 1394 1895
309 150 977
373 1400 2984
291 1379 820
1062 682 2229
1509 611 2378
1041 856 2118
1322 512 1331
1034 381 2168
489 265 2434
1002 1317 3081
1486 749 259
214 845 2218
420 601 3186
1074 817 1379
386 82 385
272 1124 630
80 689 19
549 1400 2
110 224 2573
685 353 510
1177 1084 265
1276 1352 1457
1121 227 445
1344 888 1227
559 1498 778
727 1535 2812
245 335 1461
493 698 1344
437 1242 1124
610 950 2444
1474 1084 3063
1511 266 950
13 348 2622
566 1140 1037
1303 1575 490
345 688 1661
1424 407 1462
773 1320 1768
1441 22 1550
876 852 2236
37 1062 564
781 495 1877
1289 1185 1981
857 106 827
199 1383 1880
943 90 257
1514 1522 730
299 977 1729
10 887 3150
1347 565 135
1501 336 2658
284 408 2727
1185 1531 1497
1348 1281 521
922 1488 1073
338 1366 2201
464 193 1785
719 1499 1233
827 1270 1727
378 39 1005
163 704 2759
571 191 259
1294 1009 3123
704 688 2850
534 1102 3131
476 1414 378
616 929 1735
773 53 197
1443 797 1859
938 1279 764
779 1063 1536
1392 562 2814
600 938 1495
381 458 1707
333 832 2336
1577 327 3032
67 5 1910
723 898 1240
1158 819 2158
167 1041 1763
14 1039 1638
1137 623 943
1590 592 1816
1360 1312 329
222 1299 2217
823 903 1570
189 332 946
1309 625 1226
1274 793 7
1384 497 1363
1405 1315 192
644 558 288
154 442 2644
1188 803 700
919 1579 436
1357 222 1697
1244 1388 2506
318 990 1294
260 831 2486
706 536 1992
98 220 28
1054 502 1542
478 505 401
902 301 185
1341 295 655
804 1530 10
1597 24 502
755 601 2619
1159 680 1250
294 709 2237
617 817 2203
708 1444 266
330 1036 37
301 159 1349
251 1 923
203 1428 3012
482 752 2895
903 1072 2938
1111 14 2621
808 387 1400
874 1532 3037
1554 483 2676
1063 1474 2807
1500 1030 2223
492 557 294
704 1268 2425
618 717 2606
973 574 1224
1539 1230 1578
114 849 2817
219 1580 2695
842 72 2263
1048 1447 3122
795 642 2982
1308 215 1848
827 1038 350
1542 620 2203
1015 1418 836
1234 660 96
1308 1246 1293
1395 1171 2546
1450 1110 2960
987 779 302
208 1158 1339
468 1142 2307
1390 1447 1744
97 858 995
1112 1445 2217
791 332 1590
76 1028 25
11 368 2349
154 1594 2516
1061 1394 1967
148 1059 2874
111 1485 2790
135 642 1085
798 1491 1710
699 1531 43
672 1263 422
1510 957 1672
247 678 1483
438 209 1994
333 799 2672
206 156 3123
7 1063 1196
933 703 1975
840 85 308
594 1399 342
65 822 270
168 721 3170
1148 1258 1517
327 522 2119
346 1586 2324
1445 677 2363
1015 599 636
1178 723 1630
1327 607 2975
268 171 894
14 216 743
1156 221 542
1245 1309 3063
1275 251 2038
275 1413 3134
878 963 3029
377 551 1731
930 513 2068
703 768 2566
1210 1097 500
1511 1265 1611
106 1233 1121
30 93 290
911 917 376
913 805 3104
752 843 55
1025 307 2080
833 625 1242
1198 905 1287
257 1053 2558
899 781 1835
1432 186 2336
715 361 2167
667 87 451
680 1037 1353
589 892 688
1171 965 2926
1195 455 1635
1515 1178 770
1592 1210 1386
830 1060 1119
889 512 3087
1284 320 712
122 478 3090
1196 197 205
389 959 820
726 1134 317
884 536 1493
1330 335 2590
218 1349 3054
1269 115 2429
104 834 1330
445 659 1758
1485 887 266
104 1400 339
238 1249 1518
1180 527 807
1068 822 2372
928 552 3063
1200 1158 3080
1077 1007 2337
1057 834 2402
1122 707 755
760 469 2620
451 1576 2838
323 412 2124
499 129 1868
670 94 1240
46 403 241
1415 703 2812
525 627 381
1240 174 830
246 667 259
433 75 539
880 303 3090
583 849 2475
1201 1436 2753
738 911 1682
472 1238 3145
790 349 1211
1237 522 1171
1565 1383 228
125 591 2532
295 921 2407
370 767 3198
906 634 2101
225 228 540
280 399 2742
1162 158 1291
1358 1188 30
461 1303 2977
1074 631 2063
432 512 2030
131 234 361
1117 1224 915
1206 344 108
85 1013 3168
440 1144 1786
323 1585 2780
1435 124 512
223 1129 2546
72 225 1565
1323 732 591
341 1084 1001
840 747 3137
582 800 2406
1256 1570 2396
738 1064 1601
1388 648 165
457 1201 1550
1102 765 1197
421 260 2867
410 990 2155
89 693 2181
1378 828 1891
141 89 3045
1267 323 3108
1428 332 2047
568 1131 454
256 261 2158
580 1506 120
453 521 3046
1465 689 2175
157 481 2018
694 352 2224
225 1211 2653
535 1298 1880
176 348 2081
1252 544 206
1180 87 2105
763 476 2916
1149 776 1508
1568 892 1351
1231 41 70
609 508 2720
1164 1076 1102
271 423 3001
1195 484 2092
87 1237 1276
502 219 2052
1216 223 1216
757 530 2164
408 642 1799
1298 1194 2326
869 553 933
1153 788 1670
1031 530 1647
157 852 457
963 96 2819
1317 1433 1110
724 556 861
1082 1588 126
996 549 2701
231 1359 961
1387 259 2880
1376 166 2715
1447 224 416
1306 1025 1641
1278 175 684
838 273 995
280 1425 2857
123 78 3096
183 1599 1553
680 1289 930
1094 1505 1403
929 413 3075
1085 1579 1741
619 1169 1442
1514 490 128
662 1063 458
611 842 696
469 779 1329
824 1571 1632
1408 877 3004
1200 158 1488
1325 860 2447
1580 382 2023
1401 798 1545
1297 1531 221
1521 295 603
1507 1234 1486
919 174 2497
890 942 2857
1346 1219 1470
1122 1431 2216
937 976 1228
1224 17 1467
1446 1033 1960
714 862 839
756 1545 476
1129 892 1868
1344 163 553
1153 1299 2530
1579 226 2259
203 689 2328
1070 508 841
577 1050 1646
256 175 526
1260 755 1083
82 824 2719
1142 645 161
156 1248 229
1400 1251 2664
803 875 1761
264 193 1009
994 1456 1109
188 1258 1702
66 1063 1343
626 690 1708
1394 721 1960
1055 1365 1434
191 932 3053
224 1504 2421
1422 217 488
1165 1571 222
1421 127 233
1484 308 1545
598 1568 675
699 60 575
1117 392 2412
36 490 1521
564 426 880
693 1575 660
945 923 44
1083 370 687
269 1309 1665
139 460 1136
526 480 288
1232 524 2659
7 247 162
497 140 18
1520 131 2097
852 738 102
1046 121 1624
1460 512 499
60 1449 35
337 684 2223
260 864 2646
1024 57 438
605 143 1382
1462 332 2042
913 127 1637
141 519 1273
996 228 1524
1058 1129 1899
77 179 3054
1316 533 1806
970 1279 287
225 905 537
282 1444 1982
956 1176 2147
1053 1083 2653
966 630 1404
697 930 2353
1449 976 319
983 598 634
322 116 1907
79 249 2874
284 791 2082
1017 88 2406
1047 904 541
576 1397 2250
1174 1033 3006
1257 1445 3010
1557 1502 597
370 1569 1
821 502 448
922 1554 634
742 485 464
348 426 46
914 215 806
786 1197 2643
1480 1181 1627
136 1583 196
714 363 1664
180 1009 1097
141 523 523
1251 1208 930
1463 1081 1211
710 957 3127
623 389 1620
926 1594 111
582 499 2577
1448 1169 722
514 688 2681
306 136 1050
86 1543 1387
630 1075 227
627 1193 1554
264 522 1800
1195 215 2154
581 1511 2956
1368 917 1743
556 1547 36
626 391 1451
266 1055 1897
1457 411 1358
1168 1451 1416
1434 882 1342
1033 447 1641
1031 462 349
1097 1233 3077
1504 645 1531
1103 902 1942
485 654 3088
947 1417 1904
852 203 2702
1182 666 2397
856 614 1241
909 896 1847
763 919 3025
1362 671 497
394 946 1876
204 1003 2435
1484 1278 1361
667 344 2185
391 741 2042
1112 1300 944
1081 659 2212
1230 861 2098
711 488 841
1582 199 160
694 11 1144
1159 939 2962
606 962 570
273 1070 323
1594 1470 236
724 1183 2208
493 566 3002
1516 1233 318
487 1509 882
1065 1595 1442
1080 15 784
137 1333 1616
1014 544 2612
262 635 2070
1167 546 2088
1503 1413 3069
224 451 1188
423 689 931
316 1155 1286
891 1180 2721
925 841 552
669 1087 2165
615 478 899
997 747 2294
120 886 2413
719 877 1789
124 1544 16
381 1460 2064
743 1336 1281
509 861 2832
800 1432 2405
758 109 2639
1377 1339 38
724 688 1729
193 485 2823
1502 575 2268
74 1481 2793
689 1411 1040
1055 404 1159
628 1440 1789
910 940 369
1587 474 142
83 1423 2504
553 164 3190
946 1122 2994
826 1589 1126
495 672 2963
1034 10 2943
155 431 258
447 843 1177
843 1414 2484
368 1571 2397
217 727 1701
1574 802 2702
1562 146 522
737 1110 297
676 10 1059
137 1351 544
1360 1529 2634
215 1466 253
330 1199 244
475 1077 2000
1342 207 667
1352 1171 3084
1240 823 485
844 1176 162
811 1186 1771
1064 104 437
193 761 409
919 1121 1326
3 756 838
1086 1090 2626
1069 1435 2312
15 969 1
898 410 308
1456 764 3096
1458 716 515
182 1345 1157
901 542 1758
1437 655 3104
842 917 1874
960 1115 73
797 1504 1334
980 138 1194
314 886 1049
380 710 1496
677 1270 1361
891 1413 761
1093 253 188
770 834 120
1151 1461 1667
199 378 2551
498 219 2138
315 256 1044
221 1260 6
962 855 681
1231 84 1728
289 3 3017
1443 53 82
321 74 311
1105 206 1045
474 166 2248
1149 282 2714
433 447 1286
712 559 1581
1540 1397 179
1555 143 2486
314 65 1735
656 1426 2292
462 377 1874
479 1491 1378
625 669 1320
1232 310 2363
771 644 595
986 140 2889
729 548 2524
870 1166 149
302 1166 73
650 738 2309
792 1509 1354
1234 248 2634
1591 665 176
544 277 2571
419 909 1791
424 316 2841
1569 1249 2092
1141 1236 920
1319 1403 1988
496 1418 477
689 441 1102
756 652 2914
84 387 2182
1311 199 436
862 1516 1178
1073 1211 1287
742 670 209
63 1566 3162
528 437 739
670 1583 2489
473 260 1348
311 338 781
771 631 3001
1469 825 1727
731 1453 1112
1004 1397 2747
635 450 806
1337 1371 232
495 75 233
1134 1595 1568
1409 268 1373
160 1308 987
1281 1517 1808
524 580 2424
106 1183 768
335 736 2355
1264 593 675
688 328 1139
1419 1445 3020
283 133 1315
851 1388 194
1010 1538 2659
1146 3 2779
813 243 2111
1443 1376 1160
603 1125 2798
555 334 2328
59 1414 508
340 475 2264
132 1168 2333
534 1224 1542
588 416 164
595 508 2755
444 1100 2541
372 549 134
820 1360 1734
853 1312 2080
379 587 301
1137 925 1903
51 110 344
548 406 1685
642 526 1408
514 644 2037
830 47 281
467 289 1746
512 1492 2591
690 916 1277
229 845 242
332 1513 2392
324 233 2548
911 1495 660
1190 1384 652
64 30 2791
219 1237 1620
1047 314 235
186 516 1835
231 78 386
741 926 839
1283 1121 1573
944 1140 2504
209 927 1222
610 1155 1891
1373 736 3004
469 857 1431
752 546 733
930 112 1525
1201 655 2723
340 1208 1279
1437 1078 1829
727 962 3084
1100 78 265
15 681 2129
1405 405 337
1482 659 1038
1223 92 386
1215 1359 2698
519 748 1650
62 985 3075
1549 875 3155
1024 291 2708
997 1404 2638
587 879 2367
85 1297 2973
99 328 2392
108 1061 1285
983 1025 1773
624 1357 1953
1304 184 2746
1241 288 777
964 488 2429
674 1146 330
921 1579 1266
497 1578 1788
939 614 1993
753 1247 1152
969 1323 631
402 1566 2330
855 148 1705
1525 413 2045
1062 811 371
674 146 2122
1508 1445 2093
711 527 337
1274 1176 2550
667 421 2572
872 1140 380
1564 534 1576
1126 1293 1718
51 50 2344
709 850 2266
133 1468 2525
1470 988 408
319 703 2851
1171 580 1461
974 219 1967
1559 1486 902
1139 1472 364
908 1451 723
866 1523 29
1087 79 74
713 942 1646
948 1268 2412
530 1576 709
397 366 1952
471 1471 920
843 1460 388
960 459 3109
552 278 142
757 1531 2029
1003 1282 410
1086 1139 1017
11 591 1280
938 784 2875
1165 1393 1992
809 497 1810
768 568 1497
396 654 563
1026 1281 1052
1163 1337 1749
165 1571 1491
472 368 2165
896 62 1911
1124 1388 2221
520 1083 2254
192 281 448
1103 1058 1089
881 1415 1952
496 650 2403
593 1114 173
231 1152 1615
855 1348 1829
1513 1408 2670
179 1522 119
570 1550 2539
1370 797 1477
1275 360 446
630 1313 1940
1175 944 2428
158 1124 512
1487 1001 3188
760 1138 945
739 734 1412
215 66 3109
701 662 3137
411 346 1
1113 1228 2861
432 1378 423
659 950 2621
612 569 2416
841 330 1400
405 98 237
253 373 2666
1343 1358 2310
1543 1221 2823
825 1245 3047
259 1546 2809
813 909 474
29 1408 3
67 1318 2055
176 8 2015
1312 182 544
516 743 3120
204 1066 1645
746 415 2519
477 421 2965
868 1371 2872
1271 435 182
1313 675 2878
503 398 2500
874 1096 1107
1044 1159 1622
1435 52 2797
1541 1071 1968
920 1327 94
1115 979 2110
869 1321 762
270 648 1498
89 646 925
1203 1466 876
656 987 1627
501 587 2006
598 1558 764
1294 1341 987
912 1337 2002
1239 559 2141
1510 920 1127
218 418 979
571 23 1582
315 813 2286
1372 1129 108
1354 482 1345
1053 1295 1769
944 849 2936
353 231 1530
268 121 1330
533 263 3196
986 975 2912
620 885 736
1000 813 1203
627 111 2969
1109 122 784
758 864 399
1106 673 676
529 884 769
566 1433 391
1497 1579 2299
985 1088 1467
517 1585 1157
1470 1387 1536
102 363 446
717 505 466
466 1147 1466
50 1213 2635
1451 821 1281
1204 435 850
56 1473 3155
1043 1089 100
894 488 2875
105 1551 2442
161 319 757
363 246 1732
933 460 108
593 1211 1457
850 1212 1391
761 888 2707
1585 489 1062
840 63 1657
1196 1521 2934
897 435 2986
1114 672 975
386 230 261
1397 1338 2711
649 255 2570
741 1178 2504
542 1115 2557
1396 105 2083
80 733 1108
931 1581 2594
599 1587 2353
1310 1409 1706
823 1388 2332
657 436 2807
1447 594 1323
17 699 2008
1218 210 406
1352 1536 1086
566 1322 1942
172 50 2120
681 1303 1760
827 321 1196
444 1204 1689
1288 1197 2630
359 569 2145
988 481 1968
430 163 2922
1070 674 1059
163 906 2316
28 1003 1329
369 608 2387
216 77 3140
1046 850 2967
1562 1311 1112
121 810 3096
1557 976 1595
694 519 1610
1037 331 769
875 202 1256
328 32 1181
769 1140 614
384 453 3058
995 537 863
261 998 265
907 226 3051
1442 1225 683
598 1081 2790
414 1561 2371
665 1042 353
897 3 324
1299 612 1153
972 350 1150
471 1126 1750
549 633 2009
1193 836 420
328 928 1685
806 644 2756
984 440 2490
437 1192 2643
1328 94 2015
505 413 3185
1579 1447 1783
569 65 2321
1270 1347 1856
552 1553 1162
422 624 1674
531 247 2056
117 795 1166
127 889 266
991 653 1264
837 463 361
369 1268 353
733 1392 1116
744 817 108
500 409 1663
1476 568 2380
1478 1451 491
1170 414 2632
361 1230 961
596 1073 110
1382 149 64
639 1079 117
1416 1560 2006
674 811 2701
372 1505 1992
214 1590 1068
1223 1466 1923
73 802 2183
43 391 2499
416 1097 1788
560 684 3007
1095 454 3036
1481 779 276
1033 263 133
974 963 3176
396 882 737
1455 1489 583
1125 625 2085
1264 1162 1285
796 368 892
441 1367 364
379 1239 2348
1501 904 1092
419 863 251
238 936 550
734 939 1357
1340 995 2399
1066 89 1551
1197 1383 86
449 825 860
1045 1394 2051
788 40 1282
976 802 939
1071 249 862
799 972 1195
188 1263 3174
521 498 1288
402 1390 657
1557 1570 3057
985 287 260
1198 211 2656
1220 1509 2823
303 1280 684
1038 656 2532
404 1160 730
91 1542 941
847 275 1088
121 1506 248
334 1554 2737
1408 725 1907
342 912 1592
858 880 1119
489 1455 2906
393 588 2114
1407 0 2600
162 1059 2817
936 971 2492
174 1061 2210
704 713 64
1141 1090 1306
395 1525 2426
148 488 2548
341 1300 1978
784 1031 2078
2 522 2047
1295 776 1402
1106 1278 2777
205 1025 2696
1036 915 331
1092 300 452
1123 700 878
184 574 2803
613 564 645
1365 422 2820
1352 819 1544
473 1519 2940
454 644 2293
600 168 1982
1261 591 560
413 988 711
1346 1488 2869
39 1242 301
720 717 47
1349 255 1330
332 299 929
658 958 319
110 1131 519
1250 876 70
1288 59 1826
157 775 2459
146 1005 207
1003 952 2428
1280 530 2928
943 452 160
1036 1212 697
268 934 1564
242 1244 139
1268 254 2068
166 1525 338
35 208 2309
1276 1251 597
678 219 3200
1532 429 3041
1021 626 155
1066 625 1535
152 1266 1605
605 288 2782
1126 816 2252
1057 1391 1629
1286 1447 16
287 1104 927
1553 551 89
1033 835 158
457 1354 732
1493 1376 575
1574 1545 1956
579 332 1694
1450 373 2324
1311 19 1932
304 1470 1682
812 360 829
1021 341 129
1213 343 3042
517 1503 1726
362 951 1242
1375 1481 2475
643 471 87
800 315 1647
228 1549 2951
706 521 2320
59 400 2849
181 107 1845
598 1307 2549
1526 234 3093
684 530 341
209 577 2075
44 276 1900
1098 1106 595
275 1585 945
3 1496 1274
1534 1596 2741
1207 899 167
1205 1261 1448
351 1503 240
1430 44 2853
113 678 1392
399 135 3120
60 1095 2019
1293 566 809
760 940 427
156 1029 320
737 491 2146
1144 718 2098
1142 301 1224
547 997 1494
821 1278 575
1572 1332 1792
1334 1021 2277
950 1380 2859
675 1216 152
506 890 14
1479 1392 211
1290 43 2003
183 471 673
616 933 1457
1023 323 1209
1247 1591 733
432 481 2120
504 947 1016
103 587 2564
143 823 2241
1184 117 2052
104 573 2857
1402 1292 2564
1121 33 928
1016 581 1785
868 810 1638
102 622 2686
4 629 1057
1119 1133 959
933 1372 2606
424 527 958
758 756 1140
1263 329 9
1496 1514 2925
95 156 1878
807 267 2301
491 1539 360
952 329 733
1041 28 474
731 1155 313
619 521 3161
1451 689 1104
384 202 2108
630 4 1425
995 318 1393
1280 1160 793
473 344 1202
375 1036 785
81 1079 759
226 49 1326
99 1174 2105
501 661 1752
1357 1195 2220
1394 275 928
557 766 813
1138 815 1929
1380 1484 2733
1410 896 1562
561 767 2147
1000 246 68
41 978 1892
1417 1380 1080
45 786 2845
1285 108 489
591 578 2731
1045 1272 11
144 1017 1
256 1587 2010
738 1560 870
1339 1199 2015
49 574 1433
85 285 3128
1112 1221 112
230 1552 341
252 1501 2711
462 1439 1180
1146 268 1495
377 1543 842
932 168 1239
1026 1598 1048
782 1282 1545
423 84 2957
306 1276 1936
537 1561 1570
226 680 1397
860 346 3090
1492 1575 1425
386 1310 167
1342 818 185
906 391 1454
728 611 2874
665 736 2171
237 1490 1025
708 304 443
859 340 806
283 178 1668
1598 1478 1920
609 489 1693
1488 1478 739
1182 930 554
824 943 2682
602 197 2994
1080 1283 794
829 426 42
314 233 2145
1419 447 851
1381 930 2668
407 1182 2331
683 1323 2298
1225 775 900
1494 418 1791
756 1158 479
1152 68 524
662 759 348
341 667 2226
557 762 2655
90 12 3030
939 1373 2979
1064 1102 2771
524 1540 378
1389 196 3186
806 527 2076
107 21 1540
736 1077 46
2 575 2901
775 135 1588
143 646 1395
1524 1384 51
1261 1429 2415
601 720 3174
785 884 1256
1272 1576 2529
1161 486 2371
198 1543 393
331 915 2646
434 801 2758
1426 909 770
939 143 296
1459 458 3040
1099 990 558
335 1496 1097
1085 1554 2522
271 1525 1548
336 615 228
1115 474 3127
1150 223 967
101 1222 237
310 576 2351
1417 1150 2385
50 941 1793
1405 772 483
1330 975 2865
856 269 2813
1179 777 1059
823 86 1533
730 1254 1065
1560 313 2758
86 97 632
871 635 579
795 113 2226
168 1192 1980
910 614 915
1063 614 2889
134 1056 2304
117 1243 3081
589 469 2224
602 141 1572
446 2 407
528 652 690
62 1077 1782
1565 182 813
1590 893 1864
151 1002 2495
1128 1397 1501
93 628 2258
1377 615 3011
412 1089 279
821 74 2289
1278 1048 2437
1504 979 1354
241 439 1766
631 296 500
1183 593 1605
324 1015 2341
1070 254 2442
1192 1071 1504
1508 637 1545
526 1073 738
637 1233 957
1154 638 2986
914 1138 1700
966 559 1806
153 291 1769
327 94 38
1295 92 2309
140 1478 2654
340 1147 3141
65 376 1363
235 1051 2875
1418 752 3151
276 385 530
1271 1530 1305
1044 32 1908
1591 1541 897
1145 271 2348
170 1101 1471
803 621 2666
1487 1549 3085
673 591 1415
1583 1135 603
1353 604 1832
244 411 557
1009 574 225
371 875 858
972 1365 1234
1249 1491 1384
447 1377 756
90 1053 1645
1287 476 651
58 461 92
972 158 3114
673 97 1011
1127 361 1482
1491 102 1390
150 38 2112
524 1188 1996
873 714 1510
1379 1207 1081
1101 254 1084
1367 1521 847
1515 1158 1166
103 1267 1132
602 715 1432
870 1012 206
1315 1233 408
817 124 3033
1249 1430 2692
1459 1016 1223
1063 1029 152
1259 72 1731
912 1534 2020
727 1095 323
298 1292 551
949 272 2168
657 1527 1832
661 1132 2358
1329 220 2243
196 435 947
147 1174 2284
421 1465 3
1158 271 187
759 155 483
755 2 1776
356 66 2692
72 1586 1912
1478 1255 1356
1120 158 1654
1360 366 2004
362 1117 2272
70 1555 72
393 819 2512
184 1589 809
1511 1306 1164
1479 490 256
1283 1499 1522
1246 1060 2732
1312 1512 3
1245 245 1462
1260 401 1732
484 578 2263
1072 1242 1057
1598 277 2025
760 973 939
283 852 2489
864 165 3162
1557 732 1925
112 841 1693
883 802 1681
811 1488 3141
721 731 814
560 415 440
1310 999 2684
367 353 2178
855 1095 131
382 550 596
210 1480 2014
388 831 2979
848 992 2061
1227 1011 3038
688 1276 2899
259 616 616
875 1514 101
1294 548 1943
1549 1169 751
1217 538 475
964 906 468
1592 432 3101
937 609 47
929 1134 1318
1385 409 4
1319 1147 2765
1348 144 846
1 589 1518
1199 161 766
1415 711 2565
1025 1048 2080
418 563 638
481 1511 2032
614 150 93
1483 1451 2929
556 1338 2724
74 905 836
1162 1176 2459
1232 1102 2248
574 1493 1121
1577 478 1042
1102 1117 901
1018 273 3041
66 1171 2805
1115 1197 392
1480 952 2369
1534 1374 172
1008 1579 1402
138 700 2215
1554 1596 2069
768 1306 2654
382 1158 1222
653 97 2787
199 386 15
1226 55 210
463 686 2334
1356 1456 3148
458 980 803
1554 974 2420
121 481 489
289 561 748
1078 368 469
650 1006 2790
366 1577 97
840 285 234
61 305 3154
1303 1168 817
1337 1027 857
1231 1408 2370
1363 1200 429
517 1273 2829
1016 720 3010
589 1323 238
280 79 174
1374 672 744
1169 1289 2469
55 1300 2642
1310 689 895
1262 1246 1622
822 1299 1653
130 785 196
1545 284 1553
120 397 940
1358 743 84
563 1151 203
863 1156 1906
1408 746 177
514 1333 344
1248 1012 2303
43 894 136
641 1025 1129
160 82 328
428 310 1086
1535 1406 1728
197 1153 2347
1530 415 2218
441 93 3006
9 116 1607
94 1468 674
1216 1039 1982
1128 954 791
684 496 1488
1307 885 1405
71 1310 2500
1042 1368 534
776 1462 2109
722 1479 2656
1452 1131 2132
573 923 2436
846 1142 2076
267 225 740
1118 695 1592
159 1480 47
930 1533 1299
1326 147 656
236 283 1179
1576 1075 634
1081 72 2917
344 1576 3039
1056 1435 1152
1314 1033 2861
1051 748 2137
541 898 2470
349 610 2933
145 122 2388
114 1560 1318
1219 422 364
825 330 2621
699 534 721
987 87 2987
620 1390 1108
1461 1486 366
789 1033 2818
1513 1182 973
789 744 490
872 1464 2300
496 578 1054
1482 198 2695
1514 555 1057
1193 574 2780
110 487 2364
1455 983 997
156 1147 1184
1176 1212 879
1215 734 699
989 588 667
1574 75 190
1558 561 2189
405 1012 2782
769 570 1273
1012 542 50
194 1498 1226
590 487 2178
1558 644 578
1484 1570 419
177 775 890
165 703 1621
377 108 140
1571 1355 2183
254 627 342
509 1031 1219
290 475 3132
604 1301 1811
248 618 250
1182 1475 1136
1504 986 2307
1150 917 2082
679 574 2296
1450 593 1496
1560 1117 2299
298 980 2950
708 507 1537
1266 1397 200
796 1294 2332
587 385 1998
742 952 783
1549 608 3030
779 70 2780
1599 1020 792
458 1196 688
793 1328 2699
422 969 2929
1335 1597 555
1515 746 1508
332 400 1814
1095 59 2104
1116 393 143
131 1414 1198
920 499 37
1217 632 1428
1162 1346 1111
53 264 2902
993 398 2248
1043 1228 899
1135 241 2795
398 1291 1866
982 210 286
1296 1560 2169
1024 165 708
1308 723 1363
1232 220 1536
357 1237 712
220 320 3092
587 987 1767
911 29 2548
705 247 127
537 346 590
686 1085 2970
305 1469 581
901 1149 2571
890 570 3028
331 527 1509
171 102 856
752 1507 1418
220 882 2163
1079 323 2011
0 1070 972
1395 585 3031
63 1080 300
316 690 2829
605 541 845
1114 426 152
1031 1515 949
77 1515 619
1111 44 1507
529 643 2687
500 682 1237
935 1423 158
463 790 3051
1052 171 2556
955 773 1943
801 378 1278
1354 62 2567
1182 1183 2223
247 472 1397
338 222 248
241 1516 1359
1266 470 375
943 871 1914
10 1432 1616
1404 526 1362
1267 1164 2432
325 762 2613
807 775 2311
439 543 1424
208 1208 1056
1084 304 2851
411 212 819
1181 1239 1390
159 235 1487
714 1410 979
1090 661 2332
687 1387 9
292 1082 1524
1320 1193 1421
1490 187 502
1216 1291 63
886 771 271
1233 437 1260
1383 520 958
226 305 1578
1047 321 1432
319 1519 2179
858 1208 1771
770 1563 175
1008 904 2839
622 1497 682
310 1264 2893
696 971 1488
279 1447 1396
214 892 221
691 687 379
1178 1503 433
876 1341 731
601 665 143
1528 340 2514
1485 952 2529
525 1177 1506
978 1508 2854
1226 1349 1339
350 1394 389
213 342 994
507 853 1097
1359 778 1415
425 854 1629
788 285 2214
803 539 2846
776 483 1248
1485 977 594
695 861 402
204 852 3069
250 1232 2709
475 124 92
95 607 2431
1087 88 1444
168 118 1652
1463 137 3079
89 1095 65
1013 672 569
861 88 2847
1115 184 2431
682 1561 1797
303 1464 2469
607 769 1394
38 1333 2678
795 1023 1485
554 1328 2414
1400 1356 802
178 1586 1134
1376 1456 3028
596 1392 3151
1110 179 3175
1018 216 2743
1185 775 61
806 176 1870
1087 102 550
1190 569 2967
1184 252 182
1192 845 148
1535 287 866
1218 949 1637
1202 342 1700
1074 694 1160
1174 850 2567
696 817 1162
90 142 992
101 790 600
672 547 3082
1126 1573 606
503 743 1561
1168 40 665
529 864 119
270 1147 1181
1179 859 993
1020 1355 514
342 529 1725
835 647 1138
749 127 579
943 1173 2967
173 845 1935
779 532 70
283 1059 580
274 987 165
21 1027 1593
123 1028 1609
928 1152 150
645 310 2587
1299 566 1482
6 987 1356
812 711 928
470 1347 1439
37 666 299
1575 644 374
68 1151 1587
1347 1327 2503
455 500 3140
1529 181 2791
142 341 2983
450 963 433
869 278 759
766 1172 835
559 1022 2954
1464 46 432
819 29 2707
709 1479 2131
1296 516 2847
1412 1092 2387
1431 994 1499
695 1206 2288
828 920 1576
1132 1465 418
1579 1481 2582
118 1336 2979
180 733 1117
1006 1342 1091
104 838 292
195 1593 2996
144 744 2775
38 1590 448
1572 776 3196
1159 229 1069
1527 480 1735
1103 245 2111
924 687 66
563 967 2496
1443 1529 157
308 381 2812
805 1435 1004
19 276 176
488 531 976
734 1203 1669
415 399 923
762 76 2169
666 270 1361
516 250 2473
536 540 2825
47 1481 161
614 1477 2182
982 881 1194
644 96 1717
1202 499 3105
1244 1382 2830
321 1561 1726
7 1490 940
526 900 1869
1582 1038 1469
1137 1087 2038
941 1182 2808
1302 834 1198
1407 111 1431
171 779 2155
1550 1086 848
170 896 2516
772 962 149
240 161 2175
1224 128 883
961 102 410
235 539 203
1378 714 2372
197 1460 1350
361 1205 2600
173 1427 1807
296 822 2063
575 238 1829
1449 1389 1224
455 229 2657
754 552 65
428 1299 1134
126 15 986
2 874 2632
647 1215 2077
534 106 2839
603 1363 1165
163 237 2633
603 1085 2543
1093 884 2871
1459 1265 1652
49 1527 2638
642 28 589
765 1319 2368
502 1058 1707
1420 808 1202
1039 1524 2964
1550 497 2003
175 943 2282
1473 925 1769
1547 626 2152
486 167 1886
622 536 1888
898 1218 638
47 1503 1186
828 1325 2850
415 1116 109
1356 692 554
1107 1177 1253
1464 862 237
1151 672 2940
320 22 515
343 1569 846
707 1418 182
969 1186 272
924 261 3038
844 1086 1269
1185 369 192
1116 9 2551
1042 1309 2320
55 1020 1544
487 1288 2135
324 1567 491
555 790 1031
1373 675 909
1497 1354 47
1022 104 1682
696 625 1708
1350 1333 1460
1226 235 487
1175 1488 1365
1290 612 64
387 668 2535
726 847 1346
678 1450 55
536 369 1309
1332 500 2126
1098 1025 1294
728 220 1951
338 866 363
381 726 1074
1346 549 2785
1260 745 2147
180 1127 1573
145 148 1794
477 1317 2589
661 1567 2610
830 629 2737
1334 611 2226
781 216 124
16 251 1290
574 366 379
1350 1072 1921
73 1182 458
26 1138 1083
736 1434 93
982 609 1540
304 1155 2467
470 1190 289
143 665 2202
1545 1009 813
567 389 1424
1266 81 221
420 1266 561
428 1506 1333
564 1343 1970
1539 125 441
274 575 1802
266 1456 430
1315 623 1744
1343 104 280
1282 1364 2466
8 1029 1436
1413 774 851
849 488 1714
1375 681 1754
186 713 445
748 1580 1445
1267 1490 2217
1417 1309 1374
1099 230 1287
1370 1278 1371
535 693 718
201 121 2380
753 1363 2096
615 604 2876
1191 1066 1118
73 117 2372
40 32 982
184 802 143
400 601 407
1037 411 2810
810 193 425
1045 1079 588
326 816 1983
48 1351 2372
1269 70 2772
546 1041 2071
544 905 1462
1117 1301 2192
113 1419 2730
34 932 2553
1343 1259 8
1337 1147 951
205 256 196
183 898 2494
1240 1476 2867
1119 752 2316
994 31 2354
1072 1149 870
1138 579 1375
234 1483 3115
395 796 2282
1327 254 1064
1155 1355 1193
1369 761 1022
599 993 2368
806 1520 1869
652 230 2776
474 1094 1364
365 1123 2701
1391 186 2285
1563 346 931
1570 1109 1082
1028 477 1756
482 559 1678
1059 395 982
1517 1127 428
875 454 3164
597 1128 2529
1375 588 2750
66 1246 181
841 164 1329
691 1442 2321
434 955 919
705 1332 2408
4 855 1561
816 709 3138
1048 1006 355
510 1050 3043
305 1554 2246
165 25 2776
415 1208 350
1340 1200 1617
509 143 2398
518 1404 1327
1496 919 2667
1578 434 317
1190 1094 2537
1291 942 2559
1014 1542 2471
13 1055 2507
1584 383 1585
1554 1094 405
1579 142 872
1461 1388 1574
1160 1229 1998
543 1065 973
81 1048 3173
634 297 1153
1419 495 2933
1432 572 3150
896 488 1251
1417 175 684
1143 54 3197
374 1350 786
1073 757 1536
1403 203 2824
1572 1518 3104
464 919 800
926 1124 1807
1049 286 335
1409 1500 1424
1465 1531 1610
1533 171 930
194 1273 2620
759 1387 1272
1297 1324 643
1518 37 2173
638 1407 1895
1468 174 1159
297 979 625
660 1527 1981
1114 329 1334
679 515 494
118 419 2202
546 1378 2171
383 674 2249
31 732 2630
1047 18 1677
363 493 874
462 201 686
1332 1136 1516
1540 920 2226
146 1119 1808
510 464 468
441 160 1846
1151 873 1259
1090 1355 1170
1008 714 1758
677 958 2642
831 1022 1165
27 518 1923
202 617 1249
232 240 2298
642 1099 854
193 1001 1812
1373 602 1598
790 1064 2471
1194 611 2358
461 773 1895
1422 812 878
89 704 2720
629 1273 169
319 1022 897
93 1455 68
608 212 2715
318 837 764
916 272 1630
913 1557 2524
590 461 1165
948 1130 1221
1103 1486 869
1431 1376 537
878 1501 2648
262 569 1587
960 1577 2005
41 538 2552
1438 466 2853
886 1327 825
1210 826 2289
93 1416 1491
1505 406 1804
549 573 1939
1162 1272 2511
1209 237 1453
1027 880 911
277 906 668
700 1069 2438
1068 761 388
552 1468 821
366 899 2432
753 77 2765
784 1080 1790
1254 559 2105
504 66 2334
611 1002 64
1475 863 2425
984 40 1258
968 571 2535
1575 1091 1554
1483 1126 388
1483 984 2025
1366 1558 3138
968 570 340
659 288 1994
1531 1538 688
1238 1316 1535
1140 901 1545
574 951 2726
676 336 3137
1570 770 3087
455 926 1202
1245 164 90
1395 389 837
253 1498 387
206 757 1784
1019 721 1040
1181 1566 585
967 1057 462
1565 946 3090
1599 1163 1636
794 795 2091
354 872 1658
472 1115 2375
759 534 858
717 1048 2858
1052 1589 990
1058 1228 1094
671 225 405
123 366 489
1485 829 392
607 187 1062
862 1540 1865
374 1562 2055
1150 241 1015
1406 1033 1441
107 429 12
507 316 2938
485 1568 410
355 1518 2872
932 605 401
669 1317 511
35 1142 1579
1006 1016 1761
1495 1529 3117
1452 272 632
35 490 1129
1281 952 1954
1208 501 1013
414 1248 3033
175 50 2166
56 1466 1071
227 1310 542
1104 228 2811
466 232 23
1582 775 826
785 719 2551
1089 1277 1004
1412 489 1569
1355 264 2478
522 958 943
510 928 1079
787 191 231
900 745 2884
92 114 1468
1094 1154 291
989 1268 1719
1349 1034 1079
1202 336 1016
632 369 1495
259 604 305
570 282 3003
1580 844 2784
21 429 1602
963 230 393
764 1466 102
426 518 25
1544 1266 2496
1228 1504 3183
1225 563 1067
1403 310 2547
1291 73 581
566 130 3034
9 23 1561
448 1486 1059
1305 902 3168
1477 805 912
130 752 3099
1163 484 543
654 1228 1310
705 1320 2632
445 675 2105
1046 819 510
938 253 2237
332 1207 520
318 1133 1772
423 281 1997
1520 1053 1213
1581 196 1708
940 340 942
1092 276 2076
410 720 2211
969 1416 3060
153 773 1506
687 1012 658
217 939 2829
695 1153 2052
1282 1086 271
748 681 2165
156 883 637
1481 744 1211
1211 355 2946
1323 1540 508
101 904 1094
1292 127 2844
1434 471 181
219 800 503
1560 544 1331
1331 507 3136
350 33 2056
1136 1463 62
1158 1257 1026
922 87 290
425 117 2101
427 609 3118
859 157 712
730 958 1917
754 1543 927
311 301 1534
134 448 2048
1001 1494 178
766 1152 1998
1380 261 568
1034 81 1653
269 772 1556
782 1475 1821
1398 595 926
398 335 806
1139 221 848
951 334 2035
1321 1318 3
981 1032 2314
1503 286 1004
1564 837 356
1514 371 1323
859 1338 2352
1404 1287 2969
516 1100 887
360 1300 1915
911 907 1268
1523 1255 790
1198 1061 944
736 756 2137
685 1564 1396
626 1515 1810
1048 780 2456
616 1300 2402
1079 1020 854
1289 713 2381
671 160 2507
570 84 2689
1346 676 1068
1206 1186 2214
1546 1388 3180
1571 1140 2946
1425 1476 1132
76 801 2879
1498 1314 111
408 1106 220
1440 1101 3113
1164 1034 1505
1329 849 1137
1101 585 2965
895 1580 859
822 1034 282
251 1027 1824
401 199 1186
797 864 1837
1563 1046 715
617 872 2276
591 254 2933
1478 397 1915
625 404 2963
1187 1530 2876
552 667 901
1261 73 749
154 984 366
628 1009 1629
681 602 2468
1569 38 849
1188 739 2803
400 936 1776
150 510 1407
71 601 2722
557 1565 2656
636 476 828
1423 229 239
1242 1184 2972
375 921 3032
1507 319 550
374 625 1245
14 169 2440
518 401 3177
216 1113 599
1273 539 2577
1533 461 2422
1312 1252 2966
261 1469 1973
1214 917 1697
344 1322 2427
958 27 1127
285 1212 77
176 1260 2417
272 1096 2195
1431 1253 1438
161 122 2515
430 161 1486
1040 532 75
401 1348 1298
973 1383 2365
1469 712 2392
812 1193 470
1324 828 166
1318 1539 1053
144 784 2951
936 1254 2977
313 174 2040
443 352 1392
1405 1191 914
1189 1179 631
70 1320 2948
344 376 456
551 418 3127
643 310 1840
739 1488 1560
126 1469 2045
1310 210 1603
693 227 644
483 869 2493
525 941 1679
1415 1386 1692
539 25 2330
452 396 1157
1276 898 1496
291 327 2752
206 1146 691
42 1510 1889
1204 1458 1192
1589 1564 2301
1523 315 635
889 836 227
1292 784 471
74 1335 1603
608 369 2411
406 194 1501
1002 1119 1672
799 1468 2815
1529 932 1275
912 117 405
6 991 4
635 664 370
111 728 2838
878 446 471
1444 1368 2740
762 876 274
515 100 1211
303 322 1313
649 404 1694
1257 970 983
1399 1274 2600
1038 1495 2119
790 490 1142
1450 304 534
989 83 1621
307 293 2884
955 347 211
40 552 3001
1329 1296 46
166 730 1649
1399 773 2607
801 1007 2910
64 1367 2327
470 764 2470
377 1378 3177
248 1581 784
1550 1511 2211
908 42 3070
1005 610 2355
91 251 525
1355 468 628
364 131 804
1304 947 2085
1334 619 87
435 364 1880
282 1247 2880
213 767 2424
522 36 1036
26 153 3033
586 1209 458
615 310 2299
953 933 2391
87 684 2685
1025 476 76
824 578 2169
810 960 2669
359 326 1737
1134 278 996
1255 202 389
181 1050 1496
1548 544 1016
1349 481 514
353 74 251
497 545 3064
809 752 1822
484 123 744
1509 734 2106
764 1152 993
1595 629 2631
54 877 986
624 958 175
1094 1163 3182
930 226 784
1173 1151 2056
1152 47 2144
1437 127 82
1341 1493 1511
335 1001 1903
1130 1265 2373
478 658 1005
251 78 2898
589 734 1948
460 887 3114
1076 1272 669
275 1062 900
438 1071 88
1552 1227 1774
24 1072 3106
1517 677 3142
142 249 587
125 1502 643
146 772 3082
670 160 3190
392 1382 1103
1148 831 1326
424 943 389
1545 575 315
64 1475 1564
365 1388 244
1020 1444 1487
390 493 1233
639 507 1743
1444 1107 2353
1061 318 2648
1302 134 1149
929 387 2584
136 121 2452
1472 1438 112
302 329 43
1470 1120 2229
820 1586 1054
139 494 2141
188 105 2641
359 617 1243
98 368 1563
1286 1260 1039
1039 355 1703
1252 1132 2630
543 1491 1963
1522 1550 1493
1142 810 1550
299 440 2461
48 892 2005
1298 933 1751
924 1174 1129
140 503 2227
490 1531 2234
1108 795 2718
181 145 1659
667 222 700
1189 1156 663
764 155 2296
853 538 1564
845 1313 2634
1372 293 2687
1497 137 290
556 1041 2931
124 687 2608
1507 1214 1019
641 1548 663
49 430 806
243 1076 244
1038 547 175
277 1538 2876
1446 663 705
486 20 2217
846 747 952
1449 5 342
92 942 2780
664 146 991
1299 1322 1713
1338 644 1260
1202 1442 1325
293 1554 1919
1002 138 566
711 414 537
1566 1115 170
767 990 1984
830 1181 2738
1012 140 2482
382 881 303
1453 285 1973
550 1231 574
366 140 138
1476 1166 2880
779 1139 1860
845 49 2480
716 475 440
600 7 746
844 338 2660
250 610 1455
1284 1406 283
991 1188 1731
513 1465 226
229 924 173
696 1182 2415
1373 1151 1535
1453 716 3033
220 853 2268
615 605 915
625 694 2996
792 1374 630
1568 1353 849
728 1169 894
195 507 2388
1595 529 30
1201 716 1800
954 257 3060
809 790 2824
607 314 3107
719 1212 1076
720 1399 2966
135 849 3001
109 837 374
638 817 1159
508 778 3141
1355 547 2092
191 747 2027
1559 1369 954
1194 698 1784
1272 218 183
565 592 555
668 1053 2588
1277 681 2692
706 1266 2206
895 744 1423
515 109 410
1138 1052 2908
1135 225 629
191 1337 504
8 1069 1209
539 44 2873
1366 113 1313
1560 262 1070
1222 209 959
1553 1535 2940
1097 33 1709
1422 31 2522
1221 270 732
513 936 2873
71 227 2859
333 95 756
918 636 1367
558 1199 1346
511 1136 732
537 329 3157
346 1296 1328
722 262 52
1153 1126 638
1392 405 2722
231 336 1837
871 350 547
1293 1552 2643
349 1253 444
507 1357 324
7 998 2355
409 1343 1934
1596 824 2
1439 481 2174
1435 877 1383
954 1236 1012
916 1221 1735
1019 243 1299
952 1283 1756
915 1183 923
1256 589 2080
208 836 2040
1147 1442 766
403 451 1476
213 1497 1662
129 545 390
753 120 2154
1023 55 1442
158 1068 3176
354 731 187
665 1323 1751
408 864 1290
761 1386 410
553 1413 131
109 314 312
618 524 718
747 615 2341
904 1375 962
1547 269 2353
1011 838 389
1503 1436 1961
1013 360 2497
1136 862 2144
71 699 1427
1005 981 146
1078 909 1004
371 308 777
613 72 2349
430 278 765
84 312 2186
186 240 2680
1172 240 2296
1589 1061 1220
927 1039 2405
1338 1274 2577
893 690 2382
395 1332 375
5 235 192
901 140 2167
949 1363 960
457 520 2211
882 920 2103
80 894 2218
399 1227 458
1027 1200 340
786 719 74
634 595 2021
1567 112 1460
405 712 2833
949 1329 301
889 745 1581
1071 874 259
391 6 2989
253 1044 3133
470 578 139
458 1264 1894
300 54 1092
1416 707 1420
309 1168 2672
185 1501 630
200 485 460
20 596 1208
1263 249 998
967 1134 1181
529 137 2758
625 705 1414
1099 767 582
345 866 2117
5 1572 3131
818 1283 2019
1150 1263 16
260 283 1045
1277 1087 607
100 1438 1550
1388 330 961
1209 661 146
675 1201 763
917 762 627
1424 165 717
1483 1036 616
1523 1556 636
1381 843 763
1075 1047 2905
1161 428 1065
363 239 2829
818 96 1011
586 1495 1516
843 861 1324
1034 1292 1018
304 526 1820
899 1067 2571
1414 1193 319
1474 953 2859
1316 1379 1562
45 1347 2832
234 1385 3155
770 908 1247
1304 802 2262
1076 742 78
791 940 109
179 1504 843
804 43 664
845 977 668
874 73 2525
658 291 2686
1056 840 1697
684 1074 438
768 180 407
299 1383 3130
1143 1159 1691
764 1471 2288
1247 887 1865
1104 133 2987
1215 808 630
42 87 2083
1447 961 1541
1100 449 747
678 164 553
112 1072 2010
1527 1244 2917
1597 337 838
1338 1433 2169
647 754 1680
426 1422 2826
286 767 542
448 1436 1902
1577 797 2314
416 1470 1933
16 1338 1723
5 629 74
195 778 1263
1345 220 2308
1096 123 1490
257 1277 1020
831 7 1417
1344 719 3099
465 462 1542
1586 503 1112
648 1592 2026
1530 96 2916
379 662 656
489 1320 1778
1336 75 2334
212 25 1670
697 934 519
36 1323 2082
1471 423 2048
521 919 3194
558 219 1066
834 1270 2448
992 1510 2535
1239 448 2950
202 1117 32
274 1425 88
530 405 3050
984 536 1852
400 811 1214
731 1335 2183
1556 1495 461
245 1114 603
1473 286 1546
1521 399 2989
1361 820 1390
1036 1307 969
1011 105 928
1353 310 1594
1312 187 2022
1259 1196 2401
245 1041 2830
1175 1098 690
725 1394 1740
1197 635 1833
717 1526 500
1516 1422 58
521 7 2267
1325 602 2237
125 457 2180
794 577 2310
239 572 514
147 1372 1420
132 245 2978
772 788 376
1360 529 3138
1477 434 3088
227 45 1976
639 102 1772
1007 626 718
430 54 2533
109 729 881
312 324 2265
166 970 113
178 159 2242
1494 1322 2010
12 285 713
390 720 1173
532 568 2961
1258 448 953
745 1206 901
1385 869 20
1139 1212 395
850 74 2171
1342 983 2628
690 589 1794
523 1072 219
1516 567 36
488 1026 3158
812 959 388
878 1515 1115
1520 1492 1970
1255 430 861
1079 1478 1854
115 722 1402
1531 1394 2394
150 1115 3152
1509 556 2110
1178 141 1579
1302 1005 979
1181 113 1012
131 1041 1377
623 1356 2819
1322 176 2469
931 673 1289
596 147 1934
1 1380 392
1570 365 574
51 521 579
1029 979 2551
722 859 2296
953 283 2058
1100 947 1143
557 1280 193
1457 540 2750
1542 262 2897
202 486 2530
358 1239 958
448 638 1334
819 516 2160
1020 1224 970
483 1528 3149
471 1490 3168
959 671 3157
1438 1231 2038
1556 507 1678
957 1267 1965
265 1295 214
584 57 918
1553 225 1884
273 903 396
739 357 1553
152 354 2734
1069 694 1366
190 1089 405
1303 1132 1829
329 754 1104
1213 972 1285
367 800 445
1381 162 2750
746 1566 1865
480 1038 498
1001 847 1202
1126 1370 795
108 1129 1529
1460 1009 622
435 591 1679
1365 1447 1339
710 134 1808
1257 772 324
1463 166 5
398 511 402
1317 1470 225
883 230 1054
638 1552 2721
528 1325 1390
588 948 3023
1413 1103 2776
361 14 845
538 432 1380
207 1158 1288
871 227 1352
220 318 1337
1300 290 1456
747 1213 1755
619 531 802
1203 808 1214
23 573 1496
1138 1065 1771
993 1244 43
998 928 557
286 804 323
135 731 195
786 676 38
1526 737 2659
1100 512 535
1474 605 1685
1136 1330 3000
527 376 2573
934 1332 2052
1313 696 2967
1117 976 198
900 167 1289
591 1406 1606
798 95 717
1318 47 1871
356 132 1099
1275 221 1312
1037 173 2806
570 48 645
743 320 974
53 97 142
203 15 2007
477 426 2477
640 1181 682
88 114 2212
440 97 1296
1397 908 1749
648 338 2422
388 405 2505
622 693 424
1039 1358 2894
623 1490 2559
401 203 1962
888 267 894
1435 531 1157
248 485 2830
743 1291 333
184 1045 2893
257 989 764
25 304 2961
1543 253 1147
687 959 2142
604 1522 1274
884 322 269
585 438 17
881 360 2892
1320 1371 2514
1423 1099 2493
798 1148 46
839 477 3080
867 1408 361
1371 706 2843
1258 1252 2785
1074 551 3050
1105 86 250
431 536 2492
1441 1164 910
1427 1059 2671
745 417 2709
744 117 687
166 919 1239
1393 141 172
737 187 2874
1009 372 1832
602 1350 2911
429 180 403
545 831 1727
1460 554 853
1128 84 2962
278 319 2037
741 575 1590
105 563 1910
1473 770 2756
1278 1025 1721
1426 418 1143
862 1346 3110
1218 794 2405
527 682 1008
1518 32 2606
1090 613 2027
414 1007 2725
1066 873 2498
1591 710 3148
819 689 504
429 968 2011
1434 637 772
128 1174 1178
155 26 3103
1033 205 723
32 832 3173
790 1205 537
1368 1104 872
31 1363 2053
1524 443 1142
138 1096 1515
843 1145 1787
1140 724 1571
1130 674 278
1439 1339 1106
956 188 2277
300 842 2251
1246 1054 2962
1569 829 3101
582 560 879
1424 409 2322
548 60 411
1239 225 1634
392 432 255
79 1581 1314
1067 707 2536
1036 175 2945
961 793 3119
1251 1122 2131
969 820 2091
817 39 2775
350 1448 2968
848 899 713
787 1567 2657
435 121 3042
1333 731 3107
1460 265 1532
1436 338 213
96 1392 2800
954 393 1755
1049 568 2299
19 167 994
173 1347 1511
163 258 2261
1134 1173 2002
837 197 2943
1547 106 1794
1309 157 2952
597 335 2575
716 333 27
1491 1572 915
1315 744 710
1324 1314 2916
700 234 1534
642 902 6
1391 1034 915
897 347 555
891 491 2602
698 780 420
875 3 360
828 682 1757
61 89 441
1530 1313 1153
1527 339 2663
568 1418 1446
775 1491 502
718 540 745
446 1550 2231
425 902 1762
1196 651 803
952 731 438
796 222 301
889 1293 1882
120 981 654
409 780 2305
1081 1473 2183
573 442 97
440 239 353
1585 790 2697
492 598 1687
16 643 1060
189 484 890
759 1481 2348
611 1166 1907
831 1586 1025
856 621 1479
263 570 528
1086 745 1622
887 928 302
1216 993 851
658 1068 643
170 1053 336
1253 1363 1873
76 1265 2883
1132 38 614
1327 449 56
107 1422 1336
8 1525 303
479 36 927
285 435 1099
94 128 2661
505 741 2634
413 1450 2474
411 1053 2887
149 869 1588
1000 968 2171
851 952 8
1053 1571 1866
215 60 670
1306 1282 714
1294 1380 2006
1009 354 1304
683 5 3089
1194 0 862
60 577 2120
997 1248 3043
1428 938 175
417 113 2206
1085 466 1719
1513 122 137
909 367 1078
495 203 777
998 1081 895
292 524 1381
681 1159 2199
488 8 56
82 976 1811
564 627 248
146 546 105
477 855 579
1444 1593 545
483 1197 869
657 240 2343
1354 1242 2411
894 953 661
402 1447 606
235 882 1387
791 307 2612
795 844 75
1273 1487 2529
263 1117 609
553 400 1040
1361 570 3029
31 923 912
1261 1451 3138
1367 191 973
793 1560 1810
825 1311 2725
633 955 2157
1116 194 2793
1426 230 143
645 671 1460
1231 579 1062
1146 717 368
383 1543 1849
532 1544 2121
100 973 3062
1496 1397 947
442 762 2397
1013 735 2728
148 791 447
1458 1435 945
1561 1174 440
1289 1102 2806
1147 905 2531
1181 531 1263
1369 80 801
1565 721 3151
880 554 2416
1427 899 542
357 858 2069
1415 1095 686
1263 1096 1173
627 1441 2820
532 204 582
410 156 72
1046 533 680
546 995 5
1467 711 832
643 872 1221
506 850 2207
1155 918 420
1314 1121 1740
1258 152 16
546 1180 2717
1006 741 2024
749 88 1659
733 400 2826
189 921 33
1109 1095 1819
560 1393 3181
1160 712 2960
129 1076 392
1134 203 524
683 419 2762
1442 172 930
421 1046 2158
27 222 894
1073 415 1782
942 328 2045
660 1033 1800
896 764 1998
238 312 2423
773 1218 2857
1499 215 918
308 875 391
1407 228 162
1236 432 382
617 1103 2376
945 1528 2193
1445 816 1224
607 1280 711
941 639 1186
816 1593 562
761 483 832
704 21 787
262 57 2211
1265 413 1161
284 752 1202
1474 160 2571
1496 283 301
1447 1215 554
240 1405 1384
391 1185 1087
18 1032 501
544 1430 1178
304 1133 1490
1350 1321 1440
133 979 1110
70 1043 3036
595 1527 3195
610 745 364
1135 348 1662
205 961 325
1000 672 2518
1280 469 955
1059 1413 2428
98 1487 481
427 1066 1040
1164 1589 2391
396 803 1503
850 1306 1062
467 691 726
433 1254 2379
230 613 25
1336 510 2351
653 204 1741
934 381 50
1594 49 945
321 1490 2132
1576 513 1225
298 1164 2740
582 645 1897
569 1333 879
508 1535 1638
429 1509 2863
19 404 2328
1494 1395 2251
319 638 2481
1206 595 630
689 1275 478
646 500 602
1110 223 1870
77 1349 2309
1536 625 126
502 328 660
1573 1168 1606
839 1052 3076
663 179 2496
1338 1004 1675
638 1379 1457
78 300 4
571 1425 928
302 1029 670
1389 540 834
1536 467 1795
1123 1059 871
605 162 2561
1141 725 587
807 328 1538
710 91 1784
900 968 2300
957 1357 2533
595 1024 2455
28 471 1221
242 877 705
698 583 2509
535 1213 1054
116 391 255
783 799 1716
13 740 1721
1174 1441 1078
1562 398 788
854 1500 893
948 661 2274
921 212 1730
1552 313 495
100 151 2127
877 1010 725
390 572 946
178 224 1034
766 382 1668
553 344 1047
1270 103 2181
1304 1540 2317
679 255 1488
1522 1132 3198
579 994 3027
1589 1434 411
1397 708 2217
1535 894 1809
513 26 134
645 1549 667
1562 150 1717
1367 1119 1485
882 448 1245
655 895 1850
887 695 2682
992 1135 19
1010 287 2781
1330 338 2364
322 848 1035
479 253 2668
130 1415 318
110 1100 3106
746 20 2135
1052 1385 2020
733 756 1521
198 197 3198
305 1022 2372
833 1267 593
856 341 1039
222 353 1067
199 519 1952
18 1427 2009
1544 771 898
962 1235 587
829 830 370
565 221 1321
865 794 1269
1125 163 1182
454 320 1265
633 84 3112
907 787 1589
991 311 2279
214 22 2287
964 1158 915
317 1336 1778
352 1137 2539
5 558 2348
357 909 1190
1204 233 1488
761 898 2810
1307 1324 101
1179 544 170
803 946 2160
57 817 2080
54 199 1900
421 693 2656
612 360 608
327 1523 896
936 319 851
1584 1474 3123
750 1245 14
1042 1314 70
236 32 2946
881 163 3037
1280 48 2138
720 1460 1617
818 899 1906
50 1037 2389
1584 270 1259
218 1117 1114
1507 1195 209
9 1457 2587
917 533 2461
976 795 2359
832 1263 218
369 1152 856
1364 1552 1421
1017 610 270
246 1307 1200
57 1182 442
239 1090 1984
773 365 724
20 297 3060
254 1047 1573
1411 920 2539
1303 1385 2831
1078 1454 421
883 756 2728
876 235 2466
327 1099 245
864 1353 2479
1379 696 577
164 33 897
629 1434 1985
1296 1152 1951
493 601 2713
987 1045 2040
13 1227 1934
1131 34 460
1237 192 1400
947 931 929
606 1594 70
1544 574 187
1596 356 1437
796 56 100
1377 1596 2653
894 1186 1455
476 427 1836
751 772 1141
400 1075 647
564 1170 395
131 1115 1390
699 495 2954
1183 508 2009
269 1250 2914
451 989 2652
1567 1032 1641
1495 81 54
490 744 965
867 1589 2496
780 316 1026
243 844 1441
829 341 413
835 506 127
967 1201 2565
616 1509 2049
1199 381 157
744 734 2757
46 68 2158
106 1415 818
1406 599 832
534 1568 498
698 1291 1114
1215 698 1751
1566 1031 545
1168 1560 1507
1488 1236 2548
1209 192 1481
769 0 2210
450 591 2938
1475 1312 2373
1040 1494 1695
177 766 2193
456 460 1751
22 910 1908
423 928 1726
482 19 1034
885 1539 572
312 126 2975
1214 948 2778
1044 168 2121
44 1329 1448
38 227 242
940 600 1993
533 784 2290
407 856 2873
870 290 2615
1305 836 796
655 549 368
486 1585 401
1234 324 1678
1106 403 1686
541 181 549
937 1575 2927
1542 381 44
1585 486 910
190 942 1443
187 468 889
949 58 1646
1363 1044 1342
1293 1245 1080
95 710 387
1321 1412 226
1035 767 1126
39 340 3058
771 354 2986
713 522 1950
711 373 2718
985 560 2555
1194 336 2822
195 1075 917
1174 517 3138
780 119 1307
767 1415 962
79 718 1121
1157 545 3046
1082 663 3153
99 1188 1020
495 1203 2333
1511 1353 2783
459 667 927
723 711 1381
1180 1291 792
217 1178 1595
1030 793 1839
620 1427 719
1580 552 2275
509 1010 1034
580 443 2839
703 1203 154
586 1321 2624
1210 156 2786
412 647 2433
1381 168 992
248 1381 2889
1249 452 1401
281 769 1616
375 1172 746
1396 508 3121
965 609 2056
61 325 1346
1155 349 468
207 765 862
569 602 1673
447 420 3196
491 1533 1848
1523 582 1159
572 1175 2840
517 759 448
201 1589 1710
1463 1508 456
1023 1120 1465
362 136 5
754 1334 1356
169 98 2028
556 544 2051
376 756 2485
1029 1055 539
188 868 1598
1098 1291 1296
926 189 1431
540 16 1277
614 602 3007
1279 1078 1219
1393 418 2547
75 903 3187
984 911 2774
906 1530 3161
1569 1482 823
340 500 1065
1287 1262 399
1204 1323 2878
804 1465 25
785 1235 1308
641 61 2585
1318 1241 1049
979 1474 1222
1519 944 272
1323 511 299
817 1542 536
1452 1174 2917
417 1080 2422
1390 800 387
594 5 283
1599 753 1160
276 1463 3137
1399 1095 1930
247 138 1218
1587 405 2340
1313 1023 1568
536 1428 2154
585 1154 1322
502 470 561
129 1307 1485
1262 1387 3163
1323 1184 457
1012 764 2168
1319 1132 3177
577 1469 2368
426 142 1246
149 1069 200
1404 119 2663
37 601 2881
1349 87 190
849 780 537
1108 12 2240
675 104 295
778 961 1109
743 203 2155
1436 963 445
695 465 1070
563 355 1857
865 156 2763
961 379 744
1501 464 2010
971 1242 962
1522 300 2110
1409 1104 774
723 658 583
292 1437 2589
835 700 1602
549 305 138
1359 1188 1195
765 797 2058
1077 491 3094
861 797 1361
1319 878 1352
1470 330 453
1462 227 1508
649 308 930
524 1018 2689
162 1417 1479
783 378 1722
1140 893 1267
310 1296 3070
1177 619 3156
1567 354 2071
15 631 926
784 799 2561
1313 965 832
174 1180 820
880 155 1969
1219 689 844
61 867 502
971 783 2616
1293 291 1149
1186 933 2783
77 1256 18
1211 50 2787
1537 213 56
373 930 3080
46 773 1855
1227 148 1468
1528 705 698
1051 171 2809
335 226 458
1016 238 237
545 1214 3114
1144 1314 3171
288 683 2190
745 882 2997
1095 143 1916
606 1340 709
1257 951 2882
838 61 24
799 687 1816
164 889 1668
1092 61 2504
