200
51 198 388
181 184 334
67 70 144
90 132 116
149 30 100
168 14 243
99 53 122
18 8 346
51 7 299
187 38 213
194 107 301
67 165 204
50 27 245
185 155 399
116 183 56
163 59 45
77 143 14
1 112 183
164 46 139
84 149 218
173 52 204
12 37 275
96 127 344
184 60 218
125 150 17
29 82 0
170 127 327
13 28 91
138 54 372
49 44 125
8 16 227
88 123 366
4 53 309
19 121 398
42 5 179
152 90 282
20 55 257
87 25 103
125 115 302
149 174 93
196 70 373
25 156 192
135 61 191
92 164 303
144 195 342
147 165 190
185 140 266
45 9 68
180 40 183
174 127 399
7 92 101
137 40 236
109 42 261
32 58 280
79 86 25
145 198 122
129 171 41
114 71 198
134 121 273
44 22 227
89 77 270
158 148 180
74 67 384
161 191 346
14 134 263
192 154 341
164 14 319
95 146 299
36 197 44
174 63 280
19 181 339
48 10 381
111 1 122
132 179 349
113 146 20
21 104 65
104 181 193
68 109 47
145 81 186
75 58 333
130 15 188
120 187 109
190 30 92
55 118 58
165 70 241
26 101 136
64 143 187
32 146 23
24 31 38
119 187 236
113 190 89
52 152 303
134 162 302
199 56 303
23 130 208
110 83 173
158 187 335
31 153 359
86 85 122
66 193 30
12 32 58
186 31 337
138 196 137
42 139 3
153 198 222
30 135 78
192 116 64
153 182 268
49 153 62
5 33 12
24 84 304
193 30 6
147 42 219
45 86 164
14 2 190
160 116 35
147 19 74
108 10 274
172 77 89
147 141 257
112 57 119
70 29 300
116 38 4
43 133 360
161 74 26
31 178 392
81 47 246
7 69 171
20 180 193
139 60 334
81 85 29
72 180 207
98 0 8
62 63 20
134 77 8
0 108 104
170 145 84
167 115 23
151 76 280
150 159 295
195 75 318
124 64 271
80 165 39
13 22 135
39 113 252
96 156 275
175 14 6
92 154 204
49 30 45
70 109 200
37 65 334
88 29 269
59 35 374
14 25 66
78 28 24
33 188 40
162 182 287
27 57 222
188 198 65
92 91 395
199 82 344
112 77 232
193 180 108
34 189 142
195 6 179
130 165 112
168 144 155
80 20 154
91 10 61
167 44 93
110 48 106
62 115 29
66 126 130
151 58 354
56 62 144
124 123 239
155 50 300
188 96 378
95 116 231
75 100 286
196 52 182
160 120 167
21 16 357
159 111 186
158 71 90
112 48 15
84 13 50
85 51 229
70 96 58
169 101 246
67 129 245
179 123 274
178 190 397
54 158 310
92 74 382
112 171 194
3 169 87
171 197 255
60 133 379
110 185 136
119 155 33
25 182 382
156 185 207
47 75 232
185 165 85
82 150 70
91 74 283
2 7 231
136 91 127
178 156 363
189 172 351
141 3 114
157 88 52
189 138 184
85 199 339
105 74 300
133 45 342
123 64 127
165 48 372
131 194 382
177 47 313
87 52 359
111 10 302
98 148 243
0 8 360
51 187 144
105 177 235
176 15 395
86 104 35
66 165 72
76 27 383
91 137 149
72 99 59
153 108 193
105 54 298
146 102 364
169 46 45
23 99 262
49 198 43
108 144 7
12 143 389
103 145 334
177 197 324
25 80 261
103 194 66
61 174 224
106 191 235
182 176 304
27 22 24
72 145 26
188 180 400
65 178 35
183 129 220
61 138 155
45 81 235
83 0 45
107 133 356
73 130 53
60 24 12
102 92 240
198 169 300
142 38 83
50 9 340
138 198 369
191 72 7
26 19 294
170 116 79
18 55 12
59 60 104
55 49 375
81 114 143
63 93 121
65 87 146
22 101 386
33 70 353
52 23 289
33 78 83
128 70 164
113 50 61
114 54 247
128 47 142
50 47 156
172 85 181
43 127 373
114 173 363
9 133 45
134 102 180
105 95 365
3 61 163
35 94 63
31 25 397
143 102 349
179 167 339
97 153 287
186 157 397
57 145 136
19 51 13
58 148 88
101 168 369
121 145 30
44 196 37
76 67 62
44 62 175
31 119 94
123 153 96
77 84 260
28 12 80
74 63 77
167 65 199
56 108 228
2 38 250
132 60 370
118 196 16
127 109 14
125 60 359
85 125 331
39 148 245
140 123 259
196 62 324
0 193 75
86 80 250
126 96 383
194 75 74
44 160 346
7 191 345
39 138 110
109 59 17
51 136 198
80 178 235
162 45 110
104 106 48
61 153 115
58 67 33
5 137 339
38 15 22
152 46 17
108 8 395
126 153 198
28 121 122
127 112 384
170 24 3
94 66 208
9 81 275
11 198 170
154 164 69
165 103 330
111 5 50
146 135 294
69 56 368
144 58 370
35 8 334
189 164 238
8 182 137
88 4 47
10 50 116
28 93 52
176 4 272
142 75 115
140 105 47
141 95 85
127 13 322
145 103 197
150 85 346
38 30 239
106 36 294
122 68 4
102 115 139
129 2 232
86 0 357
71 53 247
9 138 328
21 165 159
26 43 272
13 83 130
175 90 291
74 106 299
98 136 396
2 67 345
83 48 359
9 22 5
41 64 120
70 79 252
183 45 382
118 140 267
106 147 40
148 113 347
76 195 13
189 115 347
114 148 89
101 108 246
181 28 377
78 198 179
79 65 235
186 56 52
187 33 316
152 72 277
133 34 7
74 43 375
79 62 129
191 105 79
144 141 320
143 127 385
156 163 385
101 191 126
58 181 165
11 199 182
196 40 377
76 154 321
143 57 73
16 69 197
83 127 249
93 73 83
54 35 46
150 38 113
32 126 341
156 5 247
168 107 45
77 170 105
191 2 324
26 47 142
89 120 62
41 175 104
156 88 72
151 182 25
38 128 67
136 155 324
151 102 213
36 109 196
99 193 124
60 90 114
63 117 368
37 129 231
176 90 51
15 110 134
175 58 347
91 106 381
146 21 223
8 68 243
71 61 271
29 96 153
57 21 80
7 165 3
17 92 270
15 8 209
20 42 25
133 28 272
178 4 88
25 164 208
94 187 322
169 160 51
149 29 393
122 13 163
89 124 324
118 78 239
53 100 326
1 121 75
100 166 178
179 28 247
130 127 283
103 116 303
172 124 5
17 155 324
69 25 160
124 2 272
69 127 348
29 94 108
1 63 253
75 124 148
43 109 220
46 69 64
118 171 33
171 195 197
148 53 348
36 105 43
100 112 259
162 24 134
142 76 57
140 160 262
88 133 295
123 122 226
181 61 184
77 140 245
60 64 367
68 123 330
140 28 301
183 1 128
171 86 79
139 48 258
68 172 295
8 191 123
80 33 246
73 161 281
6 137 264
111 20 228
182 90 386
174 175 384
175 197 211
166 153 384
178 63 98
20 146 261
96 101 319
137 1 187
148 93 35
116 94 221
87 147 30
62 112 76
193 65 43
90 10 47
40 112 142
125 168 191
15 94 21
192 127 266
167 19 152
198 182 237
163 88 248
177 95 198
180 8 400
6 105 10
34 83 284
169 98 163
45 129 88
186 121 363
157 169 136
122 1 191
2 45 117
120 72 67
73 91 170
6 123 395
14 62 367
163 122 13
107 45 132
117 25 322
141 86 229
137 97 22
10 89 281
48 53 151
54 110 100
22 130 116
81 172 204
115 184 80
27 71 145
97 174 249
11 107 156
55 61 332
176 125 198
106 112 372
197 189 270
82 13 300
53 131 289
33 190 252
101 64 278
35 113 59
155 152 127
128 34 72
64 53 315
47 74 176
68 6 16
23 141 105
161 29 229
129 162 132
48 96 322
154 199 44
4 47 37
64 161 235
115 66 371
58 79 55
50 75 344
46 92 96
71 7 209
152 29 157
10 92 284
24 44 242
148 134 361
107 61 235
166 122 345
154 78 337
85 193 35
165 57 175
117 59 66
133 53 310
52 184 71
56 39 133
6 174 11
16 185 1
52 110 188
184 91 349
5 163 234
99 22 155
135 12 392
32 26 92
187 82 139
95 48 221
39 188 308
146 173 232
30 5 370
164 175 366
37 67 300
90 126 346
42 185 182
47 189 391
131 109 206
121 76 206
16 193 90
97 7 269
190 141 349
22 138 156
36 91 327
120 32 209
69 23 394
119 30 110
78 36 360
87 150 74
89 157 27
10 85 295
198 6 377
62 45 341
93 82 180
93 8 6
15 101 242
195 126 44
54 146 157
41 76 214
168 152 206
113 151 216
139 186 273
119 64 143
115 48 126
28 146 61
158 98 82
192 88 269
17 82 286
155 28 101
100 14 100
37 68 18
145 113 256
98 40 210
71 190 172
57 23 334
94 20 317
110 64 315
27 60 226
47 52 229
19 21 302
117 66 310
63 18 374
57 155 235
164 171 230
96 131 1
173 189 347
104 79 395
159 186 198
149 9 144
13 193 14
42 177 396
30 177 210
78 41 167
142 172 136
12 78 279
136 160 9
179 16 353
122 103 301
75 68 151
195 22 351
135 24 96
23 91 76
100 22 207
160 121 29
53 7 59
4 62 80
159 131 68
63 15 247
126 1 312
82 31 105
79 28 15
90 92 62
117 108 186
82 76 119
141 165 384
190 187 52
181 54 40
97 66 333
182 34 357
131 152 84
173 59 266
93 32 322
126 131 160
174 178 366
183 80 128
72 196 121
21 112 319
182 40 173
46 83 106
16 73 216
109 176 218
0 133 211
38 95 76
157 1 189
59 160 189
132 110 297
121 71 2
107 60 328
40 69 326
46 34 341
65 184 373
30 40 138
103 155 180
121 131 125
65 11 383
24 78 56
40 53 223
188 21 229
135 14 257
11 118 387
108 157 244
197 17 212
171 99 75
144 136 279
187 164 35
180 32 267
48 63 368
155 160 12
56 40 354
73 89 12
157 195 80
132 89 293
137 89 304
127 49 270
4 157 111
61 119 159
143 125 247
84 34 106
116 93 88
22 161 346
29 173 298
59 163 395
84 92 357
64 109 34
128 105 131
184 14 107
17 159 154
104 0 7
161 193 25
153 106 367
109 130 21
40 50 8
102 163 12
180 45 381
41 2 194
34 81 94
35 51 22
166 71 283
130 92 378
194 83 196
124 138 292
3 122 278
139 129 239
190 10 260
193 181 279
95 163 392
166 152 51
177 103 394
197 135 106
198 37 194
199 108 335
163 58 383
150 170 186
55 194 349
162 199 205
99 192 38
115 22 253
194 36 81
83 17 283
34 194 217
184 85 73
102 36 97
3 160 223
172 44 14
18 159 165
131 116 39
185 16 229
123 127 102
43 152 397
94 85 189
154 100 332
191 82 304
136 13 259
160 117 74
5 93 282
67 22 74
173 70 230
199 166 294
1 45 113
197 175 181
120 19 110
129 47 121
66 5 294
53 132 78
159 64 1
18 164 293
138 99 364
