800
499 183 485
384 153 456
417 7 735
263 174 500
239 716 181
474 526 496
112 693 942
492 55 382
653 550 1252
479 166 89
685 279 224
372 453 130
579 304 798
107 407 1324
378 262 1025
712 600 1092
60 702 119
739 198 1533
757 346 1497
508 553 325
692 617 300
163 204 1483
618 57 20
176 722 213
406 9 1179
694 287 1313
151 399 250
377 326 268
130 399 192
627 738 1193
479 489 1501
269 374 291
352 225 242
108 633 1224
586 611 49
228 551 729
700 502 865
759 120 827
702 776 122
539 551 1312
554 225 814
581 231 194
234 176 1375
560 60 1351
671 45 518
679 767 791
284 166 1303
600 287 1461
212 13 80
314 305 684
48 707 189
660 297 1420
45 181 474
195 295 302
201 502 1065
541 740 1037
172 166 1009
513 367 749
336 443 1005
46 610 1104
613 217 763
534 202 244
165 517 55
563 423 206
757 744 510
214 338 666
780 284 753
144 37 1042
754 218 578
700 624 1019
640 28 712
580 501 684
464 450 1140
153 510 1487
611 359 541
246 103 991
326 42 1071
633 165 1092
12 644 591
709 438 1002
162 223 344
190 274 1319
35 76 80
298 139 334
130 317 644
255 126 809
21 690 494
489 134 1142
580 220 811
408 692 1056
183 673 1505
775 449 1254
405 216 684
749 634 1067
173 320 520
315 491 1161
152 548 858
286 256 747
191 445 1429
333 269 376
113 414 1437
644 268 189
494 146 344
265 620 741
587 547 979
409 764 1520
74 69 1411
322 250 627
130 358 1600
551 230 144
210 56 996
164 547 925
730 312 282
78 543 991
40 150 1536
347 208 739
112 641 1413
723 329 1300
276 325 189
150 734 924
685 785 1117
624 763 650
380 623 271
178 363 419
105 545 120
519 271 980
604 510 894
517 122 1232
409 109 431
609 354 159
90 515 515
288 144 1109
456 1 355
397 102 790
201 93 802
320 354 11
97 735 798
471 480 605
502 75 435
101 624 318
394 244 1066
771 705 609
190 638 632
178 281 989
225 162 514
3 532 287
622 152 1217
414 150 874
348 460 1131
248 125 143
223 670 1480
341 550 1130
261 698 887
9 475 746
762 469 145
125 659 1581
154 424 1300
176 429 814
794 279 17
584 478 787
119 587 1593
90 772 150
221 250 860
219 194 264
775 762 262
588 352 1409
515 796 1252
197 729 1022
645 626 1235
297 670 209
88 792 1017
645 737 346
351 601 1342
391 733 603
743 98 940
23 131 565
667 495 920
388 506 857
510 514 656
441 410 141
468 299 291
96 415 1051
540 146 960
228 743 445
249 520 930
261 182 619
774 482 282
576 87 1062
481 199 1091
23 47 409
373 356 123
770 550 1313
389 434 942
160 680 256
366 671 57
701 115 1191
42 623 1507
41 566 39
229 518 631
302 382 1082
662 671 1332
289 129 1201
396 517 1005
642 638 995
164 136 1112
457 638 1563
686 75 755
494 12 975
200 731 137
583 0 440
249 18 848
57 583 241
484 84 496
199 292 1371
617 228 1008
606 548 439
726 54 697
773 143 431
240 1 1169
351 384 1427
188 589 1414
20 294 1349
56 42 1088
370 200 457
315 6 1561
153 792 374
275 181 1405
437 534 984
625 624 379
404 686 22
666 116 476
430 319 1018
217 387 69
681 693 309
393 785 55
77 483 1364
18 593 130
152 525 131
664 406 1362
672 155 1370
660 335 1434
164 22 1574
461 62 1166
376 618 348
766 145 1570
727 433 1252
320 300 664
727 307 508
778 383 1185
761 733 555
492 303 178
28 41 118
440 332 589
415 195 1289
589 65 821
558 239 1058
738 211 1340
177 344 82
287 754 848
734 344 467
627 760 887
390 468 346
689 694 1081
42 187 1349
762 783 1224
111 286 997
761 643 410
278 269 403
325 746 1435
30 407 934
527 113 1276
518 253 862
264 456 833
348 251 1448
53 775 1442
745 108 1107
407 685 817
35 471 1454
267 335 1106
165 717 1467
161 430 542
48 706 437
776 278 1262
563 60 791
695 620 730
218 57 435
707 224 615
21 681 239
319 364 884
335 720 882
775 499 997
276 401 1007
246 75 53
635 265 499
534 226 358
63 544 65
734 120 1435
756 578 545
750 254 703
333 1 792
642 761 598
297 37 1
616 634 1587
139 119 1338
535 508 1396
16 57 1340
132 476 437
497 364 1237
65 490 1136
449 251 880
112 465 809
403 192 123
312 711 1328
342 255 843
327 104 965
525 663 1157
584 574 328
33 722 1411
215 421 1196
703 636 705
603 184 377
330 673 835
545 664 131
392 84 1259
505 623 300
297 579 748
283 158 76
661 623 626
237 569 696
618 782 713
566 685 1135
265 145 789
195 174 1157
553 615 875
118 57 622
337 502 949
246 491 592
462 5 1519
394 775 1050
345 477 1416
517 169 777
64 338 727
689 748 1057
225 102 623
252 313 134
273 350 1575
277 768 521
197 431 1194
33 670 536
652 491 75
428 64 631
378 182 174
498 768 1375
315 564 1089
588 110 1519
463 787 1227
136 744 223
253 547 147
78 39 464
782 447 612
519 198 762
314 799 1585
330 390 954
376 794 1276
290 789 492
470 360 268
281 145 228
350 715 234
47 169 331
328 326 827
564 738 1257
704 141 1010
176 798 436
772 545 1355
59 796 1112
345 646 886
472 60 249
18 710 351
171 585 1020
172 571 1331
464 223 477
231 46 460
43 98 968
14 765 1262
507 86 897
649 197 1185
793 444 726
401 497 148
634 672 929
713 581 1181
744 143 332
300 220 1077
702 274 408
629 338 1571
709 795 1107
218 486 706
681 781 228
73 590 549
451 688 410
16 275 1528
728 279 1121
281 329 789
501 790 570
122 170 132
101 113 1480
269 12 35
40 777 1530
677 244 513
93 42 1123
186 739 1059
454 551 956
339 756 355
115 33 157
649 773 96
555 617 1076
348 546 1414
723 297 274
762 451 120
422 104 1390
612 594 1225
788 244 32
596 538 243
109 63 1047
294 718 45
548 580 684
59 535 1319
23 96 936
0 617 1277
365 4 671
508 290 871
32 346 742
17 88 643
705 689 445
65 422 1373
4 510 1362
674 229 872
246 718 153
423 679 665
535 248 1529
18 328 1263
637 498 849
797 232 700
521 372 1289
32 464 370
322 655 1485
551 347 841
123 644 123
449 156 1342
328 774 468
157 101 1248
513 628 1009
512 423 564
475 189 972
406 207 1142
410 108 1389
365 207 1144
371 124 415
215 162 1374
452 588 1588
249 151 431
51 602 530
765 234 936
108 761 1
781 9 672
696 252 27
142 408 824
739 51 643
725 406 1590
81 219 234
206 714 152
503 97 1009
181 631 1500
265 657 971
511 313 65
70 235 1230
355 789 503
599 95 405
640 473 937
769 456 389
682 389 1121
530 403 1186
222 759 1237
354 127 772
167 335 197
430 369 1108
75 490 1099
594 458 152
212 539 1167
266 104 414
66 278 876
778 512 102
460 436 803
636 493 1232
496 95 8
59 83 1184
196 180 795
792 311 242
138 738 1381
773 626 966
395 687 1355
495 546 412
546 127 819
19 480 1292
680 549 1139
357 257 647
145 607 659
647 449 370
575 216 1382
155 789 1155
207 204 1158
43 167 686
698 701 283
675 2 142
122 141 1494
299 742 741
83 741 308
509 145 914
354 52 1265
643 207 95
404 691 560
769 275 782
371 435 108
251 204 1095
350 384 238
180 308 731
418 506 9
295 491 63
503 442 1220
343 15 771
99 615 113
310 159 1116
123 336 411
518 509 543
162 295 874
146 554 196
232 419 58
75 677 859
744 48 1431
29 56 90
383 463 774
382 136 1229
453 756 577
79 295 815
387 121 1586
146 219 1079
101 622 678
185 362 626
342 307 437
203 324 137
262 603 438
22 345 434
515 716 1527
262 298 917
331 83 1224
113 736 862
233 422 1217
667 501 161
123 76 1051
699 182 1562
701 634 833
798 53 1134
386 211 280
222 173 1140
8 500 846
241 484 804
219 124 1318
220 16 1111
79 441 284
273 546 344
61 565 1378
12 550 912
592 247 1394
127 608 1173
134 583 1370
783 251 486
321 615 877
662 641 113
770 446 1109
744 666 685
564 283 1361
97 554 1203
660 769 735
389 419 991
556 512 887
325 519 777
185 680 1150
130 163 702
400 412 926
403 773 1469
789 440 787
376 726 1266
11 505 1208
505 524 1330
582 355 749
390 768 77
254 748 443
80 492 656
526 748 1478
519 592 1099
409 86 323
35 60 726
99 447 1352
550 761 471
732 520 919
37 237 1062
172 634 342
774 732 88
22 409 1155
333 39 1220
211 558 1506
416 285 230
250 578 904
603 179 1217
466 557 684
531 478 480
141 112 680
25 755 351
287 572 366
66 69 504
306 245 933
624 494 372
787 561 178
441 472 1291
332 564 1258
319 437 858
316 577 1351
491 254 145
688 470 1209
291 617 1495
474 521 989
752 187 562
58 687 1501
361 709 62
293 796 263
111 231 139
760 193 852
535 277 219
451 242 1484
571 311 352
411 69 637
313 717 1274
421 247 1418
94 352 872
257 654 1189
147 235 888
616 142 1507
226 770 497
775 773 533
67 466 938
711 599 685
365 254 538
603 677 818
110 571 874
180 483 1546
447 787 507
375 134 1392
419 271 653
270 153 1429
139 173 211
755 710 1592
708 254 860
69 392 434
443 553 380
356 333 1169
292 645 478
545 227 134
524 275 903
652 71 312
510 49 560
366 544 411
368 43 831
101 771 389
444 310 1328
337 431 803
408 778 964
747 52 1591
542 580 1205
234 477 991
497 216 276
732 405 1221
199 568 1587
566 63 1599
49 668 1584
496 559 590
37 586 860
49 511 1132
550 72 1442
471 663 1297
766 610 1289
9 461 1352
678 412 1431
360 728 1158
676 379 1392
688 548 81
342 393 1235
527 474 945
553 297 577
141 369 1207
48 757 63
774 777 585
415 194 396
427 485 265
711 541 1513
578 661 661
256 768 571
580 608 519
660 49 1321
264 486 7
334 508 129
672 597 1234
70 782 1304
772 677 1233
517 761 577
250 367 1260
245 275 1021
563 82 885
55 736 130
2 451 1039
707 61 695
243 262 145
694 140 282
490 429 829
91 320 1355
587 602 13
59 238 488
340 525 1111
208 363 474
355 657 1310
462 732 499
506 40 1566
703 16 783
655 118 99
599 302 185
595 227 6
151 182 424
613 232 1252
242 588 1128
210 217 1240
675 535 1105
149 29 790
793 285 53
5 288 812
289 198 505
663 274 169
691 625 1147
24 485 1144
327 490 65
617 305 399
440 231 1193
699 427 1216
412 367 1347
271 720 549
705 81 434
544 449 826
47 117 592
478 0 1403
198 447 1408
574 664 1000
415 294 260
528 247 32
39 361 470
353 742 1581
543 489 279
395 222 196
15 264 1529
602 622 1596
149 451 1369
165 75 1256
263 170 837
269 609 1038
211 783 639
662 340 828
341 188 862
696 133 643
306 358 7
97 191 43
172 272 887
170 260 212
277 573 891
230 541 465
361 571 397
169 38 742
648 489 185
578 193 1308
395 390 661
718 723 398
636 444 700
520 306 1009
312 355 1572
618 296 574
42 644 1471
34 472 543
666 645 1455
380 649 370
174 441 1111
105 756 1141
359 300 1065
121 165 1464
568 560 1532
56 172 546
724 165 1337
670 602 1136
310 716 1459
709 651 189
431 401 1304
483 456 175
40 162 325
300 723 723
427 102 276
637 184 320
445 215 635
396 269 250
508 648 332
647 757 1528
745 415 413
512 39 354
491 708 481
658 95 1310
175 521 1572
294 796 1494
430 194 1497
630 445 1045
546 247 1070
480 32 529
729 694 1598
441 645 1183
353 611 804
751 11 76
119 702 456
407 331 1295
88 271 902
791 503 205
429 52 1268
628 128 1308
473 708 937
248 369 737
31 469 1470
731 10 418
794 748 94
126 592 999
41 576 141
368 369 765
431 516 580
48 795 352
160 477 781
784 185 860
467 10 769
320 328 1331
634 484 955
338 527 35
785 406 666
301 608 1189
95 746 1332
607 567 1261
620 173 147
493 67 84
96 339 1519
481 762 1412
403 349 550
29 396 893
376 102 1050
507 223 1118
618 12 523
44 561 387
56 96 324
474 629 180
161 60 964
581 726 744
759 484 650
566 604 1265
601 555 460
387 604 290
258 710 1363
203 81 576
751 128 762
730 671 1002
602 132 788
260 9 494
192 489 1111
381 618 76
595 121 903
423 232 996
520 619 0
227 743 129
192 389 297
189 315 1258
532 759 1541
594 100 1097
99 167 1070
796 22 611
309 83 666
507 268 404
792 178 193
708 138 4
387 550 1129
268 445 1387
163 202 501
748 67 911
110 765 168
421 478 824
126 138 639
797 322 1521
630 151 597
127 73 431
357 467 394
740 123 759
609 284 928
445 236 420
209 394 102
713 445 660
51 173 1119
209 13 932
89 453 319
480 264 986
214 418 98
213 126 1412
676 191 589
291 515 557
230 397 1220
319 43 1382
619 728 1060
499 748 649
590 603 161
322 753 1001
271 149 924
611 467 354
5 318 768
693 674 656
299 569 1144
608 669 394
429 796 726
295 496 1222
478 368 936
297 748 1595
527 275 1408
240 136 958
81 155 210
17 384 717
459 763 20
561 113 673
604 514 734
621 106 1259
798 687 897
61 241 817
352 103 1482
644 634 28
412 787 1040
437 355 1082
388 494 783
723 450 725
281 793 575
104 201 1569
324 745 688
266 119 1479
544 311 182
410 700 95
643 709 29
339 170 845
52 408 497
633 613 651
194 298 181
174 359 1567
526 520 1294
423 584 587
536 84 188
582 441 1209
208 197 459
596 69 1336
715 235 336
152 564 666
434 544 140
549 416 825
668 473 547
193 761 1228
729 44 984
7 31 1208
598 556 332
438 82 1195
74 16 428
237 147 305
710 545 1270
342 582 338
593 490 250
651 357 139
373 568 904
196 406 1107
14 576 1486
776 255 421
8 438 889
39 616 842
559 575 534
447 445 1393
28 781 498
93 406 1016
302 301 387
630 476 619
128 224 273
448 155 48
763 254 659
434 268 1268
598 714 345
201 162 1510
646 12 1074
304 657 1014
514 603 511
439 391 1157
601 248 491
247 674 666
451 43 357
174 30 1272
674 168 1240
402 193 23
569 788 1040
213 445 71
689 47 833
408 657 415
791 314 855
345 568 967
14 665 16
657 436 1443
36 394 471
280 109 1417
490 791 503
349 74 96
38 185 16
442 617 1371
58 381 7
748 735 662
547 575 1167
253 141 604
272 435 568
184 267 1101
607 778 1175
389 715 1332
386 625 65
641 737 1113
226 547 1479
110 712 673
697 558 1018
262 761 1109
266 527 326
596 757 1509
432 558 261
459 697 376
30 130 730
402 371 372
656 80 987
381 116 876
233 352 469
124 156 301
542 393 1275
200 158 1326
622 623 775
155 455 945
131 194 48
467 204 62
244 240 1194
410 588 589
397 14 401
332 518 832
110 235 1298
83 701 247
760 463 1527
417 559 926
426 637 1244
22 630 1139
369 214 516
393 533 1501
675 642 1438
231 647 1501
10 777 543
431 22 1567
16 251 105
479 500 46
257 401 710
257 650 89
794 732 256
718 225 336
701 795 158
735 461 608
393 137 1133
417 142 850
344 598 230
5 480 240
487 347 705
417 748 34
619 518 1557
697 425 87
513 581 131
623 723 724
748 189 919
763 662 788
438 140 1512
184 577 1150
529 467 684
162 310 1074
457 58 800
512 339 1209
499 492 646
344 147 216
374 745 595
529 42 1192
733 311 1303
494 118 1099
254 367 442
280 513 693
785 139 214
85 382 674
483 430 1182
418 790 504
768 170 947
60 325 1228
282 764 275
1 179 271
377 509 378
583 494 771
243 754 622
219 758 1415
554 123 1165
724 539 813
633 256 644
641 329 551
404 564 234
216 467 993
67 583 598
102 582 1424
170 89 1503
455 110 892
738 262 464
588 151 106
38 162 1415
683 762 562
623 407 1399
385 651 1006
317 491 957
433 584 472
447 404 699
298 54 1079
303 387 1029
394 552 1491
304 642 244
470 209 417
742 715 1388
360 689 1567
766 57 250
727 746 1321
528 352 1236
530 421 157
245 299 1184
194 620 1582
450 642 457
626 303 1336
25 437 1113
383 152 1476
583 372 1079
509 11 1590
455 333 171
795 229 977
795 716 1196
510 175 241
445 156 1408
742 418 340
645 243 100
153 635 600
275 508 1469
46 372 1510
33 412 1576
202 484 1113
299 235 581
379 13 379
65 99 30
767 17 442
3 156 654
34 634 1111
454 177 239
133 113 41
129 479 370
116 333 259
765 670 1108
663 524 383
772 630 1448
169 408 1170
216 357 888
601 786 529
296 171 1061
735 717 1112
631 512 776
250 449 1242
90 227 264
75 215 1019
194 187 1136
600 449 275
769 671 1123
485 213 847
781 245 1443
472 358 186
120 203 1319
538 127 1195
203 102 242
182 132 280
359 765 934
674 287 611
347 47 1414
233 404 433
687 608 58
650 95 1459
475 107 870
592 613 831
532 274 168
224 232 840
204 735 1470
385 662 1283
112 57 1267
270 397 919
475 311 246
384 514 599
692 792 1584
27 668 1574
692 423 848
678 53 900
680 602 28
268 123 234
497 624 7
620 622 360
393 13 937
151 359 532
244 204 1570
401 460 702
266 291 1275
763 770 638
491 22 127
425 192 771
757 391 993
444 129 1365
98 169 243
700 376 833
448 438 972
169 346 114
241 626 1494
117 275 596
69 27 1438
604 410 588
308 530 870
721 363 60
503 61 722
176 500 1136
755 758 332
169 664 1325
171 164 203
545 408 773
60 417 320
720 3 676
287 59 140
301 83 558
135 522 1506
334 364 1094
545 290 1125
31 602 817
728 349 484
464 307 832
720 415 101
620 108 1140
717 537 1425
244 614 160
654 575 1395
245 202 1122
490 752 740
634 119 1341
560 178 769
424 114 1240
572 372 1427
329 399 1218
159 738 505
737 618 913
681 503 1170
428 677 838
132 239 2
465 173 566
249 745 1007
518 665 1005
191 218 1148
413 715 254
579 775 82
675 537 15
457 221 1573
388 141 852
482 131 34
740 469 953
137 186 1572
45 211 1150
791 514 1367
416 233 655
189 109 754
237 441 13
605 688 667
371 770 357
437 407 249
687 409 540
396 133 790
707 650 1215
268 265 787
493 377 1549
374 269 1114
714 381 319
270 249 334
243 737 769
96 315 641
228 703 1428
339 450 684
633 749 1549
328 429 1536
597 530 96
321 670 1524
679 79 641
362 186 1346
383 5 246
364 116 67
717 0 756
289 682 1034
287 212 420
146 35 469
538 213 322
560 382 186
621 331 609
15 454 584
600 255 1572
776 427 971
403 416 1555
511 638 1340
547 119 396
227 476 712
312 653 608
295 226 1016
136 521 1083
436 625 1536
788 657 1002
236 532 1134
209 244 764
154 324 1428
443 282 103
585 747 1445
767 785 534
593 608 274
57 655 1379
294 73 590
541 271 484
390 92 1548
732 446 1115
173 648 376
338 399 1331
245 650 908
199 212 620
705 432 737
764 787 1247
414 216 1188
383 445 1280
771 116 1573
175 201 193
19 417 407
562 184 1389
780 374 1139
573 638 758
381 649 1591
663 13 80
115 608 1039
53 104 333
307 505 764
71 542 1491
664 476 981
715 491 1532
298 552 1466
628 764 1282
736 324 288
412 163 564
170 4 1270
102 149 1393
554 719 1531
507 174 0
560 632 644
34 232 797
3 651 1530
253 159 936
369 579 429
267 461 350
706 161 183
231 628 571
704 765 569
401 52 1240
70 697 377
136 31 1505
419 182 789
372 17 1427
114 393 628
512 141 384
325 250 482
548 94 365
302 138 653
221 679 439
144 20 720
225 698 1594
50 281 552
500 505 640
25 196 326
643 791 227
400 226 863
99 239 1531
272 28 234
740 197 1005
374 530 983
127 302 334
363 731 952
737 313 939
468 453 1408
717 200 1391
472 591 823
721 631 1175
175 408 763
735 5 1244
244 662 1106
744 434 628
207 746 762
198 611 821
558 199 551
284 199 977
86 762 1120
203 569 1373
386 148 30
405 788 1035
421 237 1496
9 621 441
652 549 618
557 726 1336
60 488 1539
214 491 1325
7 466 99
506 653 855
148 363 212
632 102 184
32 328 127
456 104 524
61 59 839
581 457 1440
527 122 934
535 298 707
144 631 18
2 164 626
639 534 1192
88 630 209
241 591 1011
573 743 1042
683 708 115
350 293 138
132 39 10
62 594 424
296 527 132
739 322 1095
351 433 428
746 136 375
761 545 371
787 295 13
305 528 493
103 746 194
115 547 563
131 170 315
715 226 644
288 503 259
274 741 421
187 716 359
722 313 1213
177 474 651
195 797 1412
218 557 852
389 87 112
154 651 1022
773 234 1502
291 335 377
102 660 1145
603 7 27
461 793 1405
770 74 158
329 710 687
111 539 1433
138 257 1343
712 755 121
704 438 443
73 242 638
615 7 642
659 406 1034
457 130 1556
709 83 276
327 466 646
159 720 441
746 176 251
275 273 1020
272 199 1529
711 692 1203
2 688 1291
108 749 47
467 352 1472
693 646 928
385 435 1233
767 110 1533
185 548 94
340 109 1528
492 24 172
478 389 1204
650 669 147
782 75 1318
580 561 262
196 60 1133
306 105 883
235 476 584
96 528 1104
653 351 802
506 143 1475
708 406 1482
55 735 1361
688 24 94
641 793 673
392 357 938
667 334 1088
752 274 974
362 720 1502
361 749 673
787 528 373
168 692 1163
171 411 134
2 323 478
345 687 146
316 500 173
726 268 403
294 446 542
468 107 1085
78 263 573
117 533 1216
777 167 251
595 328 1375
242 118 18
20 426 567
756 797 1288
544 140 1256
722 382 636
5 76 1216
758 766 1504
80 462 493
571 757 1182
346 655 1112
276 299 795
11 558 1245
219 628 1561
422 161 1023
484 27 814
253 8 572
21 356 306
8 174 572
274 279 515
449 474 876
283 711 954
599 261 408
454 441 1456
190 177 1078
395 648 168
135 267 936
87 651 909
126 608 981
118 501 360
476 735 386
567 61 240
150 50 585
454 12 1045
116 243 605
338 117 436
105 388 906
213 92 157
550 384 1249
548 347 1406
719 438 936
13 699 345
611 215 478
184 160 806
346 649 977
685 695 1479
261 567 1145
118 704 376
475 275 353
458 8 1116
420 288 677
556 399 189
153 394 1142
758 753 1422
418 48 717
144 514 1473
592 168 1431
772 105 957
333 223 367
44 464 1194
129 714 1444
641 590 947
4 641 502
220 446 999
95 304 1154
435 677 1325
286 201 1050
127 455 441
509 609 942
576 649 478
238 215 324
781 687 714
424 554 370
400 203 582
593 274 1304
555 377 1264
240 99 628
667 586 1294
486 77 1096
161 395 900
477 368 1116
481 304 776
682 310 827
746 293 0
299 323 1430
240 760 1099
679 221 1111
80 105 1558
435 699 1100
594 115 684
516 759 1498
357 570 739
128 799 203
421 300 800
553 40 154
554 409 1107
8 226 1256
443 449 1252
309 151 40
158 565 550
83 645 354
159 43 409
76 668 293
677 247 97
88 654 6
54 401 975
473 474 810
225 217 176
698 161 1528
166 122 141
783 647 1083
36 684 253
255 584 1491
609 429 606
131 793 461
42 292 1391
58 10 606
485 487 796
398 360 1395
697 469 261
229 237 1487
83 182 461
522 428 987
435 270 808
471 542 148
284 228 552
464 274 419
594 569 1098
113 46 1233
26 443 819
199 239 1028
236 541 693
17 667 358
356 751 1586
312 531 1317
606 597 1595
645 287 285
73 195 1091
370 403 920
483 262 1083
572 749 530
202 778 1352
746 624 1015
256 711 1299
114 209 686
766 179 716
654 263 401
565 770 510
693 358 200
570 645 1596
625 321 105
637 143 1312
251 481 322
373 215 93
587 167 837
571 282 422
177 641 252
142 289 295
397 305 14
306 211 1543
61 167 25
436 701 516
755 752 969
193 37 399
571 581 435
187 59 243
232 332 764
1 123 588
34 361 839
716 427 206
584 213 192
291 745 475
23 625 1181
256 698 504
293 470 1495
398 274 1577
391 363 905
168 691 1253
433 465 681
111 153 568
311 567 445
279 300 213
434 446 447
158 361 108
691 182 759
725 241 1053
716 596 76
220 202 67
799 393 1545
504 141 1575
583 421 361
425 411 1506
63 437 787
741 269 592
555 189 1023
272 460 231
264 682 536
509 314 825
350 285 95
186 107 953
134 380 551
606 583 1195
413 649 1192
84 169 839
9 596 1323
375 297 343
188 615 691
458 202 11
156 705 1371
415 467 309
636 616 376
591 561 406
285 176 910
501 264 274
738 548 1038
500 206 1080
318 422 651
49 425 845
717 344 391
28 476 102
611 291 89
484 35 686
295 158 1506
522 798 1121
785 523 112
387 658 1509
391 22 1486
399 299 618
182 253 852
412 744 697
582 570 1457
327 21 147
579 363 25
526 49 675
187 770 1457
621 61 619
669 605 569
260 670 738
370 138 1163
566 52 1125
68 726 753
143 722 530
324 573 55
71 132 161
379 750 731
684 192 1121
456 477 472
92 598 305
237 136 1037
482 22 769
790 774 1160
124 95 339
220 105 1217
170 766 644
564 763 369
191 732 86
549 381 300
649 275 553
26 786 443
657 440 490
71 625 790
398 579 1331
82 492 1572
409 783 1205
89 692 1392
543 327 1538
411 753 699
712 14 1229
352 184 586
731 615 501
134 180 1517
486 498 649
133 690 156
549 178 1081
36 703 526
308 321 1130
147 754 921
85 405 132
439 340 27
364 193 734
208 295 835
528 192 627
52 252 208
646 643 1095
537 540 375
74 260 1244
530 633 821
648 398 450
278 199 652
658 766 1427
31 532 126
100 90 712
730 127 113
406 607 516
585 370 600
482 496 170
459 563 125
466 260 377
703 398 1248
453 6 784
259 486 619
491 481 478
10 60 813
495 182 171
254 428 974
235 729 297
39 637 898
331 552 715
343 344 1163
764 485 70
469 39 831
132 693 1328
783 607 1439
674 680 786
647 100 1346
285 478 745
782 421 526
368 391 1013
799 464 1212
734 662 1414
311 742 385
533 3 1176
477 769 945
358 226 1061
718 754 333
349 190 739
544 306 32
670 500 1573
687 240 1560
550 796 1429
138 263 219
785 3 1182
259 47 9
71 82 868
143 359 797
115 483 49
686 589 318
718 556 1545
65 534 1475
178 38 480
202 342 433
796 49 384
340 257 498
32 708 209
673 247 305
602 345 1014
223 288 1559
331 449 163
37 127 658
710 788 4
121 260 95
656 799 1492
581 155 76
572 369 729
173 604 1483
68 264 85
760 678 937
432 543 728
267 98 153
254 403 1374
706 315 1003
482 48 660
425 452 690
795 16 1480
585 515 812
662 197 671
755 229 352
749 194 397
258 49 877
129 178 430
369 794 1246
724 494 971
798 588 5
626 126 117
98 41 779
36 740 1159
488 116 172
555 305 1068
676 724 719
205 258 646
780 454 942
439 289 263
227 48 320
358 725 1148
198 741 27
198 333 499
698 723 287
553 149 275
18 688 534
745 155 355
446 411 443
256 631 1558
4 750 809
624 245 378
307 433 288
402 67 814
700 644 493
434 722 835
46 378 671
504 761 285
668 579 968
363 624 1402
214 592 1225
418 507 1249
638 634 740
57 377 441
106 713 1421
521 63 518
537 425 900
151 762 1051
536 25 698
691 690 1316
723 307 760
165 727 154
236 507 967
559 217 462
575 190 1315
259 434 681
381 45 127
784 521 343
334 485 1003
510 299 1492
702 471 1181
377 512 504
1 37 583
424 771 214
780 562 329
695 473 1196
692 338 345
303 548 1284
0 767 1425
124 639 1234
446 493 454
74 121 392
140 298 496
51 201 593
212 145 748
337 764 569
363 788 799
577 279 932
442 561 773
570 353 1520
530 220 1207
207 540 1304
17 733 1176
705 170 1395
627 96 1044
623 168 1110
590 314 1349
677 467 696
362 96 1198
738 629 725
501 788 518
50 109 1217
614 181 765
140 320 1231
10 690 1358
47 134 437
589 237 769
504 391 114
733 643 87
460 629 878
156 268 981
690 723 516
325 80 656
332 178 331
335 228 914
175 488 1251
330 558 1005
209 293 652
683 679 766
369 50 957
298 461 1104
117 721 1246
726 133 1300
484 209 403
314 90 453
341 492 683
30 620 344
140 513 1462
273 332 1107
138 112 1052
238 399 1441
559 486 150
648 49 1264
146 749 1132
56 280 1002
222 24 1430
502 10 115
687 658 1535
657 472 1503
255 319 51
673 701 371
639 747 68
523 438 329
24 606 1339
189 290 145
646 655 1212
303 656 184
171 644 776
438 473 8
242 402 1473
528 157 958
44 280 87
179 402 1320
515 639 1150
323 610 99
615 216 1291
365 73 1377
615 220 1497
305 279 278
609 579 1584
341 250 1367
148 153 3
55 43 1377
444 348 972
87 78 33
89 466 853
664 342 437
466 144 457
459 586 691
480 365 1195
183 692 1272
118 65 1117
437 638 1325
290 341 477
651 353 334
367 112 1171
283 650 539
79 271 1238
173 118 1221
616 127 24
364 245 601
320 341 1467
13 9 15
703 658 1077
391 18 673
639 741 101
614 224 212
399 394 652
502 758 828
626 13 150
105 791 266
612 397 924
529 483 879
447 191 216
300 142 912
733 412 1038
599 461 1199
103 361 1380
474 791 1176
531 282 249
728 53 1282
523 230 242
419 110 429
770 402 418
460 445 959
397 141 673
495 472 354
373 663 1267
684 432 431
567 520 477
534 653 72
716 445 248
238 608 91
719 401 91
370 468 1263
539 442 709
771 248 534
768 52 762
680 66 1034
452 52 968
120 464 940
532 567 1509
520 386 886
496 223 642
288 751 1450
537 293 1595
608 234 154
181 791 606
578 137 1061
433 495 492
552 362 335
648 739 1069
399 528 1557
263 507 615
282 691 1518
156 400 1091
252 57 265
267 382 1502
38 135 963
104 244 1323
388 748 572
519 187 214
548 571 937
656 725 1257
453 267 1198
504 669 355
541 344 633
55 372 1351
285 799 669
477 250 736
779 290 1351
77 485 1044
524 7 1455
20 104 889
436 796 94
196 421 1286
362 581 192
781 197 1381
402 777 1193
303 681 936
498 506 1120
673 642 416
399 360 937
747 425 1160
777 78 396
685 705 803
432 635 350
473 96 223
141 368 888
405 146 714
684 400 1533
29 799 761
63 604 762
318 336 228
760 782 205
15 307 1238
515 88 274
665 258 273
637 96 1565
378 797 210
632 732 108
429 306 471
27 788 402
408 767 217
6 26 977
650 119 669
72 535 1429
714 371 1255
500 260 242
82 25 1442
119 357 131
601 7 1187
358 434 1038
236 338 1221
310 743 1212
492 797 1324
631 517 408
628 18 884
503 120 1213
756 154 1556
612 339 238
382 340 1002
116 422 1262
286 30 857
461 111 1314
184 91 1034
311 763 399
647 441 777
274 631 733
125 420 864
607 9 64
63 645 329
729 247 93
215 454 1279
480 593 1318
682 3 837
578 655 1457
212 643 1134
311 454 916
573 64 404
749 350 1274
344 526 490
213 68 779
119 516 814
622 505 1348
433 186 770
330 554 944
226 727 615
326 468 1573
87 350 511
143 671 1284
263 343 380
160 743 284
642 712 264
324 103 943
66 50 476
93 95 1514
125 96 622
790 462 1401
448 127 540
432 392 668
763 653 1307
629 107 959
300 791 205
40 154 6
799 444 1096
54 30 1011
429 443 1358
414 599 303
420 109 310
50 612 385
778 236 974
605 420 812
539 411 439
682 737 1594
750 506 945
783 444 945
789 613 468
786 749 764
141 352 776
436 250 1572
568 622 501
125 583 259
410 284 33
720 156 576
222 742 751
323 692 129
469 543 357
360 341 484
192 485 1263
154 43 1182
784 741 1343
741 719 1097
769 738 1418
498 571 919
419 105 1019
768 524 1586
339 634 243
655 591 1465
563 621 705
750 531 1130
147 747 137
575 159 589
290 798 836
731 455 1258
707 193 300
91 502 1359
533 572 520
779 10 276
355 111 40
86 761 1134
790 528 1029
230 8 1582
68 65 1501
511 270 543
614 30 1081
206 667 1138
0 590 258
435 427 326
765 173 1353
128 431 308
317 106 1280
301 447 205
789 477 723
733 483 811
465 409 291
329 405 1168
100 690 1359
351 238 335
280 374 834
242 83 1313
353 581 620
541 118 135
321 715 765
602 724 518
7 213 585
260 452 1053
722 359 221
468 686 1113
669 17 21
47 439 1068
286 242 1222
356 205 420
639 300 93
538 583 1534
546 98 995
452 8 625
200 359 336
486 564 656
513 101 1113
305 63 919
697 602 1422
621 397 587
302 575 1024
488 182 1589
784 34 387
514 614 412
33 762 74
653 631 1039
411 510 933
107 299 873
619 119 1136
706 75 1108
210 405 101
248 356 732
210 466 438
208 701 758
278 355 6
215 363 585
379 154 1470
38 646 1454
678 32 1265
443 540 1263
380 179 252
442 277 1245
451 283 1109
316 487 381
86 648 1467
670 237 406
92 526 1084
577 441 1161
292 255 540
307 471 167
205 518 262
613 529 776
726 643 978
62 703 1576
275 20 1258
561 9 675
450 315 107
591 176 265
629 648 1371
497 485 593
318 423 1125
336 555 162
691 137 568
400 382 75
359 455 968
678 784 325
522 319 1137
344 771 1348
68 731 1190
371 635 1313
69 382 1245
413 161 1311
777 380 559
734 285 630
189 82 931
109 478 1386
274 0 1527
126 135 1274
469 604 545
745 597 165
62 765 721
638 229 1309
224 689 830
777 130 4
124 421 1041
514 594 1055
143 784 162
407 295 201
444 448 1535
605 340 1299
66 0 174
445 137 1222
498 428 215
217 642 1151
313 138 13
265 583 1258
217 603 1594
193 208 1160
792 69 892
366 87 489
559 603 318
743 122 806
569 539 1196
790 738 1195
695 627 1479
640 505 852
180 512 847
180 766 842
666 554 420
164 563 71
591 414 217
162 57 452
636 300 1293
523 768 1167
378 579 610
41 773 127
522 48 707
346 459 747
496 64 608
669 80 888
377 173 1545
392 483 597
407 103 314
440 514 1089
612 167 973
757 579 1502
659 742 501
251 629 1110
177 728 576
24 388 975
634 289 453
1 199 204
606 281 637
505 354 247
252 315 1547
163 259 805
656 448 209
278 381 549
568 269 1408
694 368 848
197 746 1319
789 146 432
364 274 1229
540 513 1371
424 191 350
619 344 640
465 434 875
551 554 853
470 433 174
37 421 962
558 455 411
574 743 1071
284 787 534
450 270 52
226 510 1125
659 657 1396
752 755 1208
156 359 402
355 662 699
446 602 1034
62 366 604
615 457 647
161 665 492
557 225 1210
702 140 602
102 168 68
487 691 1279
293 664 185
671 98 1464
258 525 1002
87 454 1389
747 689 372
786 547 944
174 730 940
314 137 13
438 660 71
423 55 713
719 507 1433
728 433 152
651 249 1449
108 641 1201
411 371 1333
414 16 766
472 708 1291
653 193 644
524 496 908
533 766 1186
155 480 1223
511 228 697
404 541 145
73 508 605
431 168 734
521 16 971
743 663 643
632 46 596
26 412 1267
247 501 1003
139 707 222
422 782 241
754 462 73
347 395 868
76 352 1079
27 331 52
346 731 553
495 274 450
11 658 370
104 93 1480
597 8 444
593 746 1295
536 596 369
644 202 131
228 754 1075
425 702 831
759 314 425
500 448 1092
329 674 14
488 6 1229
657 401 1102
624 184 437
398 130 478
565 467 823
543 450 311
547 351 928
721 496 1429
479 554 212
588 120 197
607 263 764
29 788 20
93 280 1363
98 491 1334
145 578 730
30 177 451
428 177 500
107 573 691
19 332 1185
426 675 909
622 406 1298
390 226 1037
206 102 636
27 491 1144
791 192 540
12 189 523
259 514 46
456 273 1433
646 747 1401
149 365 892
751 500 569
181 210 1173
796 773 120
200 138 1221
109 570 1371
276 565 667
221 320 1542
145 722 100
742 293 677
427 410 611
713 343 937
122 179 1184
247 755 1049
167 787 326
536 708 522
375 748 734
798 125 580
109 159 369
758 113 189
279 372 545
64 779 59
166 211 1193
235 472 276
577 646 535
252 404 1331
525 606 1048
328 89 1548
157 636 939
134 394 642
67 693 199
463 137 209
72 706 8
684 495 786
586 529 1083
149 717 280
273 346 1224
525 482 1127
35 122 745
625 2 1132
699 773 109
310 57 1055
0 687 434
316 51 308
235 109 531
715 345 245
349 260 899
16 35 622
669 583 494
137 748 1182
84 137 1318
749 381 1062
95 487 810
106 241 1300
285 255 1557
157 162 858
455 437 1029
471 159 1553
374 604 380
67 492 1490
587 674 1577
576 711 861
227 60 296
45 594 861
686 428 1152
358 563 1106
336 302 1118
382 734 733
255 252 808
589 21 1135
142 298 96
673 671 1229
605 286 635
92 138 1566
531 643 12
430 299 960
283 346 1419
179 128 1315
523 138 1191
135 295 1401
20 70 1383
117 639 693
4 212 599
516 484 1315
671 174 908
216 535 1224
221 399 1486
248 1 46
724 226 574
533 191 399
487 102 1389
556 287 1239
277 58 198
539 190 654
552 134 931
158 603 723
116 456 1269
754 688 736
372 207 1158
649 560 1159
661 368 132
473 582 152
157 341 688
501 339 1427
524 240 1323
562 221 513
243 555 745
754 647 686
186 782 1268
319 301 1288
598 5 128
340 436 1517
628 542 1360
95 656 924
586 753 244
485 522 1130
608 516 1101
752 505 1380
313 425 1362
462 799 1410
630 366 67
489 458 1569
764 257 1221
706 213 585
446 603 938
786 230 1027
19 199 1553
708 512 1005
736 287 800
604 137 1507
258 766 1467
463 103 319
13 19 1535
14 796 747
52 701 541
195 301 666
793 451 794
185 778 1419
54 386 1015
470 131 872
610 729 319
449 376 1222
148 539 341
128 23 150
762 268 1387
526 465 922
406 543 1337
665 530 63
658 68 744
206 428 749
188 461 1103
31 653 803
152 666 1304
197 597 138
64 432 1135
323 681 1292
179 317 874
761 387 658
120 267 664
182 41 998
506 72 1316
54 193 1515
280 611 862
635 731 730
205 35 1311
114 13 735
230 463 859
261 652 596
86 194 1186
367 664 1515
231 741 860
663 310 102
565 386 772
334 494 1284
792 504 801
22 485 577
288 623 1271
166 370 1209
586 136 1001
688 218 1203
463 399 717
163 513 1074
735 573 334
70 700 291
638 684 747
453 263 409
440 710 958
292 535 1316
250 586 242
771 452 1541
565 765 541
655 268 1107
304 56 811
94 91 841
241 569 1045
552 572 1580
779 300 1362
232 703 1357
72 454 1426
469 701 924
52 69 1009
635 151 1015
529 264 1367
385 325 766
224 730 533
448 423 644
450 269 17
542 693 1188
356 25 966
793 183 5
614 632 1499
335 754 665
137 743 458
94 301 131
613 248 304
204 280 56
520 730 81
543 689 1349
357 434 585
452 207 366
338 730 216
238 295 83
650 661 590
155 59 274
207 511 1354
576 470 1231
546 134 387
107 707 883
658 360 891
168 795 387
643 106 1001
732 184 149
182 770 1216
756 456 38
661 344 832
69 167 1406
103 369 331
652 533 256
617 321 856
367 340 549
28 693 1130
676 200 521
796 242 1080
698 570 449
595 500 1238
788 127 804
659 551 1045
394 372 1024
547 384 1595
683 7 1023
590 788 71
332 370 827
268 495 24
753 358 1364
159 325 794
379 512 1345
427 779 1327
131 434 1085
343 253 883
725 557 1307
575 193 1462
640 462 967
354 638 123
76 392 814
307 618 903
218 715 714
610 163 1463
794 239 1530
426 0 1246
737 418 1366
367 764 1337
549 530 559
600 276 716
25 734 1095
58 98 400
592 97 943
202 498 1113
223 1 516
631 479 298
654 216 1431
46 740 1166
204 673 1550
664 85 399
361 772 1206
426 704 1541
142 313 1050
690 621 749
585 536 1455
301 595 285
405 598 430
106 328 691
713 599 1427
50 93 639
11 687 272
186 675 1241
617 622 1260
476 517 513
84 121 566
741 744 1284
736 377 441
572 256 1044
521 611 1560
721 289 246
460 9 574
359 431 803
229 219 258
78 492 1182
94 106 1466
654 66 601
786 324 567
582 436 803
573 449 1003
349 467 55
80 585 396
324 525 1059
671 674 1246
296 651 1127
168 498 63
729 725 1439
64 687 1147
517 397 53
758 737 705
782 152 222
413 567 361
305 476 433
77 124 562
716 316 1564
317 136 1545
773 739 922
489 550 1209
326 421 304
279 692 72
689 200 98
740 476 726
363 562 228
98 749 936
616 341 1156
360 403 153
694 212 586
569 593 1030
596 224 1050
487 644 1419
318 694 1162
136 193 365
100 368 477
490 347 506
579 739 727
516 649 43
289 344 1294
90 149 327
194 685 243
478 453 1070
481 573 645
271 652 991
183 415 592
304 568 1343
538 777 1537
308 659 662
686 55 645
123 349 82
179 378 982
135 137 7
561 277 1273
710 429 1015
7 252 1007
562 61 1177
49 550 636
416 159 1484
574 346 1348
701 352 532
623 778 165
552 455 38
753 374 1138
483 214 705
343 569 1129
121 424 581
632 180 604
337 326 1038
608 3 1522
704 121 654
753 397 577
147 319 138
458 298 1037
629 489 878
375 570 1404
382 122 1238
72 420 435
247 634 362
217 436 791
455 498 263
597 352 950
737 17 586
191 767 479
739 514 531
558 165 265
677 288 593
26 675 659
525 589 426
778 755 806
557 427 872
89 726 538
85 415 766
625 429 505
45 43 696
6 63 292
137 592 678
392 73 1124
296 340 32
352 566 948
493 738 1024
282 435 457
467 478 1272
461 89 584
564 690 661
665 573 1229
534 236 971
24 798 933
494 241 1372
81 473 1167
764 524 320
368 179 1350
386 415 1331
661 469 7
81 134 363
799 359 1327
779 463 1531
574 692 889
568 378 1320
133 63 1376
104 402 822
229 169 915
714 282 1467
282 409 1441
590 456 809
270 466 533
353 651 375
788 637 633
743 113 1044
767 506 399
655 80 806
508 786 937
167 19 1436
626 512 649
725 397 316
666 790 731
638 700 528
251 310 383
441 382 1276
644 534 1037
502 659 1478
795 508 908
542 325 383
642 666 1094
668 532 1064
216 451 1101
712 648 1149
537 65 1435
610 319 755
696 395 700
516 581 101
620 332 488
331 743 233
21 126 152
91 404 1225
167 691 368
160 461 582
178 366 311
113 319 1144
570 194 220
77 145 594
540 123 1207
384 527 1490
279 690 740
416 390 985
51 719 1042
313 5 46
239 2 747
567 244 1553
354 333 1189
458 118 418
690 641 236
591 248 377
326 419 661
551 303 424
91 121 719
234 380 207
420 594 474
211 662 585
489 699 534
321 686 455
44 364 612
787 629 149
181 570 430
584 591 632
347 718 122
13 79 1004
183 38 1477
720 178 394
680 734 1475
336 706 1401
366 388 641
232 504 14
476 495 1240
476 398 498
41 479 628
6 169 559
679 780 445
201 716 460
567 696 285
97 552 1330
140 482 1129
750 635 979
711 619 532
43 89 1194
505 212 399
190 471 138
277 723 113
3 770 39
668 366 131
322 681 876
309 484 974
257 418 669
211 745 62
239 178 1446
714 386 670
271 350 1336
514 177 15
569 332 852
493 569 521
79 655 819
401 293 1502
92 366 1086
380 190 1340
741 130 1357
239 109 1595
693 245 302
751 503 545
148 558 712
439 268 1091
315 8 563
129 646 100
465 608 1378
396 176 34
531 665 1400
262 371 349
133 491 1034
518 166 1168
635 117 1366
690 624 1383
43 69 1439
84 181 1365
290 307 745
672 72 970
627 791 345
651 218 738
309 497 1427
260 353 728
192 471 993
204 86 640
234 16 774
736 671 710
166 92 1504
696 42 729
53 352 155
233 567 723
85 284 538
776 388 1138
759 16 879
699 417 517
768 378 853
188 366 908
82 279 996
335 470 1051
106 744 1352
730 723 755
308 209 1327
82 675 686
293 759 1226
681 469 1192
264 126 384
556 483 1182
76 683 743
748 515 385
577 667 284
384 22 335
589 747 955
598 335 433
53 548 510
205 107 187
742 329 1472
719 621 1277
193 311 345
462 134 377
292 20 1439
103 53 475
428 28 362
797 72 1528
223 577 21
120 723 139
731 768 1159
442 734 381
722 589 323
477 106 67
753 766 1552
727 116 500
561 94 174
372 371 641
499 229 1207
57 114 1371
10 764 254
672 347 1177
224 227 891
323 781 1074
774 767 876
122 616 1430
15 186 834
665 354 1188
139 554 164
145 35 50
562 246 1174
121 601 1596
747 481 655
570 767 56
422 664 0
486 293 130
420 753 1164
597 462 841
158 150 1526
6 143 1353
540 698 1056
12 581 684
114 555 1286
631 31 1330
610 542 1109
557 407 1062
317 251 747
485 775 388
765 541 224
269 614 145
710 622 840
187 592 338
797 585 817
75 484 400
150 340 543
670 447 1578
150 780 125
281 209 1142
488 734 585
39 519 432
532 738 1295
348 144 1201
695 205 1453
466 282 1181
100 681 717
