2000
1398 574
1228 1786
459 867
1102 1223
1842 1977
217 1304
916 939
882 1413
1126 1570
1944 78
407 768
310 1786
1308 819
649 159
1514 884
1467 1867
668 30
1373 1475
779 1990
1995 540
1095 1477
732 709
1034 1307
432 37
879 1490
1047 1384
468 775
372 1831
760 1744
359 774
745 1358
1487 331
1261 1990
469 11
1836 1880
59 1777
1472 1348
1068 109
1604 567
1818 1142
1082 1864
92 780
159 849
1473 223
1139 306
988 1287
1889 767
206 1942
1856 675
1985 66
71 1208
130 721
1152 334
530 1192
689 1975
1049 653
1589 1683
106 1652
1577 757
1919 473
1982 642
1702 804
1373 646
1719 787
1008 1401
743 1979
1088 1683
1249 673
1495 905
407 1379
1496 42
1247 1917
79 132
1976 491
1853 217
1442 583
1406 1243
1611 1431
476 1610
1466 1298
798 496
387 1949
48 287
1811 797
47 1252
592 94
1731 1654
466 1041
1733 1348
907 834
313 635
500 1280
1120 8
1934 631
617 1527
1426 274
394 551
275 1846
111 1328
453 1411
999 1448
1532 1083
1429 264
674 374
342 934
1213 1905
417 138
97 1110
1194 1451
1231 727
1676 1197
1988 1153
845 486
1378 473
738 640
801 131
479 580
774 203
586 384
223 1603
1247 1090
23 812
1352 406
232 1744
1066 339
1846 581
1700 341
175 527
951 510
1533 540
647 1459
169 1349
1363 672
1904 431
1011 1041
1228 993
1651 385
1122 1059
1648 1222
655 1840
1216 405
113 1079
447 1991
1634 996
1983 740
1262 703
1548 489
1801 466
897 573
1964 274
1624 432
842 654
1778 1734
1080 466
648 24
436 772
1633 30
520 413
418 1731
1890 938
776 987
935 1765
1283 1077
1530 1379
331 136
657 1171
1582 11
564 1570
1932 197
102 658
282 1242
642 685
519 1220
343 1779
531 1993
1959 1533
195 268
1095 916
462 238
735 1159
1811 1532
8 1783
1647 1440
813 106
293 212
1945 829
1860 1533
256 668
1860 323
1397 225
1471 302
423 1998
552 1914
1485 918
1346 1707
246 774
385 566
1055 550
1844 1389
673 241
441 1043
222 364
1424 406
1247 1960
1541 403
85 1443
1471 719
808 737
1398 1858
1296 4
1740 1944
1444 694
1898 14
246 1575
961 1867
1687 696
1793 418
1241 166
1591 1313
225 1599
728 1280
1811 1770
806 433
336 496
922 1076
1579 887
79 908
470 1414
1773 1974
889 1804
1698 616
594 1540
1641 1119
1247 1662
444 209
401 432
978 1344
1966 291
843 721
1323 401
916 338
1656 909
14 1739
1063 991
1803 959
205 787
741 762
1227 206
1895 1611
1686 774
516 135
545 81
405 860
895 1262
1652 833
955 1300
173 1176
718 1635
995 510
820 1169
1323 1763
1995 802
1122 237
723 1019
1258 1811
1719 229
1422 845
10 155
512 1720
1038 176
313 1776
225 385
1589 1255
1898 922
1558 1977
282 446
409 195
113 1843
1300 1098
502 1550
947 979
936 1877
460 536
943 786
697 972
1816 1999
1178 1204
252 1897
1621 1567
1613 1262
453 1343
382 1151
1415 1555
463 1635
271 541
1549 1838
1027 1972
473 1068
1118 1210
559 471
210 1900
1957 207
1232 1220
184 1985
979 163
307 1299
855 808
1917 1037
596 1478
1438 330
938 670
1275 1429
1210 1689
1006 1856
1152 662
139 6
1243 1789
1886 1867
1087 1609
677 416
792 58
348 1522
245 1610
341 751
580 1611
905 1491
152 450
1222 1742
1641 152
87 1596
138 203
675 1463
300 1117
1238 397
38 1486
420 430
1433 1149
1304 1280
1923 1677
1313 963
686 180
1974 1869
335 646
859 758
590 1866
819 272
1578 846
1718 468
1206 3
970 189
1793 1387
1403 636
1672 1878
677 445
1259 1667
1975 795
657 1773
44 1433
1148 392
821 1961
1982 871
1024 1373
1744 1278
576 1899
902 453
1689 505
493 1275
1178 730
1115 775
1436 1149
1412 26
903 1749
229 1710
451 92
897 163
1299 987
1113 540
1094 1248
1009 645
949 1585
1502 1334
759 1155
1947 1129
1123 1183
1403 1576
1190 779
1064 707
110 1738
862 1843
1795 673
791 1592
1129 171
1037 162
1083 932
1733 708
232 1172
1791 1563
502 389
1107 476
245 1062
993 1805
1160 1209
1935 101
1064 419
92 1027
1741 306
512 697
1239 859
801 1355
983 133
449 1564
1734 1315
1585 963
679 732
341 789
1771 1132
1713 1261
741 674
754 1130
978 1131
1695 1863
179 882
37 1246
322 1108
1418 783
1776 121
1497 986
1234 115
773 669
1617 1708
1214 421
1764 1218
133 158
1966 414
1006 1833
568 691
1704 1618
203 1654
19 1140
215 1380
1779 1118
1056 371
812 1254
11 1098
1908 536
771 622
1553 1165
1947 1805
192 967
1075 1630
103 1606
1512 1236
1368 580
806 1584
518 93
1714 622
222 85
9 446
1253 1164
1448 1420
416 1302
714 932
1065 1810
1682 642
1388 1338
877 1043
1369 1299
112 658
196 1307
1424 1616
349 1364
759 1777
1971 364
1051 700
190 1815
1255 259
1334 346
611 1775
216 249
525 1449
1547 628
1694 1400
801 1369
518 1764
695 850
1860 1134
1875 247
1598 117
440 1344
1870 373
790 499
1461 227
1225 1483
1503 489
1019 1533
1121 1426
1755 1098
352 1899
63 1615
1950 304
1308 721
1688 794
1499 701
487 235
1669 1796
917 438
1057 1532
1289 1986
464 1808
593 372
873 1260
1417 784
1384 1781
653 373
1354 1944
811 1284
69 1745
280 1776
264 1388
1853 68
1432 1559
407 627
962 1763
916 1015
1376 965
1241 1526
18 1616
436 954
1717 876
577 1234
1114 1256
605 1915
1030 1990
1138 1074
480 1486
447 1579
1301 1238
400 321
436 651
1356 1931
1946 1156
40 623
494 570
361 530
524 1433
1840 404
168 81
1328 45
241 1691
556 913
358 193
1572 140
1126 306
1206 16
1581 466
1615 95
236 1617
1823 4
883 1825
1918 1651
1267 713
78 912
1878 1610
855 1435
1033 84
439 1003
432 1095
119 632
1396 1524
1434 1476
370 615
383 1800
947 1714
1131 1297
1263 1429
1746 1667
270 1298
1220 551
900 306
839 226
100 1435
536 1384
1015 722
1627 497
1712 505
1099 308
681 566
465 859
1978 174
1774 1087
1564 683
105 1472
909 1181
659 1603
342 93
464 1082
586 599
192 650
835 1176
1157 372
61 1054
1024 1590
1681 419
1656 1980
508 60
509 1272
470 1652
1442 1968
16 482
1509 1210
13 1694
53 1837
217 59
647 1478
1249 1085
829 24
1377 1202
495 1923
100 164
522 156
1161 569
458 1228
1347 327
1280 975
1075 1397
877 1997
1141 905
1774 367
1600 52
74 6
560 877
946 1019
980 8
481 133
20 1019
517 1164
1653 1575
816 1236
583 180
89 1535
1145 1832
504 365
249 1875
183 1494
195 1617
1013 1204
92 1889
594 204
727 1299
51 659
1336 1934
362 1589
1485 117
185 1140
840 1241
1817 1324
1526 518
1932 1778
1330 105
381 960
1426 1592
600 1783
1254 1247
1650 638
1766 1204
1715 1706
314 1540
1379 1011
1726 100
1260 1748
1288 574
978 562
1493 893
1886 743
1940 1474
1505 1850
585 1969
382 1225
911 1889
153 1349
954 1303
1039 1082
310 1683
1912 1412
500 37
956 1163
206 344
635 1980
385 1320
1228 189
681 1714
361 1893
1701 1631
1539 1164
1969 1323
1479 109
1440 1926
202 80
1656 406
501 1725
1020 1260
1717 1774
52 40
1847 1844
1719 1511
1493 447
1937 1176
131 1886
1782 313
1085 1729
864 1617
800 267
792 1010
1740 258
1555 384
1977 1328
932 341
107 338
814 118
1397 1306
1236 982
1087 754
1830 1794
155 219
360 1379
1496 532
798 176
245 1992
1502 1088
634 1848
808 1597
212 1807
1150 499
604 1959
586 491
337 808
1634 694
20 1967
971 712
1744 1198
39 1623
202 256
552 412
747 290
311 1842
1158 1797
425 64
1932 374
1474 237
1760 1587
1973 1509
1649 1434
820 84
260 1215
755 673
93 1568
1804 1861
1684 753
1371 876
1713 1073
223 22
1002 1486
1052 1736
810 1130
897 650
229 571
10 1992
821 500
1499 612
1496 1584
922 1469
329 202
1454 1128
714 1200
395 932
58 1217
538 187
446 474
1148 1428
222 1754
170 1126
294 373
1260 792
458 287
1482 1472
1144 502
1711 400
1805 1016
10 216
1052 1342
1011 1076
363 161
303 1776
469 675
1162 1527
64 197
1470 1762
299 513
1589 1765
1956 1548
927 101
697 941
1801 1893
94 1853
254 607
1562 671
571 257
1201 1614
1790 178
215 693
1327 399
74 486
1800 157
1205 1575
312 1998
1727 157
117 1844
1636 884
1363 1668
1097 595
763 1763
336 278
796 483
1676 306
1773 1655
1871 1278
359 567
1123 389
1830 792
5 1543
811 1271
1601 154
365 244
1762 1093
538 1947
470 472
1952 209
738 942
261 626
794 1018
247 1240
1387 1741
722 459
1815 461
1501 1906
220 1964
739 490
1859 384
1301 1822
1759 1900
1058 1033
737 1299
1226 157
627 135
1994 1704
1684 727
1700 68
1369 1032
1228 1940
1796 1257
1280 1414
1326 550
993 815
979 1056
1080 1793
1902 465
128 656
1238 563
1061 920
139 1203
262 458
1687 545
1518 933
913 1878
1500 735
484 623
873 399
1577 1739
560 237
1932 1221
672 85
773 265
7 514
1559 589
292 249
1115 277
1314 1724
1874 921
816 641
399 1248
1224 830
688 52
975 1721
967 1557
343 252
1679 1439
1235 1054
1100 1885
660 1009
1317 409
1523 1734
1303 362
3 589
1366 876
687 561
1433 1360
1491 165
1900 354
202 1915
971 106
1179 1101
1050 1788
933 1220
1421 16
1757 1594
1586 1691
1859 1775
620 1203
1558 1071
926 972
1150 662
399 1420
236 1829
1125 396
716 1335
265 270
856 1559
770 924
573 1247
1651 797
1898 455
1867 539
1 23
1743 12
556 1044
1639 838
371 115
1013 1513
1538 1288
217 1854
476 136
38 1371
1765 327
241 926
1694 1918
1550 804
1371 590
1047 1118
1106 598
1037 1149
1256 740
1148 1531
1358 190
642 233
1027 1110
1937 1163
1181 1055
485 1932
1854 203
1862 348
1009 1851
1126 411
1787 1764
1493 237
583 640
829 714
138 781
160 328
1483 1652
1481 795
1268 1144
1215 1580
1404 1210
954 843
529 1990
1306 14
1992 460
1011 1153
256 987
916 1070
1045 1652
1165 1355
1943 549
448 1188
1482 711
1668 326
578 1273
805 779
1859 1692
1511 480
671 1785
1690 1169
1204 1054
1033 1164
1131 1782
776 1414
578 44
407 368
646 655
9 872
1825 729
715 558
1561 74
1029 1560
1965 1521
1084 135
1919 1540
1380 339
70 169
1697 773
1907 785
799 936
253 1072
422 531
1979 576
1815 1207
1483 778
421 1350
235 224
157 914
904 1676
1703 1260
866 83
1847 539
1560 1835
1720 10
235 30
866 1315
837 727
1444 164
242 838
321 803
1583 1676
33 1253
1971 1851
1133 27
1341 460
1976 0
1240 1606
1452 953
609 921
386 1191
883 1698
706 38
1085 947
1307 510
529 967
128 1476
152 1391
197 1840
362 1112
180 185
206 923
1914 142
677 326
1501 813
1353 1197
1612 570
463 38
1026 1811
290 194
39 1088
863 895
628 0
1343 1174
952 1971
305 185
989 1882
801 571
1160 1330
467 848
1894 637
108 914
1324 1724
1304 50
81 648
1734 1145
1485 1239
1287 1988
894 1707
1825 242
856 55
710 990
436 1375
1294 948
1118 158
1775 1012
257 1358
1157 1125
737 1304
798 1489
587 1426
1103 1581
1116 1523
1485 413
1878 895
271 6
1504 1505
1323 1871
637 573
1639 1083
312 266
1893 1919
1352 741
203 1655
824 707
1555 558
838 1309
1725 1626
823 1583
276 872
826 1158
527 774
578 795
1763 970
1153 1535
1569 803
1586 1812
1193 1276
1898 175
13 955
254 1991
1387 1767
1901 36
1667 1605
1264 1655
1457 1140
1797 308
1610 768
1571 1081
614 741
370 1767
1383 357
770 1993
1694 1433
819 987
2 1142
29 1941
1122 1834
179 778
934 98
1244 1119
1849 719
691 1399
145 122
226 512
976 1690
775 643
987 1482
778 1701
1888 301
818 1956
1672 514
188 904
1519 653
663 952
14 922
663 278
463 1149
722 749
134 1245
1653 389
1997 298
41 36
1095 521
1604 1404
1868 727
916 793
472 1281
667 400
389 1334
729 591
1026 1926
269 891
801 800
60 1850
1593 371
1794 1567
554 465
1274 443
1524 1818
659 1146
1353 1892
1362 1917
236 742
1036 520
1420 1185
1897 359
1693 57
1384 195
9 638
1567 1199
218 203
737 1532
1301 1653
1578 1425
228 811
1709 1689
1013 870
685 166
928 879
1744 1278
1446 201
289 1466
549 383
1755 1189
1695 1903
606 1890
1679 1381
929 910
395 492
1439 335
999 679
1987 1668
1316 609
657 789
234 1656
1354 1183
1928 222
0 631
107 565
833 212
188 139
1161 42
1510 1930
749 1946
1748 171
1023 1138
1090 1526
198 261
1855 153
276 631
1770 1364
1794 1390
242 1456
1651 712
396 1085
1769 689
96 160
672 786
1029 1083
705 907
1154 1470
660 1777
1789 438
1862 1112
255 158
385 1811
596 177
222 742
1551 191
693 520
642 523
810 1460
1890 1828
172 1795
387 1872
714 1405
137 703
198 243
556 1201
596 1741
577 1960
1562 1780
1397 195
131 1051
1433 380
1713 93
1686 316
851 1313
352 984
1210 1851
571 735
203 508
434 110
1656 955
1177 1611
791 1013
1708 160
100 1788
338 764
1604 863
1715 504
1994 213
1579 861
828 779
886 1566
1677 1540
278 1245
48 1949
865 695
1847 1836
537 1442
625 1921
739 620
1603 1018
1350 660
1289 1251
1586 174
1723 643
497 1555
1791 705
727 1585
1943 244
74 1980
1340 1072
1287 1635
687 1765
1994 277
1886 837
396 1507
506 815
226 568
1736 1783
1380 112
1115 138
88 1705
602 1681
796 1450
245 1192
239 356
104 1068
1059 203
517 1806
536 490
376 265
700 963
254 331
346 1972
1579 1982
1401 1712
1437 1266
1520 576
1151 829
479 753
269 480
314 1135
536 459
1103 1436
373 1331
1825 442
781 557
887 320
967 598
1027 267
1810 818
1966 857
201 1888
354 1416
1551 502
1274 1172
1731 1782
1831 1604
289 164
1207 342
1604 503
946 1399
431 1704
243 1014
1364 59
613 1829
1856 409
744 1078
420 494
1181 74
1968 133
2 1095
821 1915
1586 73
143 129
1140 425
319 136
2 1724
1546 771
867 1751
1477 582
312 165
1936 1419
546 661
1375 1895
934 753
1735 503
95 1230
1975 1447
678 930
777 396
762 964
372 1348
1569 1661
1882 157
1620 1781
814 408
333 1216
1999 315
1106 1330
365 1839
1321 1269
227 1168
1529 1757
1433 753
739 1771
1943 1207
1665 1107
751 615
943 51
1032 626
1805 867
314 185
969 1224
785 339
1863 1701
891 1833
233 1921
8 934
771 788
1036 1059
1469 10
1275 695
457 1220
286 1859
264 1860
1281 576
1333 1059
1796 1653
1705 229
509 1710
1881 1105
827 1892
1182 336
1634 1468
201 74
613 312
1410 563
1718 1126
979 1359
1874 1350
1086 65
1790 1971
660 645
149 1572
1618 1108
1619 379
1959 892
921 463
1223 719
1506 30
653 1703
1383 77
1050 1720
985 1457
272 1927
68 231
744 247
443 622
26 1716
1195 1021
1564 1059
1260 1943
1817 528
1597 614
848 1120
170 808
1404 849
1052 1454
445 10
79 1301
317 1842
604 1629
18 665
996 691
1991 807
1790 23
539 624
868 1075
1497 447
1292 497
1152 551
426 242
1764 579
1241 126
1008 813
607 117
236 1004
966 574
1156 388
938 1758
752 901
494 1989
1792 1568
757 1042
1860 111
1695 1
1329 1564
457 1921
1448 1971
1454 1352
207 630
952 1807
713 1750
85 1078
1679 637
1599 556
622 799
1508 1670
456 1423
1773 1542
336 1732
1941 1723
1989 1634
696 131
704 574
596 1737
507 161
322 1697
883 963
731 55
1439 1073
1764 1201
1540 722
1393 1320
367 378
991 1542
143 1897
47 494
349 1662
779 986
1894 1498
794 641
1032 1499
1495 775
1639 1375
995 234
1046 1598
1815 1029
680 1071
827 1922
1823 1361
71 872
305 694
1171 777
868 597
183 757
338 764
930 805
58 1964
88 471
644 500
84 1074
1647 41
1384 1451
1054 210
1015 1533
693 1653
1582 529
1918 1605
609 995
1809 1648
1675 1914
1120 503
233 430
300 1046
838 687
1081 465
1955 872
500 1291
1426 237
210 60
821 1343
771 1021
922 1486
286 523
561 422
726 299
425 1634
1652 847
963 1354
1473 1452
1932 1525
211 1521
1101 585
1126 832
174 1295
277 1085
782 1698
666 1422
62 7
455 792
1866 1739
294 1405
776 1489
1117 1809
1475 962
1131 145
1009 460
1880 1102
747 1449
1496 1700
1375 1087
1786 1326
1450 1923
1489 62
316 850
599 1344
300 1570
593 1810
1148 172
1426 1631
1682 662
1821 95
1979 105
645 576
517 733
281 776
1213 819
1412 130
1399 1985
788 1220
14 1501
1365 12
1341 19
326 1079
125 1473
1000 1412
574 1153
891 1910
206 1712
667 15
940 1011
865 1761
1187 1247
822 378
214 1952
1612 317
447 1220
362 1178
791 1982
478 298
259 1472
569 1199
1372 1252
157 92
245 945
1616 983
1404 1237
1735 637
360 669
1962 1593
1579 965
1408 627
1150 1994
1055 1724
1459 759
1051 793
1770 701
520 1044
482 588
382 505
1438 912
1910 182
1413 684
1924 1979
73 803
1477 1517
41 512
574 1479
158 1215
177 1
980 1358
1165 302
996 1196
512 1480
995 103
1305 319
467 1890
495 799
1838 733
377 1723
1284 822
611 1874
930 1011
297 149
1874 903
281 810
1715 1253
714 477
86 1323
1392 896
1708 1129
1691 221
70 1233
440 1036
641 173
169 1043
117 1173
537 701
1672 1407
1953 734
1488 186
1768 1106
1475 1979
1418 1156
451 787
586 1400
1846 288
605 732
274 52
1126 1243
181 1491
1248 1797
1743 538
1329 362
716 276
490 389
518 1084
485 1173
51 204
1215 1041
1042 129
1223 746
1647 294
952 459
264 390
1416 1563
1764 1
1072 1569
1768 607
1411 847
709 564
1480 148
1809 1338
1703 1164
1049 1397
1332 424
1222 823
207 480
544 1337
1606 1757
655 1460
614 988
1844 1596
200 1897
667 1648
807 503
1723 1235
685 858
211 933
276 339
613 1679
1851 847
46 1008
119 945
449 684
393 1315
720 1613
1933 1759
749 1473
1980 1608
465 1673
1628 1761
444 365
106 502
1574 330
806 186
1261 702
1461 1957
1834 16
1498 585
466 861
537 878
1691 1708
980 1071
1439 1499
1434 459
1640 916
177 1907
1906 80
1863 757
845 110
1444 495
53 1264
1710 573
1577 411
1906 1455
1819 827
93 297
1124 1701
1489 1670
607 1933
997 1167
987 46
934 715
1055 1996
1712 477
1627 1355
1960 1492
1353 1320
392 1894
1726 1097
625 1113
1731 1184
621 1461
488 296
336 291
1061 1964
1742 599
1474 1396
88 1494
1964 402
248 1754
62 1855
208 1715
905 306
1688 315
1716 1433
464 1235
1052 916
1719 1903
1190 247
101 1536
1441 177
771 1255
25 400
1559 976
1630 998
188 711
403 108
820 267
1670 819
854 922
431 906
502 149
1174 495
1989 1654
1817 903
1308 1084
1481 1076
125 129
408 595
1181 1488
491 854
1152 1840
885 682
382 727
1558 449
504 1305
1878 1064
1683 280
768 914
1955 690
1235 1871
1909 486
1625 1103
355 100
1976 937
1446 1241
372 1428
1068 1115
462 797
980 1305
7 699
666 64
253 530
634 1073
171 1403
1950 383
1170 1205
954 404
1564 1037
1583 1996
1437 1147
799 1714
581 1782
1408 734
788 1345
328 1883
853 1109
1617 1338
474 239
641 575
1583 1161
1629 871
1466 875
158 286
717 1783
1347 1354
633 1809
735 1177
1366 87
716 409
959 306
1859 136
65 1543
1846 402
408 114
1134 358
1414 640
792 537
976 308
188 1220
1009 1864
1787 367
1374 904
1289 1245
1139 1919
1372 595
630 745
107 697
932 887
1862 17
204 802
1405 725
3 543
1813 1045
1964 1129
1672 1071
847 1452
314 1729
1391 1073
114 970
554 334
1163 1707
1556 675
724 659
859 865
1474 1224
1767 397
144 1537
308 955
1605 112
1157 901
1788 776
83 1507
1105 1706
229 250
1273 532
1336 881
938 594
1912 809
1655 198
820 999
1018 776
762 1920
1859 850
872 1874
186 333
482 422
706 787
1597 1949
13 1171
910 210
376 1717
1908 382
883 1880
1238 23
76 91
72 56
496 323
1285 1208
212 1535
517 596
978 422
1122 1842
1673 715
699 1661
1163 1790
646 117
1820 588
890 1596
1435 909
80 998
423 702
1981 925
807 1655
1638 438
1530 743
887 715
936 254
784 1563
1932 1992
1307 1072
1788 830
1604 1415
537 64
1472 69
1014 1683
240 896
932 1550
1732 494
387 724
1491 1759
944 1757
63 675
1976 1471
441 459
351 1943
246 655
590 1284
1322 1577
22 383
110 1149
1812 373
341 1889
1508 313
1494 1899
1006 1449
1063 1619
238 1869
1545 1718
1393 856
1404 1448
983 1063
1930 18
1397 53
158 1681
1935 1421
1350 1423
182 930
297 1020
1321 879
1322 769
1293 925
1819 830
1290 642
643 953
687 641
577 1774
752 1935
1554 1132
1304 1140
332 833
1140 1118
890 586
1318 908
39 177
1301 1518
519 1661
1671 504
1774 1936
1178 179
541 709
1399 870
386 1045
920 1949
523 442
827 541
1529 1059
328 1966
829 1391
786 415
1942 1152
1204 1539
1585 1417
512 901
448 1676
1877 160
634 1576
1119 1911
1467 1722
1757 1330
1457 1572
711 93
321 1515
944 1524
1422 495
302 779
1650 1527
755 1352
1915 1443
700 1279
1728 1227
1745 28
1224 693
1727 1569
312 162
1042 1415
132 653
559 1945
1219 1465
481 1892
1956 1869
1645 1295
1081 1629
870 1251
10 1247
1350 1494
866 109
978 1089
496 85
1781 1276
1128 1580
80 723
1735 1211
1066 915
1637 228
1247 1344
357 1125
961 699
465 366
1440 91
799 1438
433 1340
1751 559
1039 156
1087 741
1336 1163
1667 1467
1095 1824
313 1525
1099 527
1562 409
733 841
1871 1405
1600 141
464 966
258 566
1125 503
663 899
522 541
1693 1633
1370 519
988 777
1892 741
999 1564
1595 685
1632 1954
709 263
461 1153
444 1575
1670 649
800 908
1810 1704
897 1710
753 961
763 1339
195 1473
522 1392
499 352
1588 1054
32 1988
1864 975
247 1291
1333 291
567 1586
1625 307
1444 124
228 1157
1414 1421
395 1790
510 1924
866 647
1772 1620
723 1995
1743 148
675 1981
1692 1920
1709 1046
1453 720
472 560
1810 1483
839 851
1254 116
104 555
1328 1890
1721 471
122 852
1078 138
327 398
1402 1783
688 385
1168 560
466 1784
468 618
370 563
790 629
293 1344
1138 1615
345 1216
842 457
1415 416
1654 1898
557 977
712 670
1355 42
1216 970
23 1834
1937 137
883 1083
1026 420
1327 532
1431 978
899 1794
1784 1620
674 130
1649 114
1394 924
1953 1678
1009 822
1204 1758
1307 1872
1487 1047
1366 645
1394 1082
481 1906
697 565
516 41
245 1691
225 809
579 543
912 140
1724 1311
1685 1939
1185 126
1107 1614
556 1421
273 1683
10 55
1492 1227
1541 1363
206 904
1079 354
1790 417
233 1678
154 595
252 245
380 1451
590 729
1608 693
1385 1553
988 1794
9 1405
858 334
332 1848
1701 385
1110 716
330 369
93 1302
1889 1275
1921 168
824 1175
1116 1050
327 1380
1265 1435
1422 1676
404 58
412 1934
571 306
398 1845
298 1303
1289 866
1135 861
197 412
1605 1112
485 1529
1080 1216
1780 742
913 925
1916 1936
575 1408
216 1312
880 1315
205 221
1570 712
1970 958
401 290
1164 1739
1045 351
173 1720
1025 1184
1767 1381
383 884
1070 1948
448 1734
424 471
1618 50
1456 785
647 812
799 1452
894 994
1750 1002
407 1066
513 913
87 1175
1899 1463
946 1266
1295 1690
1161 167
1634 1049
174 1846
711 459
1748 486
1372 1148
714 700
363 1918
826 344
415 761
436 1472
255 881
1103 344
190 522
1520 1869
1730 559
182 581
1114 558
1983 1763
1815 1389
1278 908
727 1058
1481 539
1927 829
1776 814
1202 1759
229 874
1801 1396
878 217
1337 1415
1942 64
284 1152
1370 1688
1666 1723
744 1516
766 1033
1435 774
1123 99
1140 363
1225 1189
1611 1702
439 1342
1860 913
1828 1967
193 1144
92 344
661 1174
153 1832
1590 825
407 924
1616 1581
1016 912
1534 1721
918 438
1671 750
1231 1941
549 1945
469 1708
1203 1308
1940 706
244 636
863 1742
260 1561
852 531
788 251
1217 1076
95 1999
592 1733
976 821
1587 560
415 178
1126 366
958 57
1756 1308
574 158
732 847
1339 109
1279 1635
1502 161
1559 1025
410 404
1939 722
853 412
229 1817
1090 374
1568 719
1465 1694
1260 687
778 1037
1666 1842
622 953
45 889
950 659
1585 151
1362 64
1009 784
431 341
1208 1917
534 394
1447 397
1257 1671
1263 204
83 765
1990 115
866 834
628 877
1133 330
439 468
564 286
101 127
687 898
195 112
1510 607
1534 1657
1455 1281
1067 1333
1005 1242
1200 1332
1925 368
1432 52
1362 1356
551 1097
1660 837
1120 367
352 1647
577 499
996 178
39 1190
1655 1273
85 754
1578 1749
555 1197
762 1041
868 1139
1043 862
952 1172
1453 1730
1874 1693
1845 1268
1369 965
1817 241
510 808
289 1995
352 115
407 1720
1762 923
1455 206
1905 806
396 379
413 999
1589 1056
586 426
575 1036
332 291
432 184
1231 154
1041 823
61 1285
21 373
105 1425
260 951
1105 1523
100 1772
1019 841
319 1486
1627 1257
486 517
340 1941
1233 1442
1322 814
102 1584
781 1444
1118 90
1673 698
617 1066
1641 1095
662 409
371 21
574 1945
1986 1039
1265 1619
1803 1694
1208 241
596 410
1022 1594
897 1291
282 687
1019 776
1999 1102
1479 918
1148 1076
8 1452
1815 279
995 938
1745 1014
335 60
1269 245
1868 1580
1984 1299
584 168
914 187
1524 191
187 55
1797 463
124 1709
926 1645
1859 1083
689 1392
1504 1857
57 867
15 365
318 1867
577 780
433 1791
333 128
1656 755
325 1168
745 958
818 1771
416 865
192 940
548 1203
1197 1481
450 1055
949 1270
556 944
1737 887
1647 1402
1585 1525
1811 1521
1728 90
1421 976
53 1238
600 1803
409 336
1163 1269
1506 874
967 262
1292 520
1117 1365
189 1407
1808 1679
1930 542
435 977
1343 240
1180 1132
1552 623
322 1120
909 87
62 1219
1637 659
1675 1766
721 8
818 1850
1843 246
1709 456
1650 1371
796 1533
24 753
1445 1349
441 355
1592 151
746 1436
958 603
1526 19
1323 227
732 107
1449 1602
1414 145
1770 1116
466 1945
1660 1887
1645 1761
1853 355
1000 915
1255 238
1505 1883
1934 1432
1019 1372
1026 979
1480 545
791 1238
1112 1406
26 1805
1338 575
483 1220
1381 1827
1963 862
304 1505
795 445
858 985
961 1585
214 1072
363 756
1604 1926
1625 1759
1912 714
304 1620
1359 1971
945 727
373 572
1237 1267
1735 341
1115 1374
712 1539
750 1306
990 1787
1413 746
782 813
447 291
1405 817
610 761
332 126
1825 1119
1457 361
1791 1189
675 420
1972 1883
1231 1846
1627 256
171 649
894 1063
8 1313
1933 146
800 1734
530 744
1138 475
905 1094
1271 788
133 1777
1607 204
763 1998
131 1716
1848 1070
1755 1007
713 1046
1365 83
694 847
1219 1457
817 1353
445 1277
27 30
1859 1783
1956 886
1849 320
440 1668
1777 452
1628 258
755 32
1280 37
239 578
970 843
1076 1345
1719 424
1092 1623
503 1035
1081 23
467 1454
1788 1838
252 120
1262 1267
1436 1174
1047 1890
1623 782
319 1248
1923 658
243 306
1559 1063
1940 804
1352 1874
1774 1162
858 424
529 1053
1549 1360
1979 928
1928 694
1857 37
1006 1538
598 658
540 204
1017 1181
1733 111
1091 1553
318 632
1689 403
465 596
1426 1482
403 1528
77 384
1034 1749
1078 1824
479 553
619 1974
83 888
1684 1831
1330 557
1154 1974
1318 455
130 628
405 1397
1082 1602
1131 302
650 1330
951 62
1970 1677
1472 800
686 485
165 1387
1856 1493
1848 710
282 1846
604 789
628 1611
1117 605
3 856
1371 899
293 1430
1369 707
279 1495
764 1707
1715 105
1254 816
341 1020
1260 183
1995 1363
1755 1783
122 1167
556 1482
1158 1885
1793 634
1591 556
1828 958
254 1071
1086 763
1568 1322
129 734
618 1291
296 819
1371 1300
1107 1334
1201 46
465 632
651 1807
159 1798
359 959
794 1027
296 551
997 301
665 208
122 84
396 300
551 261
723 1628
767 1563
161 296
1084 1533
1480 294
1620 209
961 1228
1730 609
1227 627
64 126
1823 819
1029 34
1640 1369
1062 126
1444 1625
883 1624
1386 1124
15 600
795 1527
1101 826
1229 399
1018 712
326 537
74 279
1448 811
482 1298
206 1412
170 1536
1141 1819
1197 819
228 1241
852 1092
602 1458
1773 327
1813 1043
1835 1531
286 1878
1302 1538
1582 302
1377 1740
1309 1700
1509 159
1966 1133
1843 1635
497 1385
159 546
1287 1707
682 533
65 1181
652 1417
834 399
417 1016
1886 1927
1140 79
523 1235
104 84
585 1284
603 230
514 282
1945 21
25 1143
1884 819
405 11
1412 1485
137 1950
1414 1909
1458 571
426 587
1103 1551
1721 658
1014 1759
1104 1181
503 494
1636 983
541 680
156 1820
765 642
496 958
1776 1097
875 1562
980 1865
1826 1120
1566 752
1361 7
1718 1860
1227 1332
468 1847
1330 1216
1305 332
1858 681
431 399
647 1
49 1631
677 124
1281 358
754 17
543 1381
821 444
1408 1476
328 403
653 115
931 1610
1574 1096
836 1559
1156 214
1444 1745
363 46
693 757
1784 753
120 615
695 74
497 90
1007 1670
1529 1485
264 1030
539 1283
1051 824
879 634
730 1169
955 164
640 1027
735 1649
508 705
1417 71
1841 1475
913 688
692 1944
914 1868
1636 298
471 1106
343 609
715 562
1864 697
1884 1416
469 735
1761 1461
1958 696
596 872
209 1115
656 955
72 1645
1135 1733
172 434
328 750
1645 1460
61 1258
418 451
665 1970
1111 1529
519 1230
546 1186
487 310
311 1321
195 1105
716 876
460 100
1083 540
1120 834
1521 1435
211 212
127 1733
984 320
391 1742
1235 953
1945 223
549 1281
607 590
916 1727
131 1579
1754 248
986 1459
1051 932
759 589
1202 479
1657 290
794 1407
736 108
1758 9
756 590
963 1045
1058 329
704 1106
778 10
85 285
1142 759
1064 584
723 1746
443 941
1090 600
298 495
1670 1292
392 1009
1915 1641
1294 1014
1763 1477
1126 1363
86 1971
124 572
1488 1214
1658 1774
1203 1165
1548 846
306 1593
374 1135
278 1528
1554 1928
1931 1426
245 140
1036 312
1218 848
466 1410
1425 1567
1082 360
1203 1055
767 1370
1651 866
1144 1368
719 851
972 395
1354 202
622 312
1897 908
555 1638
326 1398
1783 675
1108 1332
1220 1766
229 384
553 673
538 1194
844 1455
20 510
1091 651
1992 240
720 1936
1146 1310
309 196
656 874
1631 95
399 1405
384 106
464 497
1102 853
1918 825
1306 1492
1119 463
266 1888
845 536
755 829
1519 1865
837 1711
1125 790
1203 73
684 1921
1848 1844
1670 327
191 617
538 1268
333 1611
1294 1492
973 509
1696 1685
809 1116
1349 295
1442 1654
1772 64
903 1447
1807 1587
211 1917
1580 338
1411 1831
1912 793
1946 1995
115 342
649 1681
1113 1608
12 1481
1718 1883
172 1662
837 1347
1647 89
1695 1649
313 863
293 268
1626 960
1337 626
976 1548
932 1199
1389 351
348 11
1498 802
787 1803
1337 592
1373 1810
561 1253
211 1722
1947 32
867 915
235 1143
1136 1769
1890 715
717 123
229 347
634 1678
1798 860
109 752
1153 1204
1169 1536
1021 1166
858 1477
336 1935
469 304
373 363
1488 1597
1195 1299
38 31
1035 1375
40 891
1627 910
298 1514
1076 813
922 890
33 945
203 1404
907 298
624 131
275 1167
1285 1034
1710 514
1192 250
645 1673
1249 1900
1642 352
1192 1935
959 1648
1599 565
1396 1481
1596 831
960 318
814 1305
1269 558
1681 429
76 1329
1569 1208
761 1996
1063 1922
1126 682
1622 1530
867 1787
1571 280
226 767
1560 1674
644 566
1583 1187
1665 460
1477 998
18 648
1417 232
973 1288
1512 1041
835 639
1653 813
279 1790
811 1941
1 730
1864 1669
155 1546
1204 1310
963 66
1067 1949
565 1335
1918 727
1765 918
1104 1560
1424 544
749 409
1487 1015
1195 1762
1677 1675
354 1731
762 1211
636 713
510 849
121 774
911 1164
617 504
662 1639
229 647
731 1092
1758 592
722 1153
1420 988
1056 1778
1514 1137
1818 1948
1958 1749
1131 366
46 386
1013 1958
312 1386
1985 1375
92 1807
816 197
12 1471
796 1582
1151 1044
773 852
1566 1189
1281 1230
147 804
1588 1313
1871 1150
646 277
1905 535
105 323
16 1642
1858 1162
1177 254
1995 18
1524 1857
576 362
1461 816
132 504
1571 152
799 1173
43 215
263 784
1764 753
1527 688
1121 674
1141 1154
750 1808
889 362
1404 947
913 1443
1281 1263
1556 1298
1174 588
894 1988
1344 175
935 424
1506 711
1514 1930
346 1231
722 1354
1604 411
1864 1105
423 422
17 1989
1248 1558
203 106
142 464
272 998
1589 377
318 1858
89 770
676 1968
423 721
1026 793
738 313
276 1366
957 1933
731 594
1944 112
574 108
1439 1886
570 842
1712 1670
1339 1819
410 596
1440 786
763 874
269 835
1814 1592
1121 458
1378 97
1212 1462
1785 1413
32 1964
1588 1090
98 1260
1950 1005
1797 1402
1273 1652
514 1206
267 650
1759 1948
1686 1707
804 1474
716 988
1700 1399
1935 892
606 1435
803 1254
1158 339
1380 1107
1052 1185
1253 1798
442 1194
1354 242
367 1748
1603 1629
42 573
554 1262
772 1629
1853 528
425 1777
1610 921
1535 1014
51 1663
1901 831
663 1612
635 850
1686 1041
807 941
1959 1477
256 411
1850 672
757 1661
1642 835
323 1343
1620 83
1281 1595
1706 195
837 1677
185 829
876 146
699 1264
934 834
1493 1928
884 1418
295 1650
928 1978
288 431
639 296
85 1351
729 1387
338 128
1451 1266
372 1869
1748 1825
1387 729
771 114
1191 611
650 373
1829 1159
1857 301
1519 846
332 1165
1257 1702
1018 1915
1518 1900
1141 796
1118 343
440 360
747 853
31 1716
1411 1884
459 1194
575 336
552 1270
1302 1609
1812 776
168 10
1293 1954
1140 1045
887 1420
626 1865
957 982
0 1113
1220 1586
203 1104
1390 1727
1099 1395
814 1358
1750 235
617 1082
863 695
1587 130
1919 152
1325 1890
1214 279
173 373
1877 1699
515 377
1345 492
49 1003
964 1626
1186 993
680 1017
1299 1027
1856 1230
334 1981
892 1820
834 1747
1957 1834
499 716
365 34
1843 1251
1965 1840
698 20
1221 1982
859 43
1800 969
1389 74
557 1099
1008 1920
846 1452
454 298
846 1036
792 1676
1764 1536
556 513
1769 1873
446 54
1587 84
1914 198
869 1346
283 1134
53 1929
1690 1528
196 305
127 257
1396 852
1920 317
153 1109
1830 711
1718 671
1854 412
1495 454
1978 391
961 60
248 7
142 666
1030 1974
1171 1157
1949 1369
1806 1292
1640 148
1323 1608
1388 857
291 436
1408 27
1337 548
1292 1851
419 668
161 1844
1227 1159
160 697
1516 1193
602 1427
1186 1043
916 960
1695 679
1492 1068
1065 972
943 521
1294 504
1624 1056
269 1262
529 532
1180 1754
911 914
359 304
284 615
762 1823
235 354
824 408
1938 1673
448 431
1106 1931
141 1951
1489 1244
1315 1371
517 314
249 1858
1667 817
393 1234
1091 718
1065 719
733 1674
757 567
1931 596
166 676
134 611
251 327
1530 1188
464 1348
732 328
1959 334
46 1217
1547 758
776 1093
229 461
218 985
163 306
1364 1607
1478 650
1602 349
616 1916
681 713
475 1689
827 600
1911 1988
1131 1499
825 1581
1719 1841
301 775
1185 1768
254 1567
6 213
347 1576
1469 751
240 965
686 1788
414 1434
912 567
617 1385
725 1029
1338 1433
1243 1731
593 84
964 8
35 1214
1527 1435
613 1839
1854 644
1623 1136
821 1790
1309 957
1596 1338
589 1235
432 161
225 60
753 68
1495 1545
1659 1228
1753 440
787 325
941 259
191 1875
1592 1332
321 1741
712 425
289 367
1425 682
722 892
1474 1790
1657 68
1139 0
722 390
772 458
1150 1321
822 592
922 1908
1417 30
1738 240
682 5
148 944
551 420
1000 995
1010 885
1017 178
1790 903
1804 18
692 1821
1562 1775
1008 730
686 414
1271 608
594 625
1682 513
586 1758
1003 178
212 389
919 494
1587 261
400 513
347 1673
299 1077
849 297
326 694
536 1966
926 123
1044 1497
694 522
1757 1451
53 769
554 1672
757 327
1375 761
440 788
1340 1652
352 1020
1663 105
504 1710
1671 1460
1340 1068
283 191
1279 1575
1551 866
637 255
1995 148
60 467
454 340
1752 1334
543 246
371 1812
739 166
226 1517
1876 190
1100 585
429 871
1325 1495
1117 1526
946 1117
379 1940
1469 61
1934 202
1279 1800
1266 1256
888 1848
786 487
1702 1502
1694 1378
374 222
1210 807
469 10
385 1299
1474 382
85 924
46 1615
693 353
1267 541
893 1614
1327 192
1308 1162
1541 1463
863 811
1874 472
1398 553
1449 1505
1228 530
1400 1546
392 542
1260 1434
672 1750
917 5
1522 1596
1882 381
678 1548
246 452
140 1395
1299 1929
496 103
344 182
1512 1407
1876 132
1284 979
325 1598
241 1118
13 1892
1593 654
1034 761
264 1923
362 525
1125 507
1173 1171
556 1609
298 318
17 1700
130 1402
1299 1497
931 1587
448 1620
1830 433
611 711
1919 1831
103 725
295 1148
481 1192
1173 1138
1792 462
661 792
259 120
1084 1000
174 534
408 330
663 691
627 734
1125 734
1516 1769
182 1133
1322 677
1471 1987
456 452
280 1321
1020 1751
807 1248
1878 127
1790 504
1681 745
77 405
1567 551
885 1910
1244 1150
1709 1388
165 1348
1231 497
1797 1558
1832 730
343 1001
37 947
1443 609
887 1378
510 808
1507 825
1607 990
15 1172
455 1823
999 2
1419 946
470 869
866 735
1468 545
578 1870
586 1459
314 995
690 384
108 474
1716 727
407 341
478 9
1818 838
34 1462
14 844
1532 1370
749 1674
58 1120
892 1748
283 1846
560 420
1365 363
4 1059
793 1610
1825 654
1715 1390
751 461
1978 1929
1403 722
1623 1278
739 365
1540 1443
1417 770
586 208
117 898
165 1762
1569 1035
818 1828
836 272
1143 1471
1588 330
1454 1876
586 918
1882 1050
1803 1710
1504 497
1470 557
1356 802
548 1104
418 415
1418 992
330 1391
890 493
369 1516
1081 1434
437 289
592 1775
85 1543
1138 1381
296 893
230 14
1936 1095
544 455
1728 1547
1985 1054
845 1086
1420 440
1741 1237
1804 1678
1333 978
555 1672
1339 298
122 1615
323 167
646 873
1231 1026
704 978
1449 679
642 894
1230 1546
406 1803
600 1895
1248 393
689 390
218 1471
571 1864
888 727
422 1452
562 1602
147 93
1120 312
259 1069
1925 275
1018 515
325 1271
1152 1223
492 1746
910 1897
1495 904
527 971
1812 892
1600 964
60 1320
763 684
449 1918
429 1933
190 832
1897 253
509 763
477 1859
865 586
791 947
1338 726
1748 1675
1510 1802
151 1775
1066 1912
40 848
707 400
632 1032
651 939
1567 1275
606 339
437 1971
1585 1546
372 1224
1725 1334
1011 744
22 1226
58 388
1291 1431
143 567
688 1607
432 677
1774 419
281 1863
42 1898
1799 787
1068 229
1248 348
180 1779
1502 1652
1601 906
1507 468
1206 635
1884 1848
751 487
902 122
202 1149
1292 723
80 1598
1583 1885
1968 1806
634 1084
1491 1435
1736 665
54 1268
1495 1736
686 72
1177 1455
508 707
1430 1314
1720 1154
801 1192
223 322
1474 184
1489 22
952 1731
1218 1735
617 218
1213 1479
629 1927
492 306
1846 1136
1485 1289
1100 1514
1027 761
417 749
1911 127
1547 1532
1790 52
1121 1449
61 1477
1133 78
1390 662
1879 1881
572 338
720 1379
1465 1839
843 1180
1935 773
2 590
325 1567
472 1140
1208 1036
69 1834
1230 211
1149 374
882 807
352 1411
1400 215
689 339
1211 860
1929 1126
1401 714
1188 1487
7 10
1860 1480
329 1515
271 1419
1326 390
564 1278
1990 1798
224 472
289 1868
1848 1667
1454 1543
1585 190
1171 1792
681 669
656 173
604 345
1430 422
939 1534
561 1229
885 1836
1358 1875
1675 1136
1366 1304
1289 440
1724 675
1392 399
938 552
1976 116
432 987
1234 1452
906 1171
412 1855
1669 1406
121 1118
760 941
411 72
1337 1736
1882 1253
1975 772
1724 317
1172 1010
920 1077
244 302
1526 1565
1222 1305
206 124
876 475
999 1289
196 521
1124 552
107 948
932 1393
1873 1700
878 923
1509 1278
86 1965
1925 453
1635 274
1943 1778
1024 1273
1304 1043
67 86
1860 471
1566 891
94 528
1881 953
891 1275
144 652
668 1080
862 1237
1955 646
1494 1576
607 1270
1713 462
1058 1016
890 1312
674 979
1530 610
1521 1598
1153 1256
370 1290
1930 1500
803 833
812 1547
1162 843
1209 1157
562 1373
1844 1597
77 1946
1876 260
651 214
509 1980
544 531
770 594
1792 1477
1985 679
697 793
1028 1555
616 962
923 1930
1000 848
337 816
202 985
1796 1846
708 656
981 1992
1492 1729
86 1139
362 1929
1500 424
885 304
957 1413
1400 1227
454 361
106 1755
686 1813
32 1502
71 1994
422 113
1635 1533
1904 263
147 811
1931 1219
1001 967
303 734
1657 304
1051 739
1365 131
376 1750
654 1892
145 803
86 1427
1527 618
968 1136
1620 955
1725 471
1873 809
1672 1731
1446 897
1937 650
1904 68
1475 604
758 992
283 923
584 499
883 1745
1522 1543
713 126
1906 18
1377 1836
18 867
1699 413
1234 822
528 688
1393 429
449 856
850 1861
1831 81
660 711
619 1147
1622 596
740 206
500 443
1449 1138
624 195
983 1274
466 414
428 375
1692 980
716 179
250 1290
426 881
1734 247
1408 803
1180 966
1208 401
837 122
253 626
555 1552
1014 110
1483 1343
158 807
1383 1522
1669 1168
65 643
104 556
1601 879
1158 1387
202 1748
1502 1981
1024 1562
744 695
20 1979
306 1380
1492 1988
257 555
1417 1228
1570 954
627 1470
1423 1943
327 1544
556 1550
1546 1780
1290 1777
1618 1929
1177 1762
674 540
1495 1158
587 223
1664 1844
106 561
383 973
856 1146
466 926
1239 1682
972 1849
270 932
1309 694
1003 1940
137 1659
199 895
1559 1648
428 427
1828 1238
1004 441
1594 548
300 850
1179 1110
632 212
1873 117
1682 639
1372 906
25 143
969 1808
452 1211
1664 1346
1946 606
410 1824
1035 267
197 168
85 427
1544 1389
420 1551
115 478
1905 679
1014 1721
1151 1489
1930 633
1207 974
1865 249
410 719
271 1035
654 1499
928 988
1123 1830
925 1885
1592 1710
1863 324
1235 1403
1475 1286
1809 196
125 620
1352 1147
1719 1589
70 1225
1470 1156
1492 831
842 1849
1055 1735
1322 1003
1300 138
1026 1295
1199 1723
390 1497
1280 707
1316 120
736 1107
168 131
756 1345
1794 1292
988 1205
1435 397
478 1466
1423 975
1742 945
451 749
1766 1097
380 1050
214 1375
642 974
996 881
402 943
352 1831
832 1398
1608 203
1306 462
501 86
1807 926
40 1497
1135 756
238 181
233 110
487 711
1678 402
148 1848
254 1670
1217 793
436 1226
1715 828
1796 705
982 769
330 830
1115 1015
982 1527
766 703
707 559
893 1057
362 1136
353 1878
244 1837
1077 260
160 62
106 1828
1613 614
1317 1448
620 514
918 283
1625 1667
1970 1162
580 1669
1838 1111
400 1375
748 1604
1808 314
314 1299
1174 150
738 10
699 754
1220 1552
502 1502
914 1735
1361 1907
1642 56
1238 936
1730 1209
65 851
94 129
1997 914
1157 1426
935 1159
1168 1039
1060 127
534 1281
251 667
771 1103
1532 451
1580 622
203 1907
998 239
137 1400
1486 879
1248 264
257 45
351 1988
1795 1180
1081 1281
542 1590
962 336
972 752
634 1160
301 1437
1145 758
1462 71
1338 196
1175 500
1160 445
1897 831
739 503
1680 1698
478 1907
957 1043
1099 683
1094 919
1163 693
611 541
1339 959
488 1906
1309 539
1326 303
1901 683
1400 1830
1073 1380
1294 1830
85 1761
362 1082
667 953
1027 298
1250 1477
935 732
660 9
142 1454
1297 1140
681 100
1877 849
1010 667
67 465
434 1143
220 116
1106 1033
1365 1370
429 1117
443 1173
758 823
1696 806
112 946
1897 1820
1324 1883
1539 33
320 806
345 711
60 276
1976 1637
1876 572
1171 1452
1841 1284
1259 178
422 1061
1891 354
740 517
1297 492
1498 591
1262 1934
1083 1664
1803 249
939 952
235 640
755 1727
1328 305
1504 821
1344 1104
324 1178
1665 30
321 960
1575 680
603 69
249 246
33 1515
1730 750
159 1550
236 1170
1849 1805
58 1304
1121 373
339 1756
820 1293
914 944
368 456
1253 19
1400 1897
404 843
1327 480
361 1564
201 357
1880 58
513 1242
1942 976
1170 1997
1987 1629
858 981
1440 148
868 1079
1535 1117
546 725
34 671
1218 1693
518 972
1743 195
1354 1447
859 512
1683 50
1794 1389
1473 627
21 1110
1873 1799
1916 784
627 780
1594 252
1390 1705
1693 1636
778 938
511 900
1439 1986
523 1995
550 697
1427 1619
296 896
231 912
1114 61
1850 1647
1064 346
733 243
1615 602
1910 241
1282 1652
37 1661
1816 1416
79 920
468 98
1191 1088
1703 899
1571 1037
0 466
774 1398
654 1885
1474 652
517 336
1277 1117
1217 1183
1259 147
1235 1755
796 1985
275 1591
29 9
345 963
1621 868
1988 1309
29 668
1780 1988
990 921
1165 300
658 1834
1379 713
1269 1526
1606 1729
1580 1415
931 1044
611 651
113 1249
242 522
120 1590
1630 1542
1580 604
1365 1420
556 801
1127 494
1151 1863
1583 216
253 1578
200 978
228 1840
427 1606
1808 656
450 1442
1481 417
581 1797
331 796
37 179
242 1903
1158 1878
740 347
1317 184
130 1058
1561 1743
910 1091
889 631
1227 724
300 1914
1471 418
1400 449
1221 700
1393 1044
235 307
696 1296
186 588
1191 1389
306 878
123 1429
1173 656
1532 1973
515 351
1012 1219
752 1567
996 406
938 1140
1292 834
1241 1029
433 889
633 856
117 1483
943 1857
1933 1305
601 1173
925 1270
1698 1153
666 331
345 382
474 33
77 1307
1937 105
509 1903
1407 513
1726 144
1428 659
1783 913
1524 1864
78 834
687 1174
1497 1165
66 848
1584 222
1060 322
1811 737
260 1358
1385 618
188 1813
1343 1498
280 1844
848 1488
982 87
1438 1618
647 463
882 16
1840 1587
1403 310
1040 1569
136 1023
511 1286
776 611
1713 901
1401 1258
1013 1965
761 1579
42 290
701 1499
1803 1960
331 246
641 1267
1213 1767
1196 285
107 950
1477 508
108 1913
1621 1532
333 224
536 1961
1439 978
620 20
290 825
1485 1506
1529 1450
900 1652
1852 1464
781 369
864 743
1930 718
1587 761
1193 1283
1754 1240
696 1576
110 1783
662 1852
1060 1020
284 278
216 1611
709 1795
914 1578
1820 435
1075 94
1760 1524
431 407
448 1625
996 1228
313 710
1957 653
678 1091
1755 672
122 1838
54 1717
1260 1089
1736 1887
593 1247
1954 304
1948 718
1172 1667
285 1717
1272 968
939 1113
158 661
1534 1601
16 393
74 1872
602 690
842 905
1219 222
976 1455
1360 72
1023 494
1452 1946
1184 933
20 377
588 487
1074 342
1027 1163
1591 1649
1506 66
1514 49
949 240
580 1480
1822 778
478 954
183 1657
1253 936
995 150
1899 166
330 1311
522 304
180 1137
1869 1183
1731 1505
1954 1406
1207 1079
1590 1070
1721 1869
1931 174
1336 1073
447 1067
805 1815
335 1114
132 298
1572 1873
98 1791
1966 1437
894 1280
1445 1672
1740 1760
1434 1957
563 928
1169 812
1043 1511
1725 756
1435 1143
691 977
1726 1336
16 880
1377 1894
649 905
57 1128
1033 354
314 1667
1137 1809
367 1922
1148 1854
1121 1785
273 1511
1056 1117
1710 1835
985 507
1318 1460
192 1883
970 377
102 1669
1750 1899
1128 9
790 1113
401 1202
576 539
1883 525
324 311
1892 354
1761 1673
1753 831
121 483
295 1908
814 1195
894 1747
1010 695
1195 702
1489 1563
1852 1806
28 79
632 1831
1381 1461
1345 1088
481 1566
596 455
1388 1886
1992 828
1069 1330
1884 770
1911 844
1204 1675
689 447
415 1933
71 1192
1497 568
110 462
45 38
860 1800
512 103
461 870
4 1794
1841 391
1134 940
1137 292
1034 690
801 1109
998 1057
1828 1397
307 1048
168 1634
853 1177
1966 853
1581 710
1795 292
534 252
994 869
946 662
821 1313
1409 1522
105 505
1584 1348
1261 1904
1847 391
594 1337
988 1049
519 1654
1427 466
1140 1093
1496 1334
1924 664
1141 959
638 360
1430 417
1744 1963
420 1246
1355 602
1730 644
525 1360
698 220
864 1925
882 720
1243 344
1131 1056
1458 587
959 55
718 1549
1164 1499
1577 288
304 1704
267 88
1924 1648
1301 339
1185 572
1616 289
847 1180
1237 1031
559 552
566 775
1906 429
834 328
41 170
121 1281
1481 1273
1633 46
1937 893
1345 1811
541 1317
1257 1775
1442 494
323 102
366 314
84 408
1945 1643
894 1348
351 1425
739 1272
1283 1718
779 761
1295 365
220 1485
1524 1476
1368 1756
1052 375
1489 1299
1402 933
1453 1016
1786 416
1025 137
24 723
1074 123
980 1773
1453 1444
458 352
1521 1983
990 1480
422 1300
1951 1870
1350 995
1383 531
854 257
1060 187
1063 222
368 1899
448 307
1398 779
1539 1549
904 1036
528 1233
932 831
533 413
1522 175
1202 599
901 1357
1968 518
1554 282
1045 1161
636 1011
1683 908
1818 1407
184 685
1865 1172
251 1133
495 1992
1505 547
1421 1563
58 1747
130 1965
517 558
1394 749
1607 1176
861 82
1779 1796
749 448
991 112
774 1330
12 1443
1121 453
1120 441
687 230
702 1072
1674 1811
1483 1007
84 1639
1408 796
328 413
1007 748
472 870
154 717
1006 586
282 1723
1701 1900
468 934
685 621
1622 1003
258 155
717 643
1453 1497
197 1179
194 1021
1293 1777
1555 1759
361 414
1851 80
1561 310
1569 1826
1178 970
37 1086
233 1652
1194 720
1748 119
1978 1809
1175 913
668 1844
863 942
1530 1609
854 432
1505 1929
403 1875
1851 1508
1332 1282
1345 1930
1769 940
1209 1390
83 1706
1237 1064
700 1234
1690 620
1658 238
201 812
1990 31
1692 1679
1045 1085
208 563
1790 321
390 1005
1847 1469
1167 1030
1779 1978
364 1558
595 1669
17 628
1863 1837
561 1676
1079 1730
1760 1450
99 1830
82 1718
1506 825
327 931
1935 828
1657 1802
16 180
1600 1234
840 1836
145 1701
1688 1998
1824 1667
669 309
910 1420
1378 548
1617 724
1678 979
1483 979
1568 1053
1393 655
90 879
980 1027
1423 1048
476 35
1989 192
1620 707
123 655
1969 1198
901 1161
994 1840
205 946
885 1336
427 665
1563 1334
662 1878
1627 1077
690 1639
640 997
1660 1041
1691 1439
1264 183
21 1523
954 1166
908 953
565 1299
623 134
1217 552
1644 1946
767 881
83 1085
1535 857
1730 71
478 347
97 483
1104 1039
1569 131
1186 775
1272 366
787 1967
231 1657
987 1677
1997 675
1361 1861
1576 184
1844 1087
1007 477
1927 1521
1521 374
530 1670
602 962
1461 499
106 446
480 482
43 83
879 1091
769 465
1911 662
1518 1374
888 15
430 1408
1442 233
1448 1017
482 1170
1323 623
287 898
162 52
1674 1035
817 279
1755 1573
945 1728
739 1516
1911 293
1769 1730
201 477
439 750
1708 1908
971 1246
35 1857
1371 935
354 306
1444 1676
1664 1182
277 296
31 1303
1133 639
271 456
1373 232
1783 10
1207 1516
1892 957
1919 1411
395 1354
283 433
1385 211
1339 340
1522 1812
184 1225
936 1699
1702 928
86 742
825 105
695 156
150 1272
1918 17
879 1059
129 1607
425 1275
810 1001
481 218
905 335
685 1117
1967 1278
1152 622
694 1619
1910 670
608 323
1632 620
1378 832
1707 1798
1546 967
1507 1357
1976 1804
619 1511
1163 1991
1955 488
1693 112
1574 267
1380 728
1703 1231
117 1441
752 271
717 1408
1189 68
843 258
1564 131
156 1425
1493 1847
1219 586
833 1883
672 1
1890 1535
1524 1865
1567 904
342 1878
151 1894
458 553
1034 1861
1978 1138
331 327
1068 809
985 1895
754 636
983 472
1651 1559
1108 1294
394 1310
608 15
1006 1051
503 505
204 919
1569 898
1520 1835
1956 1234
1750 1488
956 1769
342 144
643 317
1098 669
1151 556
1430 1273
619 412
1367 1318
1086 1371
1064 1329
40 1727
1701 22
44 163
27 660
57 374
686 139
470 1443
566 908
215 1902
1480 1075
433 1218
1026 279
1072 863
806 1670
449 1999
166 1771
95 553
1369 320
998 1163
1711 296
265 1482
1339 1067
818 345
1959 205
1150 595
1992 1808
1633 1359
344 923
330 635
1730 1220
342 1195
1084 977
698 191
635 849
172 1048
506 640
1890 1485
559 1741
1033 40
304 1341
237 124
1101 1046
179 1969
1192 680
285 879
230 112
90 1966
1926 627
1209 1237
1822 1782
190 1497
274 84
1072 1655
928 395
992 1534
537 602
831 1948
1077 630
725 102
1922 866
266 1122
1294 1157
1032 283
1756 1171
401 548
1448 1265
708 936
1058 1815
1657 959
363 818
1163 36
288 1
1738 929
1178 370
192 1515
259 1604
67 1430
1356 514
1427 1760
907 1208
1920 65
754 1602
21 1503
796 1415
1940 1625
454 1092
866 631
1860 929
399 1673
397 136
705 821
1834 1986
41 1963
1781 1448
398 1744
1160 919
1037 128
1411 1194
1398 1085
153 377
754 0
1640 422
252 1827
898 388
399 1375
117 872
1287 1516
1466 1155
1772 142
1480 1126
206 1470
547 1720
1994 1488
254 1158
1235 1803
569 114
1018 276
1048 1414
1574 1180
328 733
792 788
1313 1186
231 1873
1870 1647
42 986
0 1444
843 1144
535 1271
207 550
1599 668
72 94
780 170
1322 1396
1574 1841
14 1608
582 857
378 1620
492 1134
1128 1791
1541 1393
450 29
693 43
509 1530
1612 44
198 1558
1600 1379
886 623
1981 1259
1353 1968
288 290
1542 1042
441 1676
180 275
362 1605
421 933
188 837
1474 784
1865 1891
1675 1200
1289 1143
1756 411
209 144
25 1130
1108 18
1280 1743
141 1309
1798 144
501 1074
66 954
866 1959
1891 0
1902 1092
1460 1044
1879 550
110 1295
61 1056
335 383
442 466
719 711
1789 1698
689 677
961 780
188 204
1882 35
1082 1747
148 1750
508 1590
549 732
171 448
788 1825
1423 32
1140 1735
1351 1482
476 1756
1835 1681
451 11
992 1214
1972 474
80 294
276 964
468 1064
1886 735
1150 1939
1918 257
1880 454
1038 1714
1794 51
618 1685
834 985
422 1778
1269 205
655 1685
117 54
1338 779
285 588
866 1964
830 210
442 1907
1882 214
378 531
546 354
794 1064
1969 1450
993 1766
1533 1673
1700 1258
891 1509
1837 1111
1578 1637
1716 946
1367 806
1127 775
901 47
1452 722
1214 1293
217 52
856 1941
271 1869
1538 1923
1042 200
360 2
35 1606
156 1639
1872 608
1167 791
1540 1615
696 943
1191 1270
201 1312
970 1988
1097 1211
423 249
1680 1055
1003 1111
1699 579
1899 321
1270 314
957 829
71 48
520 1517
1129 796
901 710
1641 1867
1799 517
1874 1662
632 764
1725 772
397 251
1128 943
1460 1291
262 1146
1799 1984
1627 1291
1947 231
818 87
1283 371
1854 1391
252 1928
1565 899
967 965
1051 14
1476 1907
138 1579
1913 932
628 1613
630 1850
1085 1114
79 223
318 1353
252 997
608 1687
1506 8
1907 1213
1505 1608
170 1832
1279 1103
1003 1308
767 1608
312 475
793 338
1267 769
243 1247
877 1771
1380 1523
1389 845
1688 889
226 274
977 1333
310 1874
1602 1288
983 1025
120 678
1617 1966
1100 1661
1285 1475
1275 1097
76 380
829 76
233 909
1265 1527
1892 6
206 1751
1704 1522
1717 549
93 10
1154 1276
1555 789
1703 618
240 1800
397 190
1098 831
264 1067
312 280
621 513
1062 513
133 1068
548 834
505 362
707 1967
1441 1092
1673 1044
1245 101
540 958
178 814
222 1219
48 574
1623 33
633 1515
1266 1762
53 1022
1128 393
585 1521
531 760
62 1217
1668 771
17 114
1563 641
93 1696
131 1659
974 1898
7 1169
653 386
981 203
1188 1337
254 1117
1248 1052
1637 467
1464 1883
628 715
1777 1550
1141 1848
1081 296
1151 1879
1849 1364
1386 1568
450 858
542 1332
652 425
1486 548
1426 1181
73 617
1538 753
432 135
1634 129
1118 889
71 1027
851 1449
1589 1697
614 266
607 732
1462 691
815 1553
1716 634
793 1219
1228 1879
520 561
321 134
401 1290
1166 495
1550 1886
536 1921
192 442
343 764
1138 375
558 1643
1583 450
376 823
1286 1945
1665 518
1056 735
1931 1884
1839 1693
609 1256
651 1492
637 694
911 1342
977 1030
66 118
1378 568
546 1841
1458 989
1081 926
1646 247
1666 1075
622 706
608 786
853 595
841 1353
922 13
1218 1616
126 7
111 1892
310 1276
634 971
151 1878
1812 1517
515 1902
1605 1566
271 1452
1427 1019
321 1357
285 1227
771 591
1964 1621
16 1070
591 1220
920 1852
1443 408
24 246
569 568
942 1995
1127 650
1323 1823
1522 1820
831 1350
1049 240
1217 435
1330 163
1398 1995
396 1905
1985 1712
1786 413
1752 1956
285 682
950 1281
449 606
1283 225
777 741
38 1704
663 916
1351 233
917 170
1564 305
1279 1712
20 204
1083 1516
1190 197
332 1751
1638 1042
409 354
1703 1773
1453 1204
1323 35
879 1321
761 695
549 1824
910 905
961 477
1142 911
1333 1438
1987 1554
883 1437
138 1384
1025 1389
1204 213
1344 1074
1652 1559
1084 126
182 1054
641 314
545 662
662 981
37 1435
84 183
880 1433
931 428
1990 1130
5 1942
1753 644
1423 325
612 888
1688 1584
404 651
425 840
1198 974
387 1326
829 519
751 687
764 298
581 413
400 1121
1455 209
1366 215
766 204
227 577
272 537
1376 1031
118 1657
1566 639
778 351
1002 132
797 709
1434 752
909 1211
110 1388
944 159
783 662
1134 1370
1431 491
791 268
1633 772
1623 1024
1404 776
1263 1053
152 1469
1128 1303
1392 1184
774 1707
534 861
507 302
393 48
1667 1601
1514 392
1668 1489
1954 318
329 430
1875 1391
1694 815
347 1117
811 1342
99 1772
1570 1376
217 667
229 247
1757 1632
378 702
1909 914
1378 1637
853 1855
1811 1009
1303 1754
286 1258
1365 555
1484 224
932 869
161 794
786 641
1857 621
424 852
332 931
1962 969
1502 1130
532 1414
384 1793
1216 1171
1072 701
407 99
1374 192
938 1860
704 1620
1383 1087
183 240
123 323
1968 486
215 1222
243 196
389 1696
822 1612
468 1144
1771 1114
867 375
1731 1175
488 216
1150 90
1206 1055
625 347
1117 1857
246 1499
683 761
1267 193
1590 1171
819 882
887 113
1915 1211
101 914
1721 438
1524 1806
911 556
1088 318
51 1041
889 1195
501 634
1070 1718
430 1167
1013 1357
1441 747
1144 79
511 1069
1068 1696
892 1916
218 1109
478 964
1337 137
1979 89
1772 1784
978 1199
1885 1646
1631 1706
1309 885
1085 1217
1568 688
1352 708
370 582
1080 759
1852 466
790 317
1758 1783
109 1607
950 128
290 102
772 570
1375 1064
85 845
97 1996
160 1623
1796 265
36 895
297 1907
563 413
1350 52
703 11
174 1529
534 839
66 1430
1414 307
848 1541
107 1020
1971 1160
575 1732
1593 78
1194 369
560 178
694 961
634 53
1579 1989
246 1931
1517 1148
787 937
1113 1670
1800 1498
1443 1244
148 597
680 1265
1828 398
1053 1415
526 917
155 514
1370 696
643 1806
1208 1494
564 1435
1057 992
1180 994
1849 369
211 788
139 890
880 607
419 1937
799 336
935 1507
461 263
696 298
1140 365
204 1931
489 324
1370 136
357 1733
1140 1713
473 899
144 355
158 138
205 1714
821 851
560 85
127 923
935 1823
1755 1905
1974 393
297 1179
1521 1867
681 1883
1334 1373
441 1035
672 1850
778 736
1998 1930
1560 419
1435 1803
588 1328
559 545
387 1123
413 973
648 873
1516 778
1484 196
1866 480
333 1165
1109 1471
1624 1942
1537 654
1517 947
356 485
1876 1867
1118 1929
1235 172
849 1508
658 788
1226 1085
1586 1682
1765 719
1860 1112
444 1856
937 603
940 1116
333 1617
328 740
763 1729
1838 1222
754 1929
970 369
1466 384
599 539
1752 1566
1798 1612
152 232
1678 1914
1261 1901
659 679
1224 60
926 159
51 699
10 17
1984 1796
1697 1781
1614 1199
1745 656
533 647
966 928
513 1867
271 497
914 1996
1445 297
1412 709
828 1631
258 1376
1868 553
1196 1107
48 739
691 1829
1642 1537
537 915
1426 427
1997 1580
7 1255
1278 1403
913 363
187 1204
102 67
53 1761
1178 419
767 1261
1611 359
286 800
1715 1483
691 1428
1243 1502
20 1010
1831 477
20 1829
649 1992
814 1925
1616 438
930 1907
1771 1986
1078 61
763 1461
842 325
213 624
1054 767
684 1467
530 1035
1232 1782
1150 451
65 433
454 100
298 864
559 1970
433 624
752 563
1681 42
1139 111
1592 1488
289 977
1841 1526
1980 901
762 916
1915 1216
584 599
1255 1429
418 355
459 1360
1703 1635
1328 1308
616 547
915 1010
1420 625
1588 704
960 1542
806 1236
1057 1178
1479 644
103 1929
395 635
893 784
1416 36
270 929
690 946
1708 581
482 1071
1549 1760
942 965
308 1652
995 553
1064 597
872 1810
1644 1950
1814 1432
939 88
458 1010
425 1290
1930 903
739 69
904 36
1401 1042
306 900
38 124
1462 409
1701 262
529 24
236 1114
1894 739
1148 1717
1098 1948
1035 1472
1426 381
1617 756
1143 875
1630 734
1145 495
1612 1965
1748 407
354 350
1845 414
878 950
529 1069
6 982
455 1506
1970 12
27 823
190 1616
538 145
35 682
1319 781
1448 1451
796 1308
1746 687
335 886
103 1823
1957 362
1281 1665
35 1209
1481 332
1319 802
1423 372
47 892
494 1262
695 1928
1010 725
990 582
1070 1191
616 1448
1019 1638
64 964
891 1467
992 294
1604 149
1522 230
1389 770
1158 54
267 198
482 6
140 134
878 1529
1716 612
1249 1034
1943 570
1789 1586
1671 967
1766 963
1264 350
1749 546
791 827
898 1351
644 1624
1340 658
649 1638
1075 1376
1688 143
354 1922
1100 1115
474 1015
915 1286
2 240
1464 1953
404 1200
980 1962
1528 1740
1802 878
1904 1250
1673 1098
1816 867
1534 1696
264 27
590 679
1687 112
837 566
698 1278
1477 1183
1019 1570
551 615
1566 917
298 1489
116 1372
169 126
623 1949
1016 1633
495 110
937 948
448 1480
169 1826
1695 40
875 886
776 305
1296 1309
1013 1610
1540 542
796 1041
529 1881
798 1923
1685 1808
1665 1844
1494 600
557 1308
832 1222
1516 335
1118 148
1807 1830
1279 477
564 422
133 1083
949 1340
1666 1126
565 23
761 1032
355 590
468 369
1958 1403
493 1108
798 671
938 936
1065 263
271 64
870 1140
1799 19
878 1837
639 218
1579 1561
38 1337
605 1277
788 1198
1112 1413
288 1823
1493 128
1358 1640
1365 1396
1028 1217
1478 1720
576 1121
289 1038
1983 506
1480 334
1681 208
1569 687
1386 1895
456 235
1118 159
1691 324
843 1549
1711 544
1648 1689
1965 1975
1023 1709
1587 745
1709 1325
1473 1746
546 1695
371 1208
333 529
379 1268
1251 744
1844 1943
76 1764
656 1204
408 355
223 1802
1567 1802
610 734
1444 1295
137 13
1483 261
1457 891
1180 1291
1373 323
474 384
1376 1695
1531 112
983 207
593 1731
1351 32
1435 619
1004 303
304 1941
50 262
715 1617
1636 881
740 978
1194 1143
472 1677
1595 134
523 1231
345 714
1280 1815
248 1982
1741 537
1221 1267
1401 474
669 583
376 502
190 1073
1429 1535
1230 328
506 229
368 1414
502 763
1943 922
202 1115
765 1089
878 1833
1146 991
1985 1872
1255 1208
907 632
1180 1401
1634 839
690 1459
251 610
789 1190
1814 842
259 994
798 626
708 10
1923 719
1685 214
1676 1121
491 1432
737 1561
1374 204
1973 807
1224 562
1861 1826
80 1175
124 1122
1130 1959
1449 2
74 407
1624 288
1718 64
1136 820
1914 1004
1825 964
1155 1841
1317 30
1865 1740
1555 1011
1134 63
1539 1916
1684 1721
1371 631
1494 1486
1135 332
1514 478
1604 203
1603 936
221 1335
412 734
337 909
313 1306
742 1745
1780 529
1558 1985
108 968
645 1233
1845 57
1030 401
1087 769
973 1599
649 1643
36 372
999 816
471 1320
979 1159
489 319
38 1477
215 358
1100 1323
1008 924
693 1132
1335 1602
1560 1768
406 1726
755 1619
689 133
1468 955
1346 729
459 540
821 577
654 917
1200 892
424 1302
293 507
204 817
1351 1146
37 1759
769 756
1974 132
796 89
61 157
868 1521
319 584
1322 162
387 1265
351 1091
1868 981
497 1212
1772 139
1481 899
837 1765
823 677
1708 579
1200 998
1088 1155
280 808
552 1709
1830 962
1490 1910
1607 373
1938 96
1054 16
822 788
505 1908
51 687
836 1855
1202 873
1871 1465
739 596
1684 1976
611 1117
1769 649
526 1088
946 139
991 1009
788 1165
1621 506
440 728
515 1648
818 1733
1821 202
737 813
1012 47
299 1398
1649 199
1587 1811
1618 507
1971 820
1958 503
850 1611
644 490
5 1312
1383 409
94 800
282 1980
1732 1213
441 3
565 1469
746 941
694 1688
1138 1620
1754 249
665 1123
179 231
1681 828
1442 242
70 1262
1555 1723
604 1000
1065 1811
1302 498
1998 102
838 1454
315 1677
1600 1281
1502 841
1065 1904
1297 702
1232 1119
1134 1695
1702 1919
1308 901
170 1459
1383 1142
1781 978
1783 819
1947 100
602 1951
1005 1064
1283 922
237 1960
355 1039
215 1236
371 1571
768 1662
927 4
1931 481
1503 836
528 776
939 1971
1052 712
632 1724
1064 1073
77 736
1454 1414
1082 263
611 1128
1715 5
381 712
1360 373
1619 360
1824 1862
702 1468
1264 1177
572 116
1286 135
810 931
715 848
338 453
1820 1955
1589 1466
1 514
1780 1471
761 659
523 603
39 1743
1902 1011
763 779
754 157
1974 1539
567 784
1079 1632
1385 863
1116 333
257 1187
405 1900
1701 891
406 897
138 1403
27 1131
1209 555
1524 1963
1817 566
303 739
1155 1581
1179 1677
1960 386
1541 1464
850 501
1841 1126
1084 804
225 570
1992 525
9 1093
202 1550
1713 829
648 658
865 278
952 1126
345 1183
301 525
1655 388
83 1832
1985 394
1739 3
1571 1333
1778 1590
1469 362
1064 1998
366 1759
1300 47
1516 156
318 1124
1433 439
1798 884
1643 1743
0 999
962 1630
135 1632
705 1592
1801 1226
638 1366
393 405
1140 1399
1815 129
801 1997
1710 696
112 1747
1246 847
1665 1877
311 1444
664 1717
311 1172
429 1203
352 1549
1774 1983
1706 558
1162 1950
653 1463
239 1302
989 276
334 1271
839 926
506 1230
1614 369
26 626
1099 1723
1846 464
1388 1741
1004 1210
824 1021
1391 114
1357 304
963 1839
1902 1312
387 1664
482 1782
1200 1323
681 585
341 1241
1266 434
1091 631
411 81
1367 419
431 1983
1691 1739
1249 806
1306 972
1125 803
971 1281
1670 832
968 1703
964 1904
348 781
134 113
786 709
1693 836
759 1117
1850 1503
1434 1044
1613 467
26 936
1655 1578
1685 1444
1752 1065
372 1359
1214 1460
1941 104
1060 1456
1163 108
1582 912
633 640
1929 1525
223 1118
1331 803
1976 1435
1714 859
188 718
1720 1108
342 734
1823 42
950 1950
1682 1141
1621 1867
1958 1256
779 500
1047 862
481 485
1881 1151
834 1256
1665 1742
6 441
1093 1203
1612 872
761 1315
572 338
1306 1919
920 1030
1105 1577
1241 1818
824 1174
1760 184
570 1977
1895 1818
721 1688
591 31
1775 1824
1473 127
1303 1840
1055 1452
1857 388
1502 319
1468 518
1209 1214
1368 339
1301 426
313 1638
1018 1222
795 797
1452 640
501 1387
499 51
1913 144
1795 1270
1340 325
1737 191
339 1773
1341 95
1091 1021
261 144
1699 586
731 253
633 789
1091 809
1066 1858
275 1936
136 1203
708 1042
244 437
1054 918
1658 1826
135 1442
1003 1009
713 753
1903 1845
1544 516
688 109
409 726
1656 1874
548 1646
1801 1983
938 989
1175 1381
580 246
453 1276
726 845
1259 1699
1951 1124
1281 1504
1427 1942
1694 1701
163 765
1975 1599
16 373
1290 1573
1499 700
1136 1294
1128 147
315 1279
1152 965
873 1805
1349 1584
650 118
1373 1520
813 1199
1307 1055
1220 1295
1390 893
520 1696
1344 695
1220 615
1693 750
78 464
1757 1266
1719 1507
896 1390
1080 170
39 1336
1346 1766
1456 1395
88 1160
1825 364
913 1492
1894 939
745 827
1900 1045
918 504
1955 210
1230 1279
799 152
269 725
1445 1905
1374 1989
386 517
74 1574
1360 109
948 1431
614 1332
537 497
1244 1197
1903 668
297 797
294 1592
1237 935
1894 1625
64 157
862 127
1012 1749
799 1928
35 8
838 156
331 648
793 1935
887 1271
65 1312
685 1658
468 1519
66 1758
120 963
541 896
1165 1886
1889 127
1394 82
1102 575
566 1182
1827 206
1016 1189
1910 1456
1563 1732
1183 1632
1683 854
604 1019
1339 391
184 1386
98 781
1345 491
653 920
552 69
442 1248
476 785
781 505
1568 494
431 1242
1531 396
840 1404
857 1303
1185 1703
863 1434
1439 616
513 1797
1921 604
111 411
146 1465
812 1813
1268 1991
965 412
1446 145
1643 1664
437 1251
1060 952
473 1955
1382 407
1853 1985
863 107
1586 207
1962 237
979 1892
176 567
500 784
608 376
305 1762
1243 1839
145 1542
1215 1444
629 1335
1613 851
1525 1264
1476 717
1863 815
1306 1536
1035 245
1353 951
792 1882
823 1405
1940 1150
1254 1822
350 1851
994 763
1990 1851
1551 176
1675 1328
1866 185
73 1725
17 262
282 292
388 493
905 1241
492 829
1521 422
31 1489
1231 487
1499 1495
1535 1725
966 1428
1647 587
445 228
1958 1155
334 540
474 845
61 884
7 1109
407 479
6 329
195 1271
423 875
802 163
507 417
279 1737
789 1172
279 175
1464 697
1060 32
1156 310
1948 280
802 1060
1044 604
140 304
138 1891
1067 1017
1868 1892
724 1613
231 1616
1087 767
832 694
260 872
787 766
638 800
1120 1694
367 1982
1303 850
1543 865
1851 762
769 1323
1593 816
1012 1280
1895 14
1605 363
1242 1931
460 1145
1608 1715
782 1748
1544 42
1969 1483
649 467
347 1906
1110 1949
1078 749
989 1669
624 1547
1409 1534
263 653
375 1443
531 1863
944 1271
1149 634
1611 1780
1236 282
1892 1264
873 1492
1700 645
960 1009
362 1818
656 1665
1217 827
1386 1591
546 1554
532 48
1525 225
281 1564
665 484
473 573
311 1022
1670 646
225 399
798 21
146 482
864 1121
1937 1719
1204 1290
74 847
638 677
1664 1916
331 1368
245 921
516 778
1949 1444
1082 116
216 1241
192 50
744 558
534 707
805 253
336 1733
158 1250
1710 1530
266 949
1005 685
1917 1487
1813 1096
513 1233
1255 1183
643 994
1852 826
1182 488
1024 1843
116 1554
455 1743
923 1460
970 1869
1022 585
1702 934
1354 863
821 116
1430 1639
1820 1483
684 901
873 697
1654 101
1624 217
1462 585
1566 1428
468 132
1735 286
922 1620
1927 677
1965 1830
708 1455
1647 494
668 1266
1657 1865
1133 926
632 749
1070 1840
1863 1485
1412 844
1932 1521
1853 1270
36 759
374 1009
1689 1015
1276 1590
1136 220
787 1468
490 1404
99 1138
1004 651
935 1556
511 319
1292 1544
691 1952
1558 583
1358 87
607 53
1258 752
1935 1542
290 383
942 146
1203 103
1131 1147
1129 493
1006 308
1674 299
817 1171
1722 718
1552 9
461 1242
982 340
1749 1140
1080 1627
1025 1382
1395 1951
700 757
1784 1404
1814 1677
1060 1760
420 422
1225 1395
1543 80
423 1597
662 1876
1097 1240
1177 253
1149 1971
989 1682
452 719
532 1043
1689 1180
1291 680
1181 1641
565 1971
1023 1813
983 900
610 459
692 1392
1595 1033
1992 122
1578 802
1329 462
1240 1405
143 1275
979 741
1195 123
654 700
12 1496
1695 1374
977 437
1898 1908
1804 1367
1691 994
155 549
1497 574
684 855
1730 1130
1524 1782
581 1564
929 717
51 1524
744 980
1281 316
1620 1887
614 1437
1274 868
1211 534
1570 1404
1904 1297
980 726
1276 628
1725 449
860 1367
364 35
923 466
1146 1384
1172 281
1907 402
1959 976
1507 383
197 1266
1866 501
1077 148
1579 242
831 1308
1789 1751
938 825
1941 1580
1417 91
573 213
518 1155
1057 1098
691 1435
1594 1976
1064 864
1877 573
117 203
1643 49
606 682
271 1555
181 645
1120 1389
1807 1166
546 1579
866 1850
665 929
1688 1414
360 1679
119 845
1179 1515
1547 1230
1459 81
1887 1623
1852 433
1146 535
766 68
1672 1838
447 527
109 1685
764 649
1564 1066
1307 1596
1927 1487
1555 1839
289 724
1311 202
883 1377
238 1264
1444 1967
488 861
159 1590
196 436
1552 547
1544 1496
1871 2
1447 1404
577 304
1261 1168
1599 244
1921 464
1791 1479
1199 1767
1867 471
67 419
1639 1674
1149 1903
1671 416
1672 881
1656 1112
407 1631
259 1832
543 1544
1088 1283
127 1939
175 1832
1389 722
1036 1037
303 528
1424 1584
576 377
1144 401
608 192
395 1519
1252 1365
1891 189
1393 102
1972 680
1862 150
671 760
1762 25
144 274
1033 50
517 79
236 880
588 1548
393 1813
1200 1721
274 1591
1521 761
1108 1916
1984 165
1742 892
1682 1879
213 996
1204 1912
22 459
1704 1170
427 327
387 1271
1814 1713
1730 135
1024 442
1139 1548
1309 1857
1788 407
1061 703
270 1220
1281 862
7 543
1795 1699
839 896
1430 196
1832 1383
1789 761
590 351
50 1936
34 1409
1285 893
542 1843
283 1990
67 0
821 377
1334 1466
248 1198
1464 1523
991 63
1835 1303
39 1220
774 1234
121 208
1940 1991
615 384
827 767
702 10
78 1291
48 981
647 1773
1362 218
742 230
1416 608
1006 184
1639 1073
1727 1365
1919 1827
461 325
199 1884
1317 1157
908 668
608 1157
904 623
284 1167
1783 1496
264 295
1719 1449
381 654
1175 1857
163 1678
1487 385
619 1351
1620 1813
815 638
1217 27
360 969
80 49
643 528
814 1962
1298 293
642 1405
1636 1734
645 223
1595 815
266 76
1423 1964
88 1164
1169 1939
375 1831
325 25
1811 1587
1503 1417
1476 996
842 1965
986 778
1661 1420
1552 1081
189 462
1277 735
999 1429
1926 1630
370 433
990 1137
1711 1849
1139 929
530 923
1460 1799
290 678
787 1863
1805 764
1369 459
889 414
1608 1177
1269 909
1661 1337
550 1494
1389 1557
143 964
169 219
135 832
1141 1685
72 633
363 1490
1530 1951
1598 1888
65 477
1303 1497
469 1289
268 1300
664 709
1389 467
674 1099
1047 182
948 846
1941 854
837 567
931 1582
1862 358
1874 1003
204 547
113 516
394 570
250 800
962 1520
1105 1192
1467 1709
336 359
965 3
1081 1469
558 1269
1189 1638
1343 412
1928 1067
66 655
718 1643
1160 1719
1391 1319
1019 829
136 639
206 1886
33 1643
1136 79
1968 1586
1322 1593
1954 602
1503 465
1558 1057
1106 744
303 1202
1183 1434
1093 1529
643 121
609 1185
28 422
553 1385
653 81
302 340
1065 245
319 1609
59 1511
647 1388
641 805
969 476
492 133
716 653
72 94
1142 1905
1173 1149
1611 548
133 578
600 1606
1537 66
1707 1390
507 1972
1303 1278
145 1827
456 1105
1647 234
1927 1801
1865 930
1287 967
1511 265
267 807
1527 1458
1044 556
1431 1536
907 797
1071 1249
241 300
187 1355
659 179
94 144
433 56
467 1326
1064 257
560 1979
1015 264
1477 986
1527 1777
723 540
527 66
932 1251
827 1176
836 399
1638 1103
1021 518
452 1928
407 901
1500 27
1865 80
1576 1612
830 527
1550 1094
1233 229
1908 72
284 1923
1790 979
1832 1271
701 1441
1065 1936
65 1901
857 1979
1401 1592
949 701
145 1857
1955 1687
257 154
547 1757
503 981
667 1804
872 470
172 647
612 1549
662 1532
361 1610
1572 1844
807 1555
1949 1750
759 665
315 1289
647 1649
82 859
1543 654
1784 1532
509 1926
1301 944
424 1438
1466 1387
1793 881
1244 1392
778 56
359 1032
899 842
1183 1960
1685 1714
1443 1481
528 725
1272 1425
816 1992
1404 759
10 1220
436 1324
817 1436
866 1819
1881 839
832 917
1008 791
1374 58
885 472
1918 1818
1895 341
230 932
129 222
599 930
757 1967
1612 1089
1527 244
436 22
905 1297
918 934
1896 1396
54 858
611 850
1666 916
576 729
976 182
818 780
1124 929
845 1395
644 33
514 1167
796 182
177 1687
1534 1018
1255 1708
1768 340
31 1772
1461 1445
993 1099
1349 644
1133 1220
663 1087
1821 655
1968 1294
831 581
294 1283
1649 1544
1758 733
1319 546
276 1366
1414 1785
300 1027
802 729
931 1786
331 1804
926 1595
58 1982
1886 1217
1189 1831
183 242
1223 191
287 1168
1806 209
1181 879
199 747
737 1866
1035 78
1106 1544
1011 986
1408 465
1789 1955
375 1459
1423 279
1989 1316
1142 156
85 935
686 1310
404 1554
1769 1872
929 1091
939 383
1556 1260
564 1286
1465 1748
1602 1640
1356 94
1470 292
1130 83
1683 1045
386 167
404 839
577 1068
112 396
1205 144
38 508
1471 716
87 1561
1009 110
1446 1017
336 1436
328 1337
1656 8
970 819
1886 882
704 951
268 949
1352 1942
740 1534
513 779
51 1785
1377 1105
983 1157
1834 769
1165 1471
1194 1227
180 765
364 554
641 132
688 1974
1872 1662
613 891
253 845
1014 377
1084 505
1890 1458
34 381
1691 1354
339 1989
859 745
40 543
1615 100
1517 1471
1124 618
0 84
1721 124
1000 1282
1017 1668
956 1350
1343 1112
838 1636
1754 42
412 1223
1369 653
261 440
1515 189
573 1490
1282 1915
1824 1905
1080 191
1975 636
1263 1608
1855 1637
1779 1397
1905 600
1125 1340
1874 1907
847 1578
1616 1675
1551 1680
941 84
1855 195
1939 1047
945 1982
1691 6
1098 1714
942 1673
57 1426
1907 578
1658 794
1248 432
252 273
1626 339
1832 854
1945 1814
509 1689
972 1182
1412 576
1207 1972
656 1584
1153 1607
193 988
1105 1331
1797 1804
1656 1945
1024 1650
377 1665
1113 97
97 84
646 1953
1058 1010
798 1948
41 284
1502 562
1670 375
940 666
349 1112
356 1727
634 1333
846 1545
1494 119
1000 1733
24 1020
256 143
460 1468
1149 1634
969 789
1943 212
573 1979
97 239
132 1534
1227 377
1587 1770
1399 316
952 1553
1957 38
681 714
389 560
461 1481
837 379
1574 1364
1631 1540
1768 215
981 376
1582 1944
1873 1208
1830 98
759 1429
469 767
30 862
1217 1857
1171 334
261 1397
1946 156
362 1078
1563 330
591 1798
167 751
112 191
332 1166
487 1279
202 398
627 275
537 1272
983 1187
78 1273
426 86
1258 238
317 158
130 1486
190 1576
649 677
1563 575
1361 1018
608 1510
1911 997
955 796
656 579
1301 311
1647 1386
779 228
1502 840
1568 1672
657 814
1205 1567
1785 1687
787 612
1563 1074
1799 164
503 1862
109 1948
1992 727
1169 741
299 1646
512 600
1576 385
1082 593
538 467
1670 28
1320 1456
1855 1279
795 976
947 1746
1157 204
188 58
1868 45
541 67
53 1273
1062 954
370 1438
1244 632
1692 822
1078 952
71 1094
1800 1930
772 121
1493 1203
1135 1836
1186 1521
1629 1217
1990 1038
598 297
286 555
1908 1762
350 355
680 242
1412 1780
390 1379
359 1074
605 122
903 1654
528 1604
1880 932
1336 1092
1701 234
337 158
1652 1931
1797 740
908 1509
1169 956
618 1523
1769 463
93 1511
172 1820
292 445
415 1089
1604 887
1978 421
1295 522
760 1984
1420 1372
1458 862
47 353
1830 1027
570 1895
474 371
631 1983
634 135
1394 1370
1446 1151
847 472
349 159
348 84
756 733
921 1841
1797 90
1764 593
1721 66
478 1150
475 616
41 411
419 1781
1167 1250
1058 679
1212 1479
40 526
584 1479
1311 876
224 912
1671 1215
1101 1308
575 369
285 1276
537 921
1353 1177
673 400
1152 658
304 1400
1518 727
1904 1312
534 1055
0 501
696 544
1915 1408
175 720
759 57
1355 1119
791 206
1951 817
1007 166
1352 785
157 110
1575 1147
723 1114
480 204
75 972
966 1282
1378 737
189 1547
1323 1985
978 1581
840 1778
895 795
1063 1733
688 515
1003 1718
67 1206
1927 133
1353 951
542 1643
1148 1722
212 130
509 859
73 522
43 446
1140 416
1360 831
1677 232
891 342
604 1988
1173 606
856 1135
408 1866
843 39
410 1996
1821 1960
1946 326
1081 1863
605 1441
1958 202
274 474
1675 1368
1184 1334
43 119
1935 686
1608 1491
678 671
644 483
6 1578
629 1160
199 1545
781 543
47 1062
1307 131
903 1171
1144 1740
153 622
270 1956
1654 1844
1346 422
1636 384
53 38
474 70
586 77
413 289
726 1866
673 520
548 1638
400 1140
684 884
226 407
1845 974
1379 475
1667 1404
400 1748
480 1836
925 328
1698 5
948 328
0 1530
1118 1857
1375 1379
247 151
668 1658
1429 862
1992 1148
512 267
1036 158
1172 792
89 1489
916 1596
1948 1754
824 1237
1221 928
1438 647
452 1557
1549 445
1906 1323
1547 1623
188 1783
1939 65
387 158
1350 788
438 377
581 1431
723 186
81 716
30 543
1395 34
1992 1578
387 1544
285 1035
622 1469
1812 418
356 1815
1038 66
734 333
522 159
1104 1058
657 660
1141 939
1420 240
1292 1145
96 895
0 1151
1544 1384
174 522
1853 1570
238 893
394 337
1821 697
558 597
230 1493
271 105
941 1883
1125 29
230 1477
1668 1741
440 655
957 1214
886 1848
341 1322
568 1721
1205 1999
1027 1007
425 4
1870 513
1776 1730
902 1896
1975 1738
1255 626
244 1863
1721 1223
1763 1731
1046 1516
1280 1707
1226 1520
360 1031
1924 696
829 1327
740 1581
121 1848
689 521
199 1769
509 919
1406 1749
805 1913
1441 1814
884 312
1952 1015
679 1573
1229 310
1627 30
990 1120
9 394
240 410
269 611
1972 365
1177 1145
1433 1450
999 1670
1587 1347
192 202
432 1389
1941 1042
1604 625
789 660
1131 381
1297 1084
1206 552
780 562
233 1830
1064 956
752 1682
432 1666
1608 1930
749 1075
63 1985
1470 1022
50 1309
879 400
819 276
1138 1115
1101 87
1085 1454
1891 1100
911 1084
732 60
960 884
1063 1633
1665 63
2 565
955 1254
735 1626
1799 1943
1693 470
1865 1823
597 1126
1372 1552
1025 77
1372 97
1219 640
161 14
1195 185
1990 518
942 1619
41 1175
18 298
1808 1530
1870 477
1503 946
429 1660
904 1996
862 1151
1004 1060
1116 1228
1363 1948
334 921
13 672
674 603
1474 1053
508 610
233 133
1948 509
598 595
1475 1114
1046 1897
1803 959
1258 739
1492 384
443 45
189 35
1995 1385
937 1043
529 1090
1651 1548
1534 1232
1356 1869
359 1702
1802 1651
1921 959
1698 338
666 1919
1596 370
987 680
579 1491
534 366
267 1366
1579 1740
351 937
741 1162
867 1329
1396 1204
645 1742
499 1585
1947 632
1205 1429
1074 1420
419 637
146 1392
1778 119
79 365
755 1006
518 514
486 1475
1631 1371
1713 141
299 910
171 1786
1597 11
669 209
718 433
615 1460
960 1601
1496 157
706 514
1432 1617
581 870
1163 1646
586 1837
539 422
1886 806
1850 1097
1369 1668
1114 571
970 935
862 1646
539 1976
1613 82
1941 1172
247 59
999 472
1926 1663
1347 720
104 1498
1438 912
1009 1961
1369 486
1175 1323
639 265
685 1679
1555 730
609 1784
413 1997
1323 1432
673 1452
1772 1780
137 1959
85 1209
146 807
717 1424
1868 154
888 1846
1974 1057
291 385
854 1572
492 946
744 1042
294 214
1821 280
425 1472
630 1683
986 663
570 1232
695 271
1098 766
200 699
511 1639
131 572
1562 1831
465 1581
556 1324
1704 383
40 222
1552 530
1794 1825
402 824
1642 1128
1114 1456
1199 1924
131 1741
1025 91
1509 658
1894 1561
1837 1571
888 745
1406 1136
1941 1090
1677 1603
67 1078
1864 803
1588 1030
310 397
1740 140
154 515
1382 818
929 163
1959 821
1631 1091
1699 974
269 998
895 236
761 1599
186 1370
1540 490
404 422
563 1228
928 493
203 1525
1007 1758
1554 1605
570 1316
960 778
1851 1585
1511 588
1846 372
1925 1336
862 669
1447 905
1049 1871
265 1597
516 1808
869 593
379 801
623 603
1604 1447
396 1757
844 1592
838 711
1885 965
911 77
1522 1283
1534 1933
1364 1737
707 40
562 988
286 59
686 1272
1593 1301
1776 1229
1205 246
1480 1052
1846 648
1179 1549
262 523
731 925
264 1298
1538 917
103 1755
524 1104
115 1265
379 1075
337 1758
977 1028
1367 86
202 1557
1579 1871
103 85
1019 842
60 1666
1850 1042
553 1607
1526 615
344 1304
1238 1460
1198 517
1408 1592
1231 116
334 265
1356 971
191 486
1034 1317
472 1498
648 1283
835 1337
678 1519
1234 953
1695 1433
1640 1289
984 945
507 1697
727 1006
1644 1969
1458 83
105 677
1123 1291
1518 949
332 381
1266 1920
1713 942
1481 1557
907 1138
1827 752
413 912
942 591
1548 1976
1062 63
1123 805
383 353
1128 1956
420 1683
1491 335
837 420
1962 1507
1688 707
1858 1519
645 1130
1586 533
164 689
1112 262
1239 895
1629 1262
12 675
1596 921
1384 282
966 1367
289 1501
1151 1594
376 1392
1985 1873
503 621
1460 1890
1624 1573
1025 629
143 968
1654 1426
668 1271
878 1627
581 1369
158 1747
1741 635
1645 374
196 198
1235 1130
503 1336
1387 652
1061 1509
827 1484
668 998
1846 590
114 1451
39 443
1100 1168
1633 916
453 629
1813 1299
1613 1521
1173 259
1383 1240
139 1225
762 1320
797 1585
1758 9
1824 273
1797 1569
1387 1475
264 533
1077 1402
1626 803
1403 433
1043 323
260 1868
812 507
1750 1462
103 311
339 1232
1022 1400
636 1243
16 91
1207 1306
371 528
101 1535
1159 735
950 806
1606 1351
144 801
1394 159
921 653
573 1418
1277 1455
262 1577
1623 1829
1084 198
1326 1687
610 394
1183 66
1263 1588
1665 892
1728 121
1050 1316
1283 264
229 1277
1039 211
1571 1442
112 530
1638 105
1516 1435
1749 1419
35 1842
955 1395
1537 748
537 795
1875 889
788 1473
828 1818
540 1474
581 1567
958 26
1314 1251
1364 1254
672 1735
1537 1088
21 592
1836 462
1242 1447
1548 571
853 342
132 821
1988 1659
83 330
399 241
1984 822
473 1518
1490 865
291 242
985 1893
104 1088
812 983
1331 991
322 298
1132 87
667 1808
1610 1441
847 719
1325 1763
1837 1870
1921 447
1863 1351
1519 746
55 282
523 1221
1867 1714
1705 1965
1593 1601
393 218
396 184
1090 149
1064 1696
1956 1372
566 617
1021 51
42 573
1908 1081
1687 1037
904 938
840 1787
32 1087
428 845
1084 464
215 1229
1619 200
1656 605
1816 1153
1192 1932
1786 245
1551 1131
836 1868
473 1096
540 979
550 1660
1301 276
1591 881
1741 906
1328 1082
1980 1366
1114 825
573 592
438 140
251 1079
777 384
527 139
1987 1644
1715 509
1290 358
998 1933
1219 1667
755 1640
1862 1767
128 1776
30 340
1906 938
469 711
611 648
1324 320
151 1511
1146 377
1839 810
1966 1152
1468 835
1446 1686
211 661
1907 1903
25 1674
1746 1933
1568 14
507 1419
1914 859
846 1906
668 13
967 1873
855 1641
1583 1013
1905 1488
1375 1333
1520 1880
740 569
141 500
168 1291
1857 296
1384 1765
1209 1831
1087 878
1417 187
1841 1828
1085 1617
522 1271
1270 716
1153 39
727 1836
1954 152
1126 1985
212 1789
1245 1755
292 704
1507 285
14 1671
538 1171
1747 555
828 654
1556 701
1840 1256
607 1238
1981 884
562 288
1194 246
1543 794
750 1428
1297 1527
1468 57
161 367
39 1583
1171 783
1737 1492
465 1079
1897 879
1531 113
904 1157
1347 1643
272 414
1636 272
674 100
949 667
1841 187
705 1608
1098 1514
1120 1245
1501 1657
1560 1028
1864 1996
41 1932
1359 1124
943 1737
391 438
733 1144
263 1545
976 741
1314 412
202 1054
448 1023
681 1022
1418 9
1083 1558
1005 877
1669 723
1332 1309
1515 452
1544 1632
693 727
199 729
1750 1366
1952 1845
89 1295
1058 284
1789 703
956 1344
574 1024
1410 819
723 5
393 738
1005 1240
1889 96
1185 651
168 1746
1880 1986
1446 537
1984 1438
1340 459
1615 1533
1173 487
510 992
730 389
1646 309
1156 1005
49 1714
1913 1223
162 1569
241 1755
618 1391
837 404
322 415
843 1450
1372 1961
498 14
1656 403
1979 1953
1099 233
495 1102
1875 549
1619 8
1869 1348
238 155
1209 1463
1195 372
771 599
807 88
1399 1107
101 1939
393 1950
1683 1370
326 1018
819 1608
37 832
927 705
135 761
1950 139
522 532
1769 1672
405 1263
21 524
905 170
1975 165
1005 758
646 728
1939 417
652 455
320 1227
166 1098
458 1450
1267 1907
444 309
489 1206
527 411
1812 1901
782 1302
1642 318
316 632
1882 1597
1837 186
1545 1059
1992 561
1417 1
1107 1236
1046 1906
696 1631
1429 1759
1536 872
162 1927
1070 1919
1753 297
1104 1274
1932 430
1268 870
496 361
694 819
19 1074
632 976
57 882
562 153
1435 21
1792 1010
1187 77
1457 267
385 1469
997 488
628 152
438 1738
457 118
1360 1586
587 747
417 7
520 1701
59 242
1941 1886
1050 1013
1833 651
100 1608
1489 636
1264 90
1378 1344
302 159
1128 924
272 262
844 1960
1110 1292
361 983
1533 1739
1069 1400
5 1974
736 566
1576 1175
1769 1039
1019 1116
19 1439
1490 1942
1125 226
1978 1616
1731 1914
907 749
317 566
1292 408
1525 1947
1358 1429
1545 207
1112 1931
539 1997
655 1947
484 840
339 512
1205 1321
723 1446
1242 58
1933 10
1128 266
1137 912
828 1892
204 1113
1475 649
873 1754
584 350
617 217
607 1911
377 1410
810 732
688 1168
413 1270
1764 45
1289 1414
1077 163
1035 500
1267 22
1978 1030
248 662
884 389
1227 1707
1822 787
1152 272
575 682
576 830
859 299
168 202
637 1987
826 675
1961 587
623 158
1651 848
1527 1544
154 121
786 535
1898 1376
1156 1306
808 1897
595 1436
361 734
42 1530
967 1443
1689 1145
1224 1564
1026 993
576 1267
1099 1017
654 872
1348 605
977 622
71 1225
600 459
1340 155
1400 1553
708 434
917 969
173 1211
1356 900
595 502
1345 1174
258 1766
1859 1371
1966 1638
1064 1090
705 1342
757 233
1790 770
1703 555
1477 374
1472 1346
550 111
585 509
929 1479
1124 379
832 50
1759 659
1860 567
484 1212
1026 310
245 576
151 186
1963 1166
862 1152
1886 1140
1976 9
1070 1946
1268 1524
728 558
1760 1458
380 1667
1101 1007
843 1130
1331 945
1793 875
1777 466
1336 1690
1264 327
109 805
145 930
1475 514
245 541
1918 897
1995 201
673 703
1911 1105
585 483
1571 275
772 1856
169 476
44 1958
413 783
1497 317
1792 1805
1439 1043
1555 231
1947 1883
1346 236
591 960
1714 1215
1230 598
730 176
524 133
1998 352
320 1791
348 357
195 428
1793 1249
1655 1010
1022 558
152 383
13 1490
947 88
712 1089
1604 1751
1105 1787
1919 1743
283 1062
185 1051
716 510
1724 108
87 954
1430 1996
1249 847
1515 1931
1320 984
863 1025
1313 559
422 1616
211 1181
1595 804
1855 1348
1802 1496
336 1851
1713 565
928 846
1714 1825
1892 1136
902 772
1819 1836
354 1015
651 1827
1633 1785
226 986
1666 1539
1484 909
1127 307
1244 409
1797 861
1016 1335
1112 195
1170 1188
428 1103
1909 1964
1635 791
1571 21
1460 778
1000 1727
967 536
1433 11
776 1312
1664 1390
1539 1077
1968 1318
1830 275
1950 1031
491 653
1419 1336
1141 805
543 289
300 1665
1955 1883
1297 1231
191 10
384 1327
1802 1901
1806 1305
410 744
1403 7
466 257
287 23
942 1450
1798 823
1646 292
611 1000
447 1913
1468 1233
1329 398
453 380
913 1796
1425 1600
6 1838
712 781
853 1706
1141 1347
1597 356
1474 1126
1993 388
430 23
668 125
1384 618
666 668
1740 118
1952 1045
1859 634
1077 743
226 491
1359 874
941 132
1422 1261
65 754
1520 330
996 459
1298 1057
1481 209
1200 970
691 1105
859 1892
1850 973
640 1799
878 1113
258 1605
67 199
1087 607
1091 1894
409 1613
128 917
787 863
221 1502
1469 1324
1259 300
837 1282
1267 663
1671 778
9 1835
1515 781
91 316
769 131
134 1283
1032 1243
278 1653
1947 1182
1566 1570
1902 1077
600 1416
1938 811
1273 869
214 883
1078 304
78 832
338 14
610 300
194 1801
14 1281
409 211
1717 941
1639 1342
287 1962
1622 516
1767 1248
859 663
1628 165
975 1398
1665 156
593 1602
1299 911
720 1162
262 1288
651 455
1229 765
873 719
945 1966
1751 389
1702 576
537 239
1659 104
1511 874
157 353
479 923
1786 1435
1465 385
995 482
1452 1656
1693 551
1225 1315
1101 1411
647 56
305 290
1433 1038
1372 552
1862 876
910 834
1828 1188
694 1901
1174 1810
1701 807
293 61
1013 488
1816 1522
921 145
1594 324
1042 1573
183 1951
891 1535
326 790
706 1163
1212 908
1308 1231
543 1501
365 932
1670 357
951 1400
1125 1471
804 758
1407 1529
145 59
476 635
96 1603
371 1875
1403 1899
1012 1264
1974 223
1894 551
332 1978
1240 1517
134 1647
936 307
1634 774
546 1420
1411 470
33 1215
1148 981
619 1489
1220 1076
1299 1410
1898 1585
194 44
97 1773
950 65
720 1097
342 588
1931 1386
1912 479
1890 176
1992 824
754 982
768 170
1285 1030
865 1913
1843 1524
1386 739
1526 740
1688 1508
1712 310
1885 1021
494 1058
1544 1336
876 1320
947 579
1654 1721
1574 1109
252 1864
374 1519
1843 1912
241 755
1823 612
1825 434
656 1389
187 593
1166 935
1162 1188
554 579
894 79
441 1161
1167 510
928 1721
1876 604
1596 94
387 1205
295 1416
1336 1537
180 1313
645 885
955 1051
1224 1145
375 1406
602 1368
880 1353
1934 71
1956 1275
114 1320
989 932
1974 1769
899 795
780 1004
1276 535
1699 831
232 154
107 1619
1315 81
1997 1000
963 1670
1172 247
1147 663
209 1821
1654 1822
376 774
1904 1056
1973 1279
1718 1283
541 1105
887 101
1790 529
828 1374
1126 813
949 464
1073 1888
687 793
1037 1760
300 304
1426 1665
115 86
1431 192
1990 1870
1501 1316
7 1476
700 1057
1945 1937
1721 398
151 661
1403 818
1641 1190
1452 137
1397 1701
1051 836
1116 1903
1271 1368
1179 481
721 1713
1869 242
1253 64
1468 890
867 704
1691 432
1263 1332
1369 1838
1736 319
1858 1253
1399 1972
1139 821
1051 1320
1751 1226
1551 1067
927 771
1844 702
467 1957
1795 1179
760 1642
1301 1072
1696 1730
916 37
815 1151
1354 1300
1317 1276
1824 1903
642 491
1437 339
1136 1270
922 135
1355 1808
235 852
1778 1962
1267 1792
1025 584
1510 198
1973 559
1067 274
21 691
1838 1389
1250 1488
912 1091
754 1414
1758 564
842 370
393 635
1549 61
329 1487
987 177
990 1500
1056 906
166 785
1049 790
804 541
1336 246
1757 281
1855 1975
753 686
393 1729
1491 863
1928 1193
1929 507
1359 1037
1571 1010
306 1622
1215 465
1736 613
1843 1295
154 1535
988 403
1165 1440
754 155
1979 766
555 1192
1952 41
573 1230
1825 716
727 1993
771 1717
1234 1933
1408 542
1173 473
1777 1594
306 851
437 1403
1981 133
1771 22
17 442
394 983
841 1983
1195 1310
744 1330
484 59
1634 804
915 519
674 407
774 977
1131 1973
1072 1032
174 1895
1889 278
1236 0
483 247
747 1601
992 1870
277 1949
1573 1218
479 511
1623 1541
1947 521
1163 1591
253 1261
1447 1656
743 396
1593 136
327 1167
1611 1645
1728 1776
326 1615
134 238
726 1201
1554 529
336 677
759 1284
1281 767
1416 1454
805 577
551 127
1676 498
619 276
1965 787
9 1728
955 1068
1138 794
151 1986
361 1098
1004 788
135 898
1447 1678
1042 203
1941 1234
736 657
382 1334
20 800
1652 1579
789 1569
256 1611
706 1837
1102 614
1849 1083
930 1791
1769 494
609 1214
148 1013
626 201
571 1747
841 503
778 950
1350 918
1210 1093
715 1724
1286 776
1748 863
503 706
1667 105
1661 1269
200 108
1642 1000
1101 387
1612 1829
931 1500
886 150
64 1384
1866 305
1140 953
1248 1734
122 1324
668 1438
5 169
1742 1422
981 1251
853 784
743 388
278 416
787 1696
1129 1302
733 1395
20 722
359 1153
1154 1429
1637 260
1480 760
536 1495
649 1362
1927 736
72 1819
210 1131
572 314
1422 439
201 191
831 1319
1631 835
642 980
1024 1912
343 1242
1988 1430
1570 837
1845 1963
1647 1715
1299 686
788 1666
77 983
1698 128
851 547
955 1271
956 1875
145 1676
103 965
872 1185
994 1123
992 1320
29 267
1770 297
1040 1961
1926 475
885 161
1686 356
1263 1576
396 366
624 647
1587 775
666 861
1547 331
259 1448
866 1726
1081 378
1179 1288
1451 397
319 313
860 1300
606 247
1577 1060
1673 1965
434 578
1032 733
591 646
51 1012
1535 1504
1829 1713
1944 1696
1656 1393
820 1726
1547 1175
88 153
219 109
578 1304
26 1430
161 1063
865 1780
313 509
927 1626
385 768
1431 938
1541 312
1924 1778
899 1226
647 1233
806 1784
408 1599
1914 1356
1697 1845
843 436
453 99
620 446
779 376
596 487
1432 240
561 1556
1486 1333
591 94
643 855
645 1734
562 1243
1447 1990
1547 183
1853 1450
224 1229
372 1986
1169 470
206 971
1529 1915
1017 530
431 732
1481 1391
584 1093
1042 172
1130 1941
168 1071
1123 893
497 1550
137 1368
864 657
1986 1576
1809 889
1970 249
1189 1445
714 1474
1991 1606
482 3
410 1786
336 1618
1879 820
1932 751
314 544
909 1771
266 460
1758 1459
980 87
638 653
288 896
547 468
921 1411
460 245
660 634
332 292
1841 741
573 1643
1109 833
157 994
467 1389
339 755
431 396
1934 905
1178 1895
91 47
40 1010
57 771
301 1003
1449 1507
1976 39
683 1416
1277 1838
1481 1511
875 502
1974 1611
167 1256
1268 234
1549 1351
1738 228
1489 373
6 1780
1599 407
1016 1779
217 497
1240 956
1727 1470
1711 383
1948 1334
406 525
1086 234
1766 33
571 1395
329 991
396 306
895 1754
860 477
1969 44
737 1968
409 970
1607 1766
415 269
289 855
585 1172
549 1297
894 1517
1796 1798
1976 812
1436 1368
367 1818
1161 802
426 253
333 84
624 127
1781 900
1789 623
499 1942
461 1297
1009 1847
817 1844
226 1927
1190 1835
449 1308
1760 1475
930 1091
1185 464
1595 141
75 1779
1356 360
861 320
846 1291
295 276
152 513
1814 1900
1878 346
702 1903
1615 1457
878 1778
1689 1236
1811 825
464 1506
566 786
1644 1368
1856 1813
336 1916
1446 272
89 1272
605 1981
1130 1007
482 1982
767 1073
926 686
673 1014
1794 48
78 1162
596 1811
1698 208
459 1899
1699 775
101 888
1413 133
991 1072
123 1681
636 899
248 549
763 1818
669 223
898 828
1819 1127
728 1280
802 155
354 183
464 1673
70 1723
730 590
1036 623
556 1010
1185 1283
1617 240
11 1688
1554 1003
1209 375
504 888
816 1574
1910 1113
592 109
1563 3
839 683
1278 357
232 1112
870 1092
630 1376
454 844
1944 1160
158 1779
1493 1994
1076 1848
580 1275
923 1662
492 1712
584 988
535 312
1160 1844
1624 1920
1164 983
1330 1084
730 322
271 957
1226 1366
1252 83
1346 1429
1765 1093
1630 959
1444 1182
1492 411
1181 1627
1728 571
1928 333
1515 36
1116 1993
1519 1856
1850 1057
1880 1958
418 1534
1197 175
880 1601
1008 1441
1575 489
1063 733
1912 267
1569 928
1783 1715
1438 1295
1022 1631
597 1502
403 203
588 487
1733 365
1040 705
355 869
1777 451
1320 658
12 1143
1297 919
1214 198
1319 1457
946 1972
1291 156
382 203
1772 1415
169 782
648 1142
748 665
74 337
688 967
1775 897
739 348
237 1834
1266 768
48 1883
750 1653
56 1707
1124 1979
1514 1650
680 99
1457 1663
223 631
769 308
624 401
616 1304
267 882
832 1942
913 672
21 470
1903 683
1435 1769
365 685
20 1898
403 1875
412 277
1402 1010
1552 1863
1001 1187
250 851
1377 1020
1118 192
231 142
1289 1034
1530 1981
120 252
1228 1415
56 787
190 1700
226 1559
224 519
56 280
585 314
701 1629
1284 1283
762 1182
833 76
1626 563
82 1952
398 1206
408 1010
1714 1946
425 1169
805 749
1541 1825
366 1975
1281 727
303 1012
1326 1528
1611 1450
33 21
895 1367
459 1610
1811 1849
212 893
621 94
353 1700
235 1086
1792 375
1733 912
601 1046
1925 1853
368 436
432 625
416 1918
929 786
1750 1583
1047 1355
699 972
1333 45
1717 403
1248 1898
423 1655
1734 168
439 1755
1814 865
27 347
1315 718
1472 1500
1380 23
1491 124
931 1281
366 763
657 612
14 859
939 523
1792 565
1624 770
1897 511
1090 367
480 879
825 1040
1563 1638
22 1949
1166 1306
36 1889
1620 1097
444 611
1967 498
1140 1923
935 765
357 478
291 1594
117 534
480 1933
1450 1561
1007 508
1598 50
332 1435
1893 1077
617 1096
1328 205
1137 1477
1901 425
471 1965
932 896
1607 1407
950 911
1457 403
1942 973
922 374
676 1030
33 694
471 312
138 1885
1189 31
1831 772
540 437
1095 1880
1960 796
1084 533
136 957
1153 1225
1987 99
1826 1071
1013 1088
1834 1875
1284 1316
995 47
465 1971
1114 724
444 466
429 855
1515 611
1382 1735
582 1423
1946 1959
334 1956
1603 1956
843 620
1047 97
382 928
831 1499
457 1725
303 1825
939 540
728 637
315 735
262 1572
1031 15
1067 419
1656 68
1943 1541
152 1086
759 1577
327 751
1185 1511
92 1583
620 1612
113 1196
216 1502
1546 371
668 417
1223 1872
1549 1574
1274 1131
506 179
433 984
1206 1270
615 195
918 217
1856 897
1134 185
711 737
1264 1675
171 610
1867 656
1552 483
293 1664
1158 1764
917 289
441 454
1399 1000
230 782
794 1535
1060 1870
1915 119
622 1761
1591 623
395 1472
990 159
630 1046
606 466
503 896
35 19
1325 1658
828 1026
563 634
1389 1550
1251 1705
1854 710
836 803
1424 772
96 1478
1621 1646
1363 1316
828 1551
1543 1582
50 1939
540 1269
967 1082
1585 1618
860 1374
947 1244
1886 1877
1466 1006
984 103
1485 1356
1292 156
320 1736
952 1781
870 1289
1747 851
1610 590
1654 215
1354 1896
292 218
587 18
1125 328
1918 1377
1640 1006
1598 360
1302 891
1900 766
1760 1023
821 1138
219 1047
364 1809
1662 1557
1714 549
959 488
1832 1641
1399 1584
191 199
1779 366
1085 1876
1229 490
1995 411
446 285
1722 111
1397 1162
17 1255
1489 1716
1752 501
1116 296
200 547
1243 464
333 465
146 1907
1457 77
346 963
1726 941
1559 747
1652 1292
1969 358
1074 1410
915 1566
114 210
1491 1474
1994 1437
528 5
1277 178
1861 103
852 705
1074 1017
724 1055
509 451
1350 991
800 1622
1614 1402
879 1855
352 1828
341 1476
97 1905
650 245
1882 159
1895 1590
530 1596
1386 698
1302 1901
641 1739
1559 530
853 508
498 1571
116 650
978 1933
469 1694
24 1429
377 1567
1348 979
488 1976
1817 32
1475 1861
1073 1435
1957 1410
1414 1797
997 319
1408 1340
1808 1664
786 976
1654 1007
1466 1487
1753 428
1149 396
1216 30
744 1509
1548 19
166 1067
157 1377
1765 930
832 1705
1185 1749
1167 1310
1631 330
1762 5
1364 183
104 1383
438 1428
1129 1015
286 890
61 535
836 425
0 687
1961 721
1703 1928
