1500
777 1330
204 101
889 321
53 153
299 224
146 1418
934 316
175 776
1031 965
1096 112
800 295
129 701
694 704
1097 1295
1421 960
915 92
1354 517
319 940
1406 171
1291 1034
158 91
815 1008
487 582
1297 1362
1124 440
76 1138
1010 1372
40 488
325 203
720 924
573 1197
1305 136
602 712
148 920
656 1416
1427 513
1444 748
57 791
405 182
88 330
184 298
0 1309
1085 1230
695 1157
494 1266
1013 930
864 582
1393 1495
162 831
966 770
908 774
741 51
1161 980
930 461
1490 712
1049 636
1150 455
996 799
291 507
1125 379
187 1225
238 1327
954 465
271 1367
1281 719
277 526
458 1017
1431 947
37 395
544 410
1344 301
1305 25
384 1224
990 962
1067 5
610 1275
1051 372
235 230
1485 227
67 1399
1188 1153
1407 1194
1218 68
89 773
1188 1208
839 844
200 997
195 274
1326 642
1427 1295
856 1189
1342 168
1432 843
773 1374
205 337
421 1421
311 690
217 1042
528 87
1014 325
641 64
235 600
1214 1344
528 618
134 847
62 1156
1046 121
143 488
775 1358
599 138
1021 26
1447 560
892 965
886 708
628 644
314 1121
612 1005
1372 906
1362 739
909 1208
199 1364
1089 1132
699 164
850 737
1431 668
1148 1204
113 768
676 584
340 306
1221 1365
1089 1267
1028 784
731 1170
1430 365
1467 876
1481 44
1083 1413
576 588
11 826
1376 72
859 42
345 794
3 147
1353 1119
340 130
1198 125
648 1258
836 867
909 1248
3 637
200 1379
1415 779
829 145
1325 723
132 860
454 313
1442 108
1279 38
242 1480
12 287
865 1070
248 505
1083 314
1075 252
203 372
804 989
1394 886
386 301
188 832
1030 900
1053 936
975 123
1108 806
488 439
1264 104
1460 1430
357 1196
1421 334
136 216
1053 142
1079 367
838 156
977 719
1401 732
696 36
1184 823
1178 1067
682 652
1050 547
735 513
1294 1378
129 951
157 884
70 972
492 1256
1489 142
1133 443
279 292
1463 271
1348 678
1272 199
1077 321
612 892
633 521
744 749
579 75
283 149
963 281
235 1002
740 867
255 615
1304 848
561 365
1409 1145
1134 996
289 71
1237 171
914 1184
761 984
65 293
164 733
1054 17
1349 150
1245 125
1164 146
880 472
1356 953
378 1359
228 1164
757 696
780 727
696 1437
28 850
556 305
1131 1011
1203 978
124 1076
864 947
526 840
214 458
502 1106
1195 1098
845 86
1155 1252
157 276
635 192
1017 1180
596 396
637 438
1261 193
868 94
709 710
1200 209
185 711
1458 556
1392 1059
1364 702
854 37
964 1190
865 389
603 1472
542 1013
1391 1109
1322 778
409 423
41 1153
588 938
1037 739
774 972
365 1313
564 498
1448 77
1456 795
630 1319
633 881
90 459
1417 234
525 343
699 431
126 280
558 1319
1433 1164
370 1322
147 890
591 1238
989 1396
1190 5
935 677
464 431
570 1280
1244 705
179 1057
1015 242
213 778
861 424
562 185
394 663
1408 1050
841 1270
966 1341
1327 1478
788 837
862 1215
1000 3
718 1087
749 1128
461 110
805 1
505 618
666 88
494 857
1359 563
1116 669
1397 169
941 403
127 392
466 536
1438 341
795 1450
465 667
729 488
708 313
276 154
1350 845
220 1131
1374 1132
865 730
417 863
219 44
569 195
807 92
184 126
656 988
1409 523
649 1178
657 1366
65 776
1135 90
1237 1196
354 407
84 1156
1355 130
1112 1063
197 984
1301 592
174 524
6 776
307 798
294 1087
974 14
806 716
120 409
1205 39
659 773
827 206
923 648
279 1003
452 605
824 670
848 1127
1010 501
858 239
1235 431
1040 977
942 1199
453 354
1469 838
577 596
1466 1238
197 1372
473 126
336 436
594 1471
769 495
1466 347
288 1498
987 100
1389 1193
449 425
507 577
1026 1112
148 879
443 1387
199 221
591 209
1359 81
1103 1413
382 1488
632 373
778 771
553 321
132 978
451 759
283 932
460 392
660 198
936 1035
1247 356
1060 948
1026 1358
873 1256
1321 470
142 1234
617 828
1376 813
323 870
1201 456
1282 989
545 380
848 676
392 879
252 220
378 315
1335 447
731 220
265 1409
595 741
822 180
1318 317
63 1277
735 111
1056 230
799 254
94 1451
1367 475
951 1296
607 852
1174 1494
596 731
1335 1299
707 836
835 860
272 50
1421 121
642 337
449 707
503 409
59 1278
29 1256
1482 1368
265 471
789 1014
995 238
483 742
1348 1166
913 1
479 896
393 1268
1038 1143
198 1046
726 284
759 176
1277 332
1274 1241
673 997
864 470
1185 149
645 277
422 428
465 1459
890 714
722 1374
196 1327
1085 1078
1324 469
1449 994
1431 1351
745 184
319 358
1382 1438
692 33
850 1208
155 1150
821 92
686 596
694 1427
457 970
552 362
967 1071
180 655
1292 698
603 1307
1010 986
884 1283
327 1367
1166 849
1239 875
1478 236
1025 923
432 1422
927 1114
728 1470
439 935
153 539
357 547
116 1075
1489 242
438 620
238 796
342 929
1499 723
553 930
750 613
676 1027
1476 240
470 32
935 510
688 381
1205 607
424 783
513 476
191 891
160 259
112 1168
1073 1342
986 917
42 748
183 1120
316 817
769 1031
1473 465
403 656
937 93
175 99
417 42
784 974
461 488
728 1427
1290 812
214 407
1450 1148
506 1168
106 1304
461 1012
603 1311
153 732
642 515
1119 471
1483 787
303 1401
267 290
1430 1379
967 1057
1489 73
125 1066
670 201
1016 70
903 1350
1317 403
826 934
364 1153
244 604
693 547
228 925
643 1149
608 1137
952 774
229 1166
84 1400
780 228
769 383
371 1422
1329 1399
826 546
140 277
813 517
1104 363
311 1101
1230 452
1406 1020
872 816
888 979
549 801
1418 261
1280 976
824 303
776 1008
224 783
833 62
1328 1014
1007 255
217 172
1346 48
1219 1227
668 988
1149 1170
144 913
726 1428
847 792
1048 900
776 1354
1058 1113
1222 239
160 1294
1117 660
867 617
728 384
767 127
17 424
745 777
265 462
868 885
1412 825
774 1430
438 1049
792 1211
787 1449
19 843
1422 398
890 551
779 1142
1436 769
84 1214
14 1390
1290 1047
697 302
1262 762
1039 502
1169 553
970 861
1204 1248
1303 850
1045 1380
1322 920
471 1222
1328 1186
569 1184
179 482
877 450
904 415
703 556
814 1367
113 106
698 1032
408 405
396 1499
16 138
59 271
455 876
337 1111
1414 1188
145 972
11 184
667 435
1496 1271
5 482
1130 1006
1192 638
524 606
1386 366
526 40
562 967
630 707
1481 746
1028 980
111 251
211 964
385 571
141 855
547 331
858 1329
80 1176
91 228
351 132
533 886
1063 635
1377 15
992 271
4 673
547 448
887 533
67 383
1285 1046
1387 195
838 1303
488 345
1022 586
360 776
252 132
882 619
372 1373
295 178
430 1430
1402 367
380 1484
822 1058
62 1435
1339 1472
840 233
340 64
1454 1111
536 117
1383 811
303 865
448 163
1423 1457
463 331
761 385
318 387
1353 953
1327 345
637 576
1203 520
1420 290
634 168
439 894
154 146
1484 997
132 342
213 220
179 898
757 991
914 215
153 435
1069 969
973 249
838 368
1426 412
1130 532
507 481
118 1101
161 326
1278 773
869 1356
1130 1000
765 1249
436 1173
177 1415
1221 365
332 1227
525 8
1448 178
926 1049
772 144
1389 17
1122 1325
989 197
667 21
299 919
567 95
863 1434
508 1478
151 1025
1158 1054
1493 1082
742 149
1042 204
474 1050
399 1062
720 210
149 1185
274 204
582 1312
148 1293
841 1432
630 658
1097 1116
1217 345
224 610
1145 1312
1249 1019
1037 646
692 62
310 596
1022 1118
290 209
407 197
646 1279
939 499
460 414
497 60
1211 683
1040 753
1331 649
1095 1083
277 1028
370 881
521 124
807 1425
1298 259
308 833
774 514
1440 1205
148 387
1004 1046
854 1404
1064 65
450 786
619 1114
432 326
1499 1134
1392 1227
785 754
1213 545
217 1153
332 794
334 1458
1382 138
1027 1153
636 733
830 591
83 435
915 1179
1383 271
424 242
1346 114
135 508
783 13
593 454
1044 683
774 1494
1059 1333
876 690
320 566
823 512
547 312
453 555
137 1481
255 481
419 1365
501 811
1473 1030
916 236
1026 645
366 678
639 938
142 1423
132 917
266 1394
336 361
1091 1285
982 1
1121 826
148 1443
704 1437
275 809
908 516
310 585
300 85
187 1325
1218 159
115 1097
1272 1327
319 1074
786 942
1028 513
528 801
1335 341
1043 932
73 1325
539 1177
1408 1236
400 1198
1481 1418
432 132
1330 173
312 1112
394 263
1181 743
199 716
1084 847
1085 1051
1349 273
8 287
141 588
924 1404
1487 1364
781 720
607 1147
913 876
293 1254
1144 688
600 80
892 934
1399 151
1455 137
1114 168
1438 738
1412 748
1415 562
685 707
912 497
768 416
1430 781
607 1460
949 554
603 1267
907 847
1306 694
1114 535
1452 963
131 1189
935 1345
761 758
398 396
382 1460
345 737
1115 1320
372 319
749 866
1052 606
179 1193
814 486
477 1337
826 1178
1101 1415
1139 218
794 142
932 450
622 1366
653 1472
4 969
836 1107
757 695
563 1072
689 1363
186 1321
1063 1118
1105 1280
669 940
408 1188
987 1297
532 882
409 107
794 795
61 1471
1428 796
1001 432
194 921
427 905
1251 851
14 1431
795 433
740 776
122 737
895 1137
498 320
143 749
1209 173
1224 1433
1386 669
265 675
358 953
1241 344
700 782
125 660
1385 785
928 563
163 754
505 858
1165 17
496 206
754 248
1317 60
1312 139
92 1306
326 760
745 283
1436 1262
152 980
19 594
1091 1363
205 1295
820 1209
439 693
861 616
825 1489
1402 808
170 1152
645 890
777 1336
1230 897
101 1315
795 38
1428 391
90 248
164 1109
553 1329
501 1325
950 893
680 731
690 718
202 1126
1121 1211
1385 352
864 1201
1410 772
99 914
809 1039
27 32
275 749
66 623
1199 982
607 813
895 1036
941 778
818 360
1259 192
1480 411
529 37
829 1298
922 657
1227 701
94 539
785 1217
1400 624
1380 120
71 686
1128 442
324 266
16 655
4 1255
161 1437
1040 680
899 1238
1052 1474
1160 1395
740 609
667 282
1423 762
1400 541
1455 742
775 450
736 50
1197 1275
544 1048
343 128
1050 1005
1066 20
1043 947
1164 1329
416 1046
433 252
1016 1421
1357 2
1253 621
945 1108
250 797
1088 929
922 34
742 422
402 829
1070 620
1473 1057
1164 85
710 819
783 424
1437 343
1112 1348
1393 962
236 957
544 337
287 181
1044 595
1266 1334
468 1040
1118 812
75 752
428 1445
1159 563
1201 278
1440 1028
384 651
1278 106
16 684
860 178
90 1471
239 1180
168 640
1474 737
78 885
592 621
1341 1301
779 1469
291 862
297 1424
1146 794
1044 599
1312 674
1136 770
498 1005
972 922
612 321
1329 991
951 143
969 334
953 1272
75 542
1188 1009
298 622
1269 1424
505 1309
1209 661
215 1406
755 950
330 1303
1274 227
1042 1392
526 1081
20 94
902 78
8 115
1158 1082
27 742
846 1169
111 247
1470 634
307 814
530 136
91 366
15 227
1262 559
616 1096
962 974
42 958
1231 556
973 920
73 1462
40 273
1226 1415
211 308
60 506
309 965
444 1485
817 38
1046 927
22 142
13 544
1259 850
988 1129
1025 976
474 103
279 51
1073 1336
549 1100
1283 209
403 914
1254 1048
824 37
642 945
1161 1139
373 971
243 1107
656 1283
1379 1046
78 112
197 1285
111 193
983 1005
521 1156
613 738
1129 407
286 1397
142 84
1339 703
1484 268
1386 658
804 548
1316 283
324 975
685 1325
1332 850
991 583
736 746
1173 1267
1489 305
1203 1282
1387 1213
245 811
1450 272
44 980
1400 1157
857 538
1295 210
103 1188
323 5
461 1142
1197 569
1083 1350
166 517
1232 962
1467 1132
1004 8
305 669
738 212
1196 1446
1274 1288
426 1394
133 606
1115 490
101 1381
927 1069
379 977
1415 540
431 627
21 1056
1064 58
141 565
1284 1319
685 1200
1473 1122
14 809
173 1091
1318 685
50 892
781 161
902 1393
145 297
219 150
1166 112
1404 482
740 787
589 419
891 12
667 508
64 1431
445 494
792 1339
1216 157
667 0
1086 748
1063 1020
649 1047
1276 59
412 596
825 691
1011 1108
171 1302
786 1006
693 5
305 222
466 1143
604 686
538 464
326 1267
215 1284
1115 1261
12 976
1072 1182
1412 701
874 434
220 651
898 1343
923 56
1199 241
1204 25
528 1385
1376 846
180 405
1041 993
779 974
1147 518
279 135
1053 1414
773 1318
912 110
167 723
821 630
386 967
193 1068
937 1209
1424 21
976 137
1322 325
572 251
791 175
1391 376
596 523
467 1290
945 1172
675 958
852 1010
684 301
1244 740
1191 402
1297 911
975 1420
126 948
1231 1486
1257 992
864 306
1406 223
1343 1460
242 365
1049 1072
685 48
1410 1082
1013 737
1297 1319
884 1463
296 1415
1031 413
1143 1341
168 915
1059 1117
1311 623
484 320
16 1012
158 328
91 982
862 404
1176 678
871 513
1032 944
257 1305
102 736
753 1092
104 387
51 660
234 148
606 72
1281 1290
1460 1224
41 946
759 1338
926 790
928 1380
930 1105
1274 1279
822 598
1212 411
144 531
1094 1370
994 96
1273 715
987 535
391 839
124 254
79 921
1247 200
1306 711
1407 25
57 1099
1488 765
1201 818
549 1182
241 904
76 341
48 781
54 702
1300 70
665 288
929 823
684 381
1370 1247
468 59
863 651
1489 613
544 1091
1258 1037
529 333
220 621
1254 300
327 1179
1464 648
1210 1186
391 477
1182 903
1147 436
737 880
47 290
464 1267
689 1173
915 1240
873 931
3 979
206 1140
440 82
1494 413
1 808
357 1379
543 807
250 1287
419 1313
181 1195
904 190
21 810
687 843
790 144
907 1299
69 67
949 343
1208 978
985 474
955 13
828 859
1242 790
299 1246
894 375
279 1443
995 495
791 447
1260 407
1339 769
1409 584
410 1279
1133 824
1022 244
1391 558
235 487
810 603
521 332
357 317
1184 759
1170 1155
541 685
69 599
750 484
120 514
754 1047
1052 940
446 520
1426 476
162 626
296 1162
999 1430
1122 1450
259 868
73 797
970 1489
991 982
619 650
657 556
169 1395
1239 1245
195 517
718 839
307 350
962 980
1481 560
520 729
1415 149
1307 219
270 1095
1019 961
1179 539
1221 948
897 1010
1417 517
189 851
455 1498
377 344
247 1147
1247 882
1257 1331
987 1066
620 1000
1157 777
437 600
359 1027
1104 730
744 1482
385 850
1379 1462
1081 497
692 696
584 1169
887 682
1022 1411
1159 193
549 280
452 1084
1074 543
1059 408
531 194
635 274
1198 74
425 1056
837 1442
1245 297
134 368
1085 1450
775 790
877 1027
1221 598
99 651
579 1221
538 1048
1141 1486
1039 34
1480 1146
1475 773
1192 329
981 854
774 160
939 513
615 184
771 541
135 261
308 1033
198 658
689 829
745 56
719 917
552 1357
462 1173
393 997
658 403
263 596
343 238
524 1475
828 1354
447 1176
96 1161
422 828
1283 1166
384 303
930 94
1153 1289
621 131
467 1322
972 1453
1397 870
1020 996
584 353
366 1178
319 523
431 58
953 639
951 290
1134 872
175 755
105 256
1089 1377
827 627
770 314
664 37
142 1074
1395 1057
962 631
1435 505
310 771
292 713
901 958
968 823
115 347
868 1071
1473 1409
303 972
1466 241
1200 1447
1189 1145
360 833
1405 415
464 1135
8 1425
425 1281
890 1177
1446 204
23 1412
562 499
1339 1286
1448 820
1283 523
545 990
617 596
1186 1410
548 207
1077 290
1269 614
586 1432
1195 972
965 832
148 1475
649 1395
876 1371
1211 1498
329 317
1078 928
676 862
626 999
116 542
426 486
839 1234
663 1365
82 885
1113 531
986 1295
1053 1483
302 1143
740 1433
950 1443
708 1061
1169 1161
303 472
474 214
1421 430
1398 72
601 1109
1077 1387
958 581
109 1338
111 802
126 422
351 501
872 30
540 454
368 576
576 787
1428 47
1299 262
900 156
716 298
302 163
937 989
704 1052
1261 19
1057 1445
463 89
994 720
591 1438
558 918
153 295
629 85
353 1454
1194 200
1357 547
350 654
242 665
651 1343
1375 449
420 794
116 182
929 275
391 374
129 993
1038 950
869 1174
239 1144
407 1400
383 377
161 148
344 524
864 998
1498 272
384 161
450 1462
548 838
1077 1163
1224 795
555 1229
310 1418
938 753
651 1338
879 193
636 588
43 519
404 232
138 563
231 1150
1033 115
710 1005
475 1156
802 1435
1368 903
1450 1362
1446 489
1248 978
1447 1295
354 1114
1403 79
246 1001
429 660
141 296
136 194
1147 1415
277 1396
635 1340
386 750
1075 609
504 1161
1184 1014
1226 112
1305 216
743 116
1376 334
273 610
1068 202
296 1206
832 384
901 531
1493 1336
612 262
624 1330
459 1048
816 465
952 412
1089 521
179 131
204 723
552 1341
469 319
748 888
899 703
399 450
597 660
1052 1006
1116 1187
1299 376
1414 1437
1434 1007
21 844
1052 1496
200 1384
801 1083
1342 1430
183 415
1440 755
594 1187
1359 845
1455 1443
692 277
1287 580
439 775
990 1443
7 931
1495 149
293 245
1058 110
930 734
732 648
43 207
691 567
1318 848
1351 1264
950 493
562 153
1280 836
1112 1001
1286 1374
1216 747
613 32
253 343
16 827
509 738
58 693
1053 1386
851 1487
1471 519
143 589
1360 221
598 1313
1366 1109
605 154
1373 1106
1052 1114
859 1332
1435 1456
575 1372
923 940
430 571
737 1066
1230 1463
956 88
467 1331
537 1061
704 151
215 690
695 1349
1014 891
610 732
1488 1081
1112 677
238 876
571 854
1387 240
709 1002
298 237
22 619
70 1475
324 1194
709 627
1115 1187
1239 984
123 263
944 1205
165 1320
751 591
420 1112
1103 649
902 222
658 1171
372 59
851 598
957 1261
297 1293
287 819
204 335
707 471
461 1463
885 654
777 1428
935 282
1387 1469
774 494
1071 1396
517 1027
968 933
822 691
538 1207
240 696
602 942
1291 255
1151 1067
765 1375
1288 781
490 995
1411 1334
264 957
117 1106
706 869
68 1473
580 724
353 975
417 1223
1044 989
934 165
983 8
1069 24
162 126
1352 547
801 749
472 157
279 1309
1252 1065
444 105
200 1273
154 1339
833 170
816 237
501 1085
534 1302
161 51
1031 1248
435 839
246 306
827 791
728 1448
1235 916
1030 505
1377 334
1046 856
649 720
438 153
31 1222
278 962
960 382
1421 380
900 798
1114 322
253 221
726 1056
32 19
443 1128
503 669
134 1209
1062 339
37 1155
247 181
567 1236
1091 528
76 1224
232 549
953 14
743 1207
21 1086
618 52
1475 751
361 634
133 576
1080 392
6 1493
1232 1294
331 257
1142 1427
928 968
602 586
1203 1491
271 302
366 474
373 1336
141 1130
694 1495
255 239
506 1208
186 812
809 719
971 656
115 348
1062 279
697 472
1019 241
1242 99
52 801
531 430
1088 239
114 133
205 1050
745 292
1055 741
449 1448
1387 111
1100 102
132 1036
1339 363
83 1471
794 1098
197 783
364 820
264 1246
364 185
1095 721
1050 971
393 166
913 903
372 269
1422 521
551 808
1415 847
1499 120
946 800
1179 303
674 999
784 1169
75 123
392 1020
1020 844
545 313
249 1333
909 991
1432 332
530 878
516 280
583 969
815 625
661 1097
354 752
603 522
1238 709
654 570
671 1284
956 594
1161 1016
419 530
440 1484
515 1005
338 1217
626 209
3 500
694 121
1014 1105
211 1170
1468 787
420 513
547 160
1048 426
451 1270
216 1103
793 1178
726 512
1397 1139
1159 1132
1045 1136
676 549
1415 718
232 1402
970 1373
92 51
1049 1430
614 1043
1274 984
638 77
691 998
344 1047
321 1434
773 1239
272 1346
1323 1453
1044 133
488 871
424 1145
1245 522
663 42
917 339
36 793
42 356
441 982
415 549
1289 330
1023 180
1231 133
982 1085
290 662
1204 951
254 888
892 783
707 63
1254 1152
1272 89
527 185
798 514
578 1405
642 1040
270 330
620 30
32 1313
1054 619
604 677
935 183
1385 470
694 796
281 92
99 1441
1191 1429
466 10
606 577
1387 467
62 80
327 889
718 731
0 616
1164 1384
1105 527
988 24
1134 1214
536 1461
180 409
185 1387
1408 714
1028 198
1439 981
1298 641
20 1172
1425 642
1376 1162
1238 500
1287 1457
497 591
384 360
1238 657
977 1206
854 1488
1266 992
1198 311
884 1289
450 1275
492 157
1485 1133
763 320
834 305
481 1456
774 903
534 1192
1378 1042
113 1075
455 1191
307 1401
1424 508
1335 348
1336 842
932 1211
898 1070
1133 1199
374 132
340 1216
512 1345
1499 325
1099 383
1388 253
1293 247
1414 135
477 1296
109 881
137 252
653 470
550 184
159 227
47 999
562 1189
640 1047
1451 57
1048 747
474 940
1223 1048
724 122
114 796
225 1172
736 330
221 1004
305 245
119 478
680 564
960 290
1140 715
1317 326
1300 182
1415 331
437 206
1435 932
789 290
1091 388
906 825
191 949
873 952
1456 5
18 797
738 776
18 808
8 1037
1405 422
334 857
545 1499
1270 248
1031 948
722 924
1058 250
1032 678
631 744
729 718
1223 1247
654 839
31 1189
888 514
1045 21
1221 967
741 1387
863 82
1095 1038
27 1431
1126 1081
1351 1384
436 1210
1075 1195
868 843
107 535
184 447
1153 411
144 88
23 676
1021 560
709 766
712 704
307 142
440 1082
1483 324
311 1135
1120 1072
312 556
627 763
691 808
1343 1069
36 464
814 444
1186 1000
661 179
849 437
1458 929
738 306
908 991
1130 682
708 1110
376 579
314 136
1178 156
1393 178
122 69
324 602
917 1011
912 1046
628 157
1420 758
205 376
748 343
828 193
304 423
208 240
281 1414
149 581
454 616
350 1176
988 722
828 1032
469 61
1089 1498
1462 184
1055 894
648 12
75 216
238 283
1471 1042
1055 857
353 164
370 191
1155 787
8 1256
783 268
465 1420
305 623
127 226
889 15
582 1051
1212 1346
1313 923
639 166
751 1414
69 1009
155 1217
370 79
139 51
1191 915
312 338
411 1204
1028 591
334 1130
177 417
1341 618
911 415
1026 560
883 736
1113 1392
1454 255
352 1392
1415 245
327 1044
364 997
1250 987
918 1249
1052 1391
489 1166
866 824
263 209
32 306
571 505
651 913
648 1341
1035 228
63 1020
502 1010
1432 919
105 48
1111 483
1398 124
44 34
703 1337
509 866
543 196
467 359
167 1434
1265 223
675 773
1192 1081
1397 746
781 1424
11 1326
431 1220
1403 1291
231 175
1291 1005
952 39
384 651
1472 1128
1059 127
571 522
1353 103
603 241
1056 328
746 1209
1177 192
647 540
1376 559
1026 107
1043 1191
956 1095
597 814
988 509
273 700
1020 7
1415 9
1443 288
408 299
139 1493
1005 1227
1470 276
1202 1289
817 478
981 1380
710 1271
456 627
1228 364
770 534
16 847
1152 997
1269 1251
1010 902
1267 823
1388 347
933 503
274 709
952 403
496 212
569 914
1496 849
1302 1238
312 1249
501 855
935 185
1295 808
383 167
98 1406
721 268
636 304
28 142
202 413
1417 684
622 765
390 245
485 1172
916 1260
716 1465
17 119
738 143
326 667
188 1445
732 1470
1045 487
722 320
208 1363
1434 1299
1449 1254
1115 453
286 477
1073 652
771 464
1346 357
229 1300
948 1191
764 672
577 215
1113 735
139 408
293 1084
768 226
731 963
1306 1346
267 561
1123 1408
906 626
269 812
583 139
802 642
1480 173
564 404
839 383
46 452
1187 1004
956 383
637 1313
982 903
929 1443
1036 680
1035 661
1167 129
300 729
1474 756
1484 1358
550 265
1481 960
638 2
858 552
376 572
396 1294
985 15
768 632
879 1360
400 1321
1043 1007
722 1395
460 664
1010 999
915 546
540 1060
295 264
140 623
997 384
675 1370
1406 429
830 922
372 1236
93 512
825 813
162 1290
81 1038
387 767
422 198
637 1197
963 1282
1038 1412
721 788
1417 952
346 219
364 371
1040 839
1444 1287
1310 890
1215 1239
828 607
1496 928
1066 909
1386 1486
1458 1395
296 1359
886 1005
813 529
167 181
111 811
31 1425
1485 1010
106 1148
733 42
571 631
986 1237
1128 278
635 243
836 784
366 1396
692 691
199 1029
625 1114
195 424
1346 1370
106 796
75 181
149 642
667 729
226 1168
1170 1168
970 747
920 154
384 1313
414 805
1213 1122
68 710
174 272
722 155
576 1428
238 805
307 730
1188 197
248 1146
246 101
25 378
465 513
1231 414
1335 1081
1477 487
1397 497
403 305
1353 1147
879 1110
347 345
352 611
275 821
51 1230
802 953
540 868
939 635
157 462
799 1323
16 490
850 1136
1450 1099
148 1174
358 527
876 443
356 1216
398 1295
1337 854
1226 329
1227 1079
285 105
172 339
1077 166
517 64
337 74
903 1146
808 780
162 5
571 13
802 277
373 475
99 811
614 782
747 1050
504 1208
75 882
1195 49
557 476
1314 420
1248 1062
1378 321
653 1016
1487 760
753 1173
1244 123
856 1257
1451 1401
1347 214
487 593
1132 448
294 1449
213 1362
270 282
443 1261
788 1433
849 598
501 9
918 817
479 1378
1133 618
378 100
105 572
87 105
1473 600
1371 885
1434 855
489 66
1111 1459
585 781
584 558
827 210
1345 729
570 1092
760 1027
1000 1274
125 293
974 450
1484 964
519 495
83 740
505 435
112 863
1349 474
1048 218
641 662
132 1089
876 1476
222 257
434 586
1366 843
684 822
778 831
275 82
294 1424
774 1114
277 65
402 308
1061 182
638 247
1089 920
360 1397
110 707
1433 698
1149 1109
1467 796
340 395
713 198
878 1009
1015 1421
253 430
1291 1358
530 623
886 270
1297 219
1027 741
845 1208
1298 248
1111 545
615 81
794 132
31 439
205 18
1128 316
1066 451
497 484
113 459
326 719
175 80
588 737
442 1322
1163 861
652 39
40 311
778 379
212 1061
228 136
659 174
1145 334
1049 628
127 17
184 31
1430 662
213 1324
1077 618
403 657
941 677
855 137
1239 781
1457 445
601 826
346 156
1036 557
1409 465
1136 333
881 300
307 956
1041 1388
380 1495
159 904
322 255
453 967
539 769
350 880
1148 1320
600 1335
958 1115
600 1264
244 1478
941 1452
334 973
615 620
456 782
70 1095
1026 251
1388 1291
632 885
1301 864
446 542
538 259
475 449
49 1317
1157 207
1066 764
388 204
558 1090
653 1140
915 325
508 757
290 1051
896 1397
754 942
1471 366
587 116
144 1021
1442 942
635 600
496 431
1232 989
323 660
1472 95
642 1065
1462 634
906 873
1373 1013
1010 1454
867 673
111 579
1287 715
903 1111
1202 527
663 967
774 1186
120 1087
1265 1116
382 1239
1106 1258
244 1393
325 252
1207 884
1195 242
628 1105
752 745
172 484
716 351
1226 746
268 995
1365 1184
973 206
989 1121
200 153
655 225
580 297
904 741
485 809
806 1236
186 302
116 1468
861 1063
75 1320
1306 960
1109 917
603 1086
1105 1415
997 183
540 553
1176 53
168 122
877 904
627 151
946 605
1 150
1284 219
803 1007
1003 978
912 565
1469 921
133 796
596 531
1094 1170
611 461
465 1424
478 604
1238 1171
759 1245
839 443
25 328
837 711
1484 221
1228 232
897 648
1119 1394
1129 941
1463 1205
727 196
564 993
62 792
1225 514
974 1479
1470 459
1148 1459
1358 1176
70 21
482 1067
421 866
286 635
1065 1055
398 1347
59 654
167 768
780 1438
1413 1051
427 179
745 1185
807 375
904 1093
1355 935
141 202
622 369
133 430
1213 523
174 794
276 785
935 341
1182 1409
201 943
1408 821
981 1142
1114 1223
364 1486
1381 1049
810 690
287 882
949 125
288 614
835 867
1078 876
978 1187
1039 1441
1362 1236
922 1418
180 987
957 838
464 941
455 1109
505 679
402 845
948 15
1052 1247
400 1436
102 152
0 1321
130 1177
886 1125
2 1161
686 1009
1248 251
1344 1009
1256 858
977 55
1415 1295
1085 62
13 557
1166 391
338 1208
1370 551
1169 1301
1073 1382
263 1246
710 1119
751 334
727 1407
1053 1412
695 647
135 208
936 951
1344 725
112 1472
587 455
112 999
684 674
620 26
779 240
1478 791
1368 529
303 249
396 675
1047 1457
286 1319
680 1048
553 171
1116 440
171 248
267 1176
851 964
521 853
64 960
196 64
407 1448
1157 681
421 1275
595 1122
867 161
1258 54
104 1065
176 1054
63 1155
907 641
858 440
265 310
644 1377
1152 1364
632 1376
573 788
1189 1239
1074 1176
252 1021
14 646
56 502
1245 513
1156 427
41 542
1482 769
457 1143
1157 1001
473 65
115 793
720 71
365 579
675 1450
1391 1121
722 396
350 1371
737 513
134 378
583 585
292 348
420 152
742 1173
643 853
1165 1180
319 947
1407 467
90 44
726 873
1236 1065
1268 1120
649 593
960 867
1476 1005
287 962
721 1363
1432 363
967 778
1248 834
1460 227
460 564
429 494
123 551
1160 458
620 969
747 1021
603 299
1275 1307
101 165
800 1470
1095 167
109 845
191 921
1329 1197
985 1011
1089 1157
684 496
1487 559
821 298
677 889
1009 1277
71 66
1443 1302
884 1345
83 345
260 702
1280 909
373 197
799 734
1337 283
491 74
738 697
151 154
969 1215
641 48
313 692
1230 1335
499 805
941 973
848 1334
361 70
19 1120
122 1423
187 445
1246 197
912 597
398 1232
586 1394
671 529
798 638
686 941
1102 831
631 27
622 1461
1131 1348
562 293
1374 268
1449 1344
457 871
595 1342
310 680
482 1294
1348 1018
839 1369
1093 477
636 1441
111 3
289 1180
268 1498
1107 225
861 725
991 113
674 247
517 1235
42 169
1078 286
1330 303
1352 1497
824 719
582 601
1449 1162
197 605
574 485
711 71
260 208
1115 142
848 234
921 1465
500 800
1261 646
1102 480
462 568
1101 554
702 1011
160 231
1497 624
1226 94
1018 1349
1166 426
546 110
858 542
800 1225
795 1361
1202 442
1232 621
1285 977
1488 516
1395 1389
1218 989
865 1292
393 962
315 907
1130 746
1451 508
1352 350
177 1308
167 188
258 432
1251 1374
134 559
1320 453
704 1035
745 143
265 702
285 249
183 810
1496 1087
1005 1154
1229 466
341 160
331 213
667 167
1257 1326
579 417
1032 148
429 954
1005 578
833 133
761 975
1320 74
993 910
169 424
757 670
280 1205
1086 895
1012 215
909 1338
257 1219
612 1340
917 85
1299 745
1019 863
398 1271
795 858
1110 1395
1106 674
347 713
943 955
635 1228
144 771
1090 1414
1363 202
609 33
346 1055
491 1250
704 802
971 1117
1229 167
1365 481
1388 634
496 1091
1081 1420
932 1327
950 811
1176 1435
1424 987
31 532
702 1493
1228 1123
103 1024
34 1190
725 1082
243 369
464 322
399 796
803 95
1442 657
1052 196
1384 547
1331 120
1122 1076
226 1129
795 140
669 1080
775 316
124 106
817 718
1321 1085
389 665
890 1082
1375 680
1181 380
388 956
109 1186
1218 685
1278 234
1383 326
1312 222
1041 1101
141 287
490 481
764 1380
252 1490
1097 1351
1135 536
609 397
176 1434
1415 377
910 884
752 540
1014 1009
649 1385
254 519
669 562
400 314
89 777
1435 1103
521 331
668 630
66 1476
649 1184
1359 222
947 965
1003 1242
1326 987
182 432
1257 940
1442 1398
409 1153
16 367
1074 442
354 1282
724 565
738 453
796 229
194 467
82 418
1093 14
560 1345
759 131
58 1415
1297 585
1119 1406
1252 111
1337 524
1478 1182
231 862
975 22
37 308
257 1208
156 986
1200 407
986 1398
1065 66
1118 493
1069 107
1466 722
883 1151
1200 994
599 1259
686 632
559 1001
1086 792
43 409
894 1451
658 300
862 1170
1477 378
655 343
1027 152
225 628
229 151
844 1108
235 1295
1093 634
1412 1205
1384 644
1340 727
1480 392
1272 422
1428 645
1113 307
1473 94
475 1269
635 1403
1369 1212
909 60
191 101
646 1299
537 559
215 1292
34 615
889 192
91 687
435 1109
1320 1012
302 591
66 72
324 370
474 1268
279 314
866 981
1335 1496
2 410
874 248
496 111
1028 1157
221 1319
568 1159
1392 726
529 1389
819 581
1304 61
818 1201
1232 155
878 1122
951 1280
980 1135
10 1364
1034 398
178 185
1484 385
660 478
681 4
1469 1166
788 363
1116 221
649 250
463 1251
241 1442
430 1338
1486 298
791 1363
979 874
645 672
232 719
1181 74
748 1079
569 1405
314 279
450 127
593 1016
172 944
848 104
769 569
635 1108
30 1093
216 585
1222 516
586 739
21 1266
782 1439
985 798
69 359
1274 1453
552 1138
958 1464
6 906
1384 26
901 173
322 686
779 1013
666 703
568 528
838 336
206 1026
995 188
1142 963
526 1120
1227 44
1497 1325
675 17
210 1460
429 1384
26 939
1486 1134
528 35
1087 1418
358 1345
1242 1362
497 1098
969 898
1446 1347
512 761
1303 572
1470 1306
404 262
784 595
829 314
228 1032
1248 795
369 602
446 948
663 871
367 13
1177 170
1287 243
763 857
1374 841
574 361
370 1429
1400 3
1124 579
285 1001
1454 323
516 456
367 1147
583 956
1232 874
831 1485
965 1237
374 745
1498 50
1155 37
359 604
159 814
899 1373
860 996
1169 275
785 1000
509 597
1160 1253
1115 819
749 788
391 1046
201 125
106 47
209 1440
1019 325
469 421
1374 571
299 481
913 1404
1468 322
1363 549
1257 290
989 977
1312 343
558 550
34 214
859 306
1392 378
527 1289
1305 1341
1479 1191
560 401
223 262
634 1363
1223 556
45 875
1392 1396
1107 743
498 351
689 8
67 749
220 1342
198 23
961 1016
314 998
296 1403
705 1090
2 486
1410 682
1040 658
281 634
33 659
1431 1172
692 1354
1351 680
1356 736
1092 1017
1222 698
212 89
794 256
3 426
1233 149
1312 1187
1499 318
535 922
7 150
968 1290
204 1287
693 1240
533 255
896 701
484 1148
1284 572
1082 1149
12 63
1309 907
278 358
1297 1423
1038 954
305 1003
79 90
211 249
311 843
1491 1245
966 611
211 542
270 771
29 1492
277 267
1421 957
635 1429
16 1173
775 50
1211 918
360 1316
95 299
491 129
1123 592
293 250
1343 1157
787 317
280 641
1007 1440
663 786
64 354
1240 605
804 701
489 453
1458 1484
1491 754
1199 1447
166 1186
833 1269
159 216
516 181
142 513
1052 1097
1412 200
1147 371
987 1052
1038 959
1335 1244
1277 199
1096 1057
806 1408
416 300
616 124
443 243
985 330
1441 1423
1062 1247
913 1349
1394 755
422 868
1184 608
806 91
510 1012
1258 1366
433 854
1111 65
217 209
1021 351
1272 835
596 783
292 591
561 1472
55 160
488 722
1139 261
747 1294
596 290
42 905
333 18
578 861
1435 26
183 855
331 191
1451 1285
288 1207
55 812
121 398
410 184
1130 1486
414 856
168 380
1003 522
1399 933
255 411
969 1412
667 793
1352 86
516 375
1416 980
355 1381
113 44
1406 25
971 767
1001 347
79 477
1290 489
894 460
608 116
728 629
414 1224
418 230
1458 1133
1005 609
1287 585
1328 493
950 569
37 1055
1300 661
285 415
167 874
103 1289
499 865
1289 963
50 1084
926 367
766 1325
173 1319
1256 1184
1357 904
1023 535
1465 381
1062 878
1260 1448
681 651
1160 814
161 834
847 83
805 1179
1462 515
41 1078
1090 870
37 130
1097 1308
583 800
1285 1482
105 339
233 42
768 842
986 709
1493 906
361 1075
512 796
555 186
921 1363
576 260
1235 386
14 1158
229 1029
548 479
444 1055
1232 55
765 707
292 1030
327 787
1131 423
537 251
805 887
1313 1299
599 1452
94 1122
1461 731
404 1270
80 1033
1453 802
292 1439
292 1469
255 1167
54 190
1163 151
330 580
339 519
495 1495
191 553
757 465
1481 10
771 737
1450 219
1158 517
542 641
62 628
781 18
915 691
930 499
696 1235
1358 1192
399 1174
552 550
1118 179
779 359
506 498
583 654
1208 1111
1366 381
230 1118
251 643
60 307
964 1141
1374 874
1484 739
340 1056
374 1073
728 530
549 1352
365 1318
1355 409
515 984
1153 562
39 845
77 1238
1415 228
1146 1057
119 70
572 375
998 12
155 83
97 1370
549 1286
1243 258
1498 1264
1042 4
1019 954
1252 269
29 278
1029 947
877 1426
147 108
1156 1119
526 755
541 583
274 834
558 1394
1240 1288
56 658
304 1031
876 917
857 1347
231 666
422 1330
520 447
1154 1292
712 130
1014 694
778 607
511 445
954 46
612 297
247 113
980 338
80 1200
122 1422
1019 803
86 118
677 1309
1331 847
1011 1205
1308 1251
1415 428
510 872
189 1091
471 549
90 864
596 382
360 1035
422 652
1316 1334
1216 725
153 238
926 955
543 879
1349 699
426 1450
822 332
826 1216
1103 1070
161 803
791 320
850 738
1496 296
664 52
1407 878
875 403
1161 609
387 297
152 1209
1042 467
968 969
1464 974
632 1254
1168 1417
730 1069
1495 157
1357 698
666 918
639 404
467 1389
1356 1174
784 566
1464 405
1203 904
498 170
289 1365
1172 13
1432 156
408 610
309 827
802 846
1428 287
781 1470
721 132
1249 31
679 748
410 1472
1212 1343
369 1285
390 623
748 111
684 1014
378 1354
830 962
1089 922
386 544
1120 548
362 788
1406 506
1019 968
917 1386
319 684
100 358
372 437
679 961
855 848
1385 880
1361 797
1046 1129
1245 92
401 1061
1338 938
68 1162
722 1307
680 948
275 946
992 410
593 183
1259 823
231 63
853 577
270 350
1123 1356
895 342
1200 740
1407 849
1452 729
1463 106
973 716
72 1470
135 506
1320 1389
94 1312
291 910
980 887
743 696
814 26
382 1099
155 267
1397 482
1006 396
688 1198
745 359
32 861
778 1498
322 177
524 1046
1006 1111
400 734
84 1366
997 828
282 752
1284 929
406 1157
425 786
382 497
1454 914
1495 151
1296 1046
852 538
275 559
702 154
970 980
95 1466
1058 386
259 1260
1042 827
1087 1150
759 1286
631 1058
1249 661
665 1448
584 1235
1039 1071
999 1476
137 691
667 1366
675 375
722 518
551 512
1272 1050
845 1398
672 1402
981 1152
735 431
920 994
261 942
24 698
768 661
919 54
116 1155
423 878
1308 1437
1466 822
964 227
797 359
728 405
47 913
983 1442
399 1287
910 1187
335 451
718 190
1342 989
1414 644
1421 1070
500 579
88 1280
762 790
662 626
1206 170
571 1289
124 611
1497 1127
1191 1078
794 1273
1340 985
277 514
1480 276
362 100
571 1478
1327 1282
1118 808
436 693
797 661
1272 1459
433 405
78 230
1041 1409
1045 790
1352 655
1256 1376
785 383
720 1495
888 1009
420 210
473 200
364 831
538 724
316 548
49 1426
1199 589
623 260
505 870
1415 1
181 880
126 586
1053 124
1404 328
1300 1428
1315 1289
1048 510
1337 241
161 431
892 570
230 744
1179 254
396 21
1260 1245
406 1368
406 109
47 397
458 470
130 1415
267 97
606 217
425 297
1164 644
1186 720
1146 647
435 1154
279 1426
304 428
409 431
236 1465
657 292
146 898
37 289
916 481
1027 1445
1347 27
1293 24
155 1070
1323 183
271 989
80 1400
1279 355
483 927
1351 118
199 592
208 888
1274 1052
181 1045
143 1127
452 307
603 302
418 539
1355 130
787 1062
1214 822
1258 570
1295 647
893 1404
540 464
1087 22
495 1143
939 1468
468 1003
1153 687
758 97
964 1090
173 442
145 700
1141 1363
1324 385
1131 1420
921 757
537 376
958 343
828 146
466 73
1203 767
294 249
1153 1327
60 728
71 153
1015 1485
706 146
118 1274
454 1126
607 385
1116 650
893 1494
459 233
578 274
585 681
414 668
166 364
1080 615
1291 367
224 1104
522 1315
1109 653
72 1167
395 1455
1304 801
156 418
1181 1369
735 969
1476 548
884 1115
81 1117
1053 857
180 915
1483 251
1051 840
581 59
1012 643
1206 1303
1404 454
243 551
1487 208
1261 1322
1012 749
97 71
232 983
466 173
660 1044
139 499
65 959
851 309
314 291
14 901
687 679
373 412
471 132
760 1141
595 1281
177 44
578 634
360 163
336 601
1459 121
773 503
445 1376
1260 648
479 570
1311 727
774 1447
405 819
561 553
1359 925
1264 1250
1031 714
934 1188
243 1236
120 1173
53 1037
1099 1005
221 778
399 33
130 1165
1115 77
1300 589
832 1375
272 347
1236 707
1470 711
1049 21
438 403
1174 678
275 1427
760 849
354 1479
566 55
48 925
51 731
908 864
683 424
566 760
874 655
792 147
608 500
177 1463
1123 1072
955 488
1033 1186
894 353
80 207
489 180
938 116
1102 1056
401 700
97 990
854 1386
633 181
1135 1224
387 1124
104 1045
457 848
740 189
244 1319
1113 41
1239 864
175 732
984 512
1430 147
1462 1000
230 51
524 513
1413 968
1286 306
118 1477
224 355
479 175
977 1115
378 1228
1003 884
1456 206
1019 816
1116 40
451 1449
1396 1046
79 1118
1301 848
1437 946
1103 1047
302 176
858 1350
410 651
1384 649
461 886
1461 624
670 425
596 255
43 770
503 5
1223 262
919 756
534 1358
1450 486
1451 1396
1281 249
1310 1410
748 865
467 417
784 1247
1237 417
888 518
1356 1235
502 93
1137 1166
1059 522
868 1100
545 1078
1099 36
0 1400
1378 996
1355 280
1057 800
1359 77
806 980
374 292
42 630
1154 129
1286 548
624 775
1216 189
78 1402
151 290
508 856
1367 1191
802 545
440 47
1057 140
1472 80
33 557
798 735
357 160
1247 1291
1276 1305
1135 410
713 617
1393 17
143 90
1278 122
939 581
698 760
64 549
550 1427
1047 17
1205 311
776 1077
1484 1259
739 1176
1351 1256
87 247
1052 191
169 103
207 612
851 1283
375 1255
1361 27
1393 652
1005 473
222 1158
205 58
1288 575
497 683
1462 306
261 960
435 456
827 224
694 196
1411 889
1188 1053
963 0
723 911
1185 246
692 338
1208 424
1400 764
290 702
273 43
642 1364
70 23
594 434
606 481
234 632
548 489
717 687
1143 944
802 861
1435 977
1366 1051
222 1427
513 1327
437 176
1059 973
1059 1122
1307 1174
931 207
202 1194
1247 684
60 974
1339 524
477 419
385 151
786 678
1300 1043
859 423
1036 411
1436 551
1198 372
701 1280
1417 549
895 304
1244 935
507 245
889 1082
803 899
357 1074
187 747
675 1249
1490 1418
135 746
188 303
1154 725
237 1222
883 37
195 1240
984 732
1149 793
1323 873
356 1435
1175 747
785 1087
692 58
1364 1110
105 753
1144 649
825 272
871 1207
1187 215
565 564
1153 1448
393 868
554 1215
243 399
1397 700
1008 45
476 926
496 76
1147 1039
818 647
162 169
445 758
764 1232
1015 915
620 306
314 430
1429 385
648 584
731 1062
1213 257
1191 62
475 1225
462 70
28 945
50 321
605 95
1172 54
915 455
1381 243
1303 953
555 778
646 1077
697 984
196 1167
388 835
476 319
404 759
511 1024
488 8
1256 1020
1222 303
498 1235
774 678
648 70
56 1055
496 150
1230 417
228 1156
141 1282
1380 409
704 495
727 493
732 281
1042 178
129 1245
328 1313
729 1311
496 46
176 514
1116 1091
295 1439
1313 717
929 1415
1493 1275
479 231
42 1375
344 1386
391 1040
340 661
1191 511
316 462
1112 1298
1426 690
1318 27
1126 1210
951 1333
1001 1392
640 994
864 304
423 101
401 120
867 1321
782 1252
59 892
144 287
1129 1026
892 531
1277 381
606 1194
641 391
331 1314
803 1018
69 1029
725 759
1138 359
336 907
427 1477
615 616
503 1234
446 431
169 1463
595 309
727 1317
1117 100
262 666
123 1390
1262 483
411 1249
402 1453
1197 175
700 1081
766 327
932 755
293 800
630 60
1259 771
482 59
1404 1242
369 177
118 458
680 91
1058 1195
21 519
1178 646
1122 162
188 1145
551 1090
773 1012
442 409
924 1353
1244 870
876 1296
1266 571
1476 833
492 102
512 1434
1476 1251
382 331
857 391
722 224
783 923
1202 558
810 440
1367 54
301 1273
608 952
442 204
1471 849
513 539
1081 834
41 130
749 3
845 1327
826 32
418 1064
191 289
581 407
1096 117
666 1120
307 226
951 1069
887 423
878 664
1122 1178
332 1163
1485 1305
71 1358
6 991
1355 605
1164 408
1387 482
817 615
441 157
657 1015
1377 1378
1338 815
818 575
214 371
190 945
326 1456
1244 288
517 652
1422 742
1039 1485
761 706
537 1415
655 1270
619 595
986 1265
725 51
522 1290
425 1329
432 489
22 1437
1270 263
1266 1008
176 209
1099 1134
109 1344
1114 692
458 1042
778 615
562 1103
446 1331
760 376
871 1015
921 1019
1281 50
648 264
305 680
1311 106
1061 299
844 337
887 192
1417 540
749 822
203 1063
766 918
319 43
1068 163
1388 1330
361 18
1431 953
358 1434
856 980
773 1365
1471 443
768 1131
971 1020
906 1299
1309 609
894 821
1074 638
1417 250
866 210
476 1476
316 433
1475 887
1442 91
1003 1180
1365 1417
1256 971
1067 1429
1346 680
119 1225
913 296
1180 743
1457 596
1263 821
589 1263
1369 1265
123 356
138 996
272 498
517 862
1045 416
766 659
1342 958
211 870
1356 456
276 1041
343 793
1453 299
1187 1321
557 970
409 120
642 778
726 1303
2 14
1334 425
1333 988
393 515
734 897
747 1162
1334 695
829 758
821 1108
665 47
436 584
647 705
55 843
675 264
1206 1226
1300 660
889 473
54 316
656 465
196 1293
436 495
678 564
656 1316
744 78
1196 1059
1186 1145
569 413
1009 1497
1163 74
200 1335
580 1042
878 633
22 1381
1017 450
156 1090
476 1360
114 211
724 95
1094 584
322 723
897 737
340 687
307 1017
1221 317
524 154
979 1171
964 1467
90 486
873 1123
504 1244
159 1347
439 960
1361 118
527 1107
1375 157
966 1288
663 1201
1219 339
417 1286
877 1185
717 1036
1097 616
766 626
157 719
137 834
651 1125
489 654
313 213
852 1495
1086 757
20 1107
369 801
349 1179
1496 1485
427 104
591 1309
485 1412
26 439
25 876
765 296
67 517
164 1423
1223 936
426 1055
755 1339
1470 1427
1212 1274
148 446
1456 265
1009 1309
163 317
1397 410
1078 363
652 738
187 1035
1170 1255
1141 559
1174 320
1291 882
1120 265
1239 637
1111 65
707 1234
246 270
15 836
1496 1322
537 386
221 605
944 1436
336 672
1068 565
886 126
355 601
181 857
329 988
1261 299
1464 551
1314 368
595 615
1094 1057
85 1110
1145 450
938 1144
1241 1272
1060 1263
195 476
417 59
1491 649
627 379
1003 64
376 223
741 282
618 416
176 842
903 697
1229 1274
1335 918
622 1067
24 1116
155 796
669 985
601 643
1289 564
802 488
70 1173
793 1414
1094 1140
1318 115
198 429
779 875
1431 664
587 1058
1443 1410
455 1237
966 132
35 759
67 642
1076 186
1418 1494
1300 898
1477 33
377 668
395 1166
626 557
330 4
11 365
247 204
672 488
90 163
172 162
268 289
501 391
591 1394
1348 940
716 925
296 1240
1242 1479
276 87
1115 1421
658 1464
1191 877
91 327
584 265
558 134
142 942
237 671
257 1369
1260 934
1133 494
1047 143
1215 1060
1139 1314
971 831
655 1312
1283 245
1396 322
661 548
894 1162
638 872
77 144
537 476
96 56
326 1
305 540
1386 588
77 58
699 687
777 1059
385 1469
1036 777
373 56
860 826
700 137
1274 144
847 1490
153 223
160 726
1421 488
196 139
862 236
934 1487
1058 1457
994 1457
52 799
299 62
376 77
586 1013
470 1192
640 634
1272 601
1327 1443
1045 1420
372 478
1191 14
1151 991
1070 495
870 1111
596 571
363 739
1182 797
496 160
1132 1493
1377 156
1410 506
696 969
856 990
1359 775
666 1322
124 66
657 298
1361 81
418 499
1128 92
916 69
339 221
1029 1357
658 88
919 1124
1215 645
936 487
390 1051
909 999
801 827
1035 827
311 1390
1129 111
3 166
80 1085
719 143
63 689
247 1260
1038 303
1188 830
1406 1276
639 959
323 433
1132 1414
957 21
483 251
695 76
551 1003
704 576
1296 206
678 1379
696 1242
471 740
659 177
640 1140
173 1142
1361 904
531 818
891 1073
30 390
807 579
941 1479
298 1246
1218 408
1151 1256
939 1042
88 1448
412 440
1453 159
961 532
936 905
316 462
207 1281
230 453
1448 982
922 1315
1060 1314
281 1495
1411 798
399 382
968 202
1358 1363
866 1448
1155 240
991 1056
1281 699
599 902
264 980
882 743
847 972
981 21
1272 1364
700 701
339 1145
790 765
743 109
130 855
876 1375
413 49
517 1090
617 140
1025 1177
1287 193
1045 852
271 305
1259 949
1101 608
1064 105
165 328
428 297
1048 1492
777 1207
1366 832
1490 350
1215 635
1385 389
1095 1224
1227 1396
49 150
84 1419
1404 1188
449 116
1066 664
974 859
199 1022
361 945
147 487
433 1214
149 518
1364 1402
752 270
879 64
1315 537
1443 853
677 1286
356 666
916 790
540 1321
83 624
191 124
1192 759
640 328
444 670
809 49
136 685
1308 127
1230 376
1472 846
99 1172
117 537
404 730
1103 1010
811 206
909 347
1000 239
990 1015
152 306
1039 604
177 152
1230 902
955 718
133 736
1046 1237
1322 1135
806 1260
136 576
1187 1142
1214 181
1423 355
374 1413
522 398
1332 438
663 1008
60 1017
967 1253
167 1043
1237 78
297 476
1448 681
93 1488
1081 973
900 10
1443 145
94 816
462 548
248 1232
89 947
1174 950
96 619
695 1464
681 309
733 1217
145 580
995 1452
6 51
420 822
666 918
1456 1434
165 1439
1009 843
1473 165
735 831
1326 1224
1048 1339
446 53
1475 873
716 402
1364 796
241 1365
1262 750
1291 920
545 660
1174 265
1409 1019
301 1376
270 1420
1183 549
412 860
623 29
667 510
640 1002
1264 787
921 776
430 990
1476 819
97 1132
717 295
387 1473
977 1088
1394 1188
227 419
813 108
1113 1092
740 1431
517 1152
137 419
832 362
1023 1064
687 967
1287 1352
762 1148
1413 79
373 305
1138 73
623 342
356 436
626 1175
694 1080
4 733
113 1276
1459 1409
1129 885
1417 863
742 1354
349 617
1410 525
1317 147
158 693
321 706
1151 235
319 473
1426 545
575 741
1322 616
617 974
1115 383
1120 1037
576 431
5 669
1078 1098
1005 994
131 1356
1462 383
543 563
1123 1299
226 583
152 1020
378 762
300 748
1036 662
1150 1135
678 1433
1306 1220
1306 107
101 1005
474 439
254 13
473 601
406 913
79 745
946 582
1102 67
221 837
247 78
874 1175
38 1202
873 896
1099 1193
1063 1392
1398 1290
772 1306
1153 687
1114 966
84 653
764 423
289 742
611 836
1285 82
425 1006
1081 1160
7 852
310 812
495 1057
456 1223
500 145
809 1442
1350 260
512 324
460 753
586 1332
912 435
842 548
1428 21
15 124
874 1163
741 315
916 1239
302 1499
630 1424
714 321
850 1489
746 1420
554 635
1136 1214
759 840
438 1092
934 752
633 398
45 926
297 1264
146 741
629 304
663 4
630 624
5 1028
320 465
1126 46
707 631
954 1158
535 105
1190 1082
879 359
808 23
1335 94
344 941
422 253
864 36
873 69
842 1371
21 115
1419 397
1243 1072
1242 1096
224 1329
602 227
788 198
1302 990
657 1329
151 56
302 638
155 660
780 1192
1022 1441
1069 1157
1455 394
644 757
481 18
891 221
957 1458
1246 871
354 35
1129 719
1392 473
875 456
310 792
600 827
474 1344
548 225
1006 435
590 193
735 1210
24 571
864 614
1464 529
1 1178
411 515
958 509
144 1489
1492 1068
687 987
594 1159
650 458
304 830
1464 1386
404 1467
199 1150
221 933
1393 1267
105 323
997 195
576 162
332 678
1175 628
319 360
213 385
178 1046
1471 575
306 945
1139 844
923 295
433 919
1221 1320
861 569
539 446
1374 821
1251 627
199 248
3 773
639 1434
519 536
1233 1115
664 333
1375 576
393 1125
710 1003
1488 678
681 1451
1033 570
989 905
452 12
360 409
454 742
434 285
383 925
336 999
152 23
54 764
565 1188
1327 699
347 75
98 161
1086 1362
1026 491
354 247
361 48
164 317
1286 984
1301 1163
574 413
1258 387
392 1343
189 367
1050 443
83 1248
983 34
380 743
1083 495
786 1284
445 421
79 188
71 1065
764 917
1430 1232
284 401
691 28
1178 1165
421 381
1196 52
106 96
959 794
408 57
1044 613
1294 928
245 642
210 283
315 457
1114 295
28 1165
1128 791
943 1476
400 1102
746 1366
443 327
1020 126
804 244
1405 1452
962 631
848 281
1323 163
861 1099
389 475
457 14
338 1378
422 487
1328 324
764 1330
1265 1175
1219 911
385 883
190 10
1098 471
919 903
1324 128
236 733
832 1308
245 761
913 572
96 389
734 750
733 59
1172 867
266 1135
936 1453
544 1157
1032 1309
1355 530
529 91
714 136
1304 791
1080 137
410 1092
958 180
438 152
113 4
676 201
309 1307
1160 1393
829 595
691 1208
418 762
912 884
1497 1007
524 1130
351 622
648 1248
218 607
14 1470
374 1270
725 672
866 665
412 555
976 289
1001 1286
249 912
140 1384
704 1223
837 1300
1270 766
1337 677
1064 1349
46 619
313 91
138 297
436 232
925 897
710 1301
1220 1374
201 536
906 493
1039 309
302 67
1205 1171
1225 846
623 227
1161 1040
316 562
99 1065
853 1111
1279 263
34 1215
922 1371
1224 472
1060 537
581 683
203 974
339 1440
1341 628
331 591
1078 483
1261 302
759 344
1403 347
957 449
1345 151
1414 1101
1177 170
1454 135
1142 170
1014 751
1455 1319
308 973
394 1091
1096 1382
97 339
1281 1214
901 340
1482 488
1370 979
652 259
617 1079
848 272
1396 716
856 1494
1385 297
217 872
1182 891
1380 1027
807 693
939 905
1157 774
502 589
1229 642
1455 266
794 492
1487 553
1230 1278
1264 607
837 923
41 1321
176 647
862 986
17 1234
710 405
548 427
430 1261
276 115
754 1461
1148 1083
159 1375
1279 940
882 944
203 524
1129 1469
186 1447
667 336
400 286
156 1061
1202 694
1092 156
1253 1355
1190 117
1421 823
908 207
956 425
156 8
175 492
162 1144
81 1219
584 716
256 638
821 1079
783 1481
721 266
1346 302
130 1140
1022 316
963 302
1331 1159
1317 204
535 1410
740 1347
570 693
460 324
612 244
1447 766
1159 154
837 568
855 1376
963 794
247 1499
1245 936
1354 1259
298 661
931 559
1004 391
1399 57
359 617
681 472
1086 446
327 878
543 506
90 1204
1239 576
1210 1138
1465 135
814 96
254 363
762 12
1166 1444
1273 1479
780 888
647 470
1114 75
19 786
306 1059
150 1437
734 1435
179 311
574 961
966 261
1034 1075
66 1225
1300 1172
1319 1112
1166 292
1324 967
210 207
628 1365
716 1329
1411 706
995 1363
1014 628
1393 586
1087 608
495 456
750 522
1153 1158
474 973
180 145
761 1452
742 1219
1130 867
783 1318
699 187
1491 1202
1229 1063
721 289
484 1478
554 1334
1118 1248
1223 29
644 1385
342 736
1039 1173
1063 824
987 1348
557 1328
1201 306
804 887
1490 20
1022 91
1059 481
252 761
75 558
1382 150
1109 157
969 1394
863 214
351 1452
1005 1360
269 907
282 198
1413 606
1378 582
1405 944
784 1323
294 1282
57 1142
772 1365
1487 361
1391 208
360 615
566 642
417 695
976 89
70 968
735 665
399 1105
767 918
314 656
1118 201
1149 507
53 662
1190 1000
924 664
370 970
295 469
1341 671
759 138
372 831
759 45
28 1158
21 1065
161 909
0 537
1163 1103
509 337
1050 430
783 1471
225 359
42 292
1212 840
1114 1377
124 336
345 1033
567 712
1373 198
1199 1270
1420 1193
752 1469
1154 9
378 599
203 1362
758 1025
332 351
908 1119
217 1083
87 720
79 1233
150 1301
649 676
704 994
643 1279
642 734
1443 315
566 1230
427 1420
488 439
940 255
141 948
467 338
324 298
725 1196
840 1273
798 748
751 1000
34 96
260 575
1080 1493
203 1211
186 344
774 427
1105 297
217 1321
1231 1084
332 513
989 1420
1265 810
589 593
294 1068
1050 1232
1408 1488
1497 499
1352 841
123 1204
1422 778
146 110
1285 571
62 697
458 1180
1271 1313
1481 1189
658 383
1411 1001
540 90
857 786
1025 460
673 1137
1365 31
1005 1346
319 122
731 1326
188 23
18 181
330 170
428 421
919 1479
485 947
1488 111
514 1334
564 1408
1134 1293
1333 1447
973 1305
620 265
732 1281
972 323
1290 173
379 821
174 1097
1383 1432
20 817
1467 1110
1127 1213
230 899
869 422
657 1216
535 558
711 1327
144 1025
22 1289
596 1476
1065 1498
1096 123
394 505
832 1267
398 623
1291 900
86 1295
58 522
1077 1055
928 593
284 1139
930 75
1114 904
684 1087
1060 1243
179 1225
74 375
100 235
731 1093
1018 823
769 505
1127 537
1170 1037
189 758
137 1064
1073 1236
1111 1357
1253 132
1184 152
315 1010
1279 978
763 1115
1394 451
1005 350
461 1119
1438 187
786 525
599 54
482 254
976 877
1485 600
925 403
1199 454
140 944
143 274
715 722
1203 1372
436 769
1333 569
643 499
169 609
802 983
1115 647
723 586
82 262
1430 335
229 615
128 226
734 588
330 986
1467 935
387 419
557 1495
439 766
1261 575
940 566
162 282
749 1464
43 563
1147 960
1180 316
27 205
995 1003
1022 157
502 538
140 807
1039 488
684 472
626 745
1329 98
122 1487
638 141
877 240
25 823
988 860
1457 210
282 79
467 415
768 218
134 722
1156 745
457 696
482 1197
1288 1297
996 347
1105 1377
667 171
512 974
1481 300
431 628
91 350
1069 6
523 1153
1167 558
196 504
539 917
1340 858
394 978
762 1185
319 653
1293 952
924 149
118 52
1499 1005
990 1012
1269 869
906 691
587 648
40 26
338 743
924 1455
1125 822
1369 1309
1329 1049
1337 877
1213 243
64 961
914 1473
1306 1185
644 845
838 253
991 853
941 1395
403 1462
849 674
71 775
658 1397
349 1181
230 1444
1375 939
361 1043
987 783
450 1397
1288 83
244 1431
1215 391
879 328
895 237
398 876
1053 120
1180 795
1256 191
108 934
1172 273
841 935
1194 757
1304 205
965 1462
1330 49
1051 274
1460 2
1008 1170
387 1367
201 137
1065 1041
1119 516
548 377
1478 1427
615 523
1046 959
299 399
1017 1461
1473 932
633 1333
217 1139
933 1125
1357 1455
1487 1013
339 591
1196 96
504 1304
60 1271
1342 858
999 179
757 881
474 1158
632 81
1343 833
1254 103
1019 1134
1000 902
1063 541
1027 1205
198 351
1208 761
498 1409
507 1068
1399 1241
1304 305
1110 633
293 1323
211 1224
780 1111
1325 115
834 1469
173 128
649 1276
964 1032
655 921
784 1150
1142 480
882 306
1024 691
838 1280
605 378
1427 793
354 979
1109 914
1176 270
1096 681
850 904
371 1473
1254 630
135 320
1379 1003
929 305
790 175
150 880
1188 328
789 640
537 567
786 192
1184 1464
1117 1320
391 1134
947 275
224 518
732 282
34 1449
1497 1344
889 17
1348 1210
1003 795
260 471
1142 13
989 590
1278 195
727 891
971 148
711 1132
305 1415
1170 1047
937 213
1251 900
1361 1019
177 1249
627 1393
605 964
315 886
377 1039
373 1118
71 166
1081 752
81 461
364 1388
1151 1448
79 249
753 1031
824 1468
1204 1243
187 195
722 395
101 1217
747 745
1433 1492
439 491
1131 1226
1028 917
1267 387
1456 1415
1298 154
534 133
529 823
44 415
824 480
370 814
439 1275
1137 751
580 45
599 942
1291 1043
61 920
386 222
577 1073
1278 483
293 0
758 254
577 1118
611 1008
445 904
1031 158
617 1336
1165 925
59 1092
1445 791
942 594
1212 99
332 1234
1289 1423
317 1143
953 754
555 498
1218 1000
301 124
1358 1053
1063 1450
692 779
738 266
915 473
1281 0
1319 461
781 963
1483 833
1031 823
592 700
1330 378
342 1075
409 4
837 1333
1104 464
1308 481
277 228
1463 973
1492 381
65 1481
1310 368
958 997
820 518
870 950
501 76
120 1008
883 175
116 545
767 508
640 924
249 95
318 1211
805 58
1046 696
279 278
135 1300
149 18
484 667
292 124
171 647
1454 978
116 1394
1100 794
183 439
1381 1137
1338 1467
1169 10
1461 246
1478 105
1151 119
208 188
113 729
198 647
576 1355
1080 1066
1150 1457
1383 1203
405 1298
1269 1496
533 117
1060 132
1370 162
353 278
1201 19
1317 1247
889 1205
516 1281
152 171
259 1362
720 106
74 24
300 214
597 121
828 750
312 45
643 312
295 1132
1081 607
852 1129
526 719
852 107
1014 340
429 75
1351 79
604 1306
963 142
14 512
607 954
1291 886
888 1255
207 1183
1209 501
393 1215
1417 320
462 748
387 1172
386 216
88 484
86 1417
1338 396
1135 493
155 1104
1090 199
1071 719
807 668
495 725
540 646
1131 805
1440 937
1049 1110
802 127
1123 1048
431 95
592 524
11 562
173 675
627 522
443 16
1049 1210
1050 887
391 289
1119 1175
1137 127
1198 569
736 930
752 1018
115 396
139 223
501 1110
279 170
609 216
279 1258
881 736
631 1309
1059 1304
1454 664
1474 19
1363 580
842 260
647 148
539 154
1067 606
309 128
1000 931
656 1242
360 1104
1211 1044
1471 1271
305 1206
912 396
800 728
1368 483
332 98
549 1136
98 39
1218 472
646 385
828 709
572 210
937 257
1426 45
1187 487
743 1295
650 1051
126 1201
1143 1160
622 1088
1497 405
1489 45
194 114
323 618
569 892
913 206
1147 149
961 861
186 489
877 942
136 1428
227 1461
474 106
428 311
232 231
155 1188
235 862
520 960
31 459
678 379
1107 876
234 59
51 691
345 156
667 1099
1355 1154
799 1368
733 1277
1237 1008
1461 683
893 543
860 528
1460 520
1468 1209
513 238
1480 127
517 72
539 1137
1298 1409
392 23
1279 354
1076 285
1171 1257
1150 648
187 1195
35 1393
227 1001
1383 1124
1356 830
1379 850
14 62
852 948
274 622
324 550
1336 869
402 1331
970 1352
3 793
1372 1128
924 869
148 971
1029 1085
682 370
472 453
893 1059
951 1495
1059 31
633 327
91 1336
17 374
1124 108
1150 906
623 230
622 1414
199 381
163 744
113 1237
241 1152
861 210
1227 1243
850 88
47 801
1422 493
1104 482
265 1220
770 224
417 397
939 850
483 790
1058 142
260 1161
1079 60
1271 1035
413 430
913 576
395 585
1394 173
699 96
1174 1435
1358 1068
1136 913
870 570
110 1434
1419 737
942 798
990 126
488 723
1418 494
485 1178
798 445
873 214
359 1294
225 1205
134 534
151 37
221 239
177 342
955 399
1435 262
718 303
813 1223
853 998
778 754
1013 1056
1281 224
255 960
996 1387
1080 1002
860 101
409 1427
414 1354
654 365
1004 465
37 1274
1045 882
39 395
1144 596
300 216
735 531
1028 178
1165 759
326 1033
369 497
6 427
865 1374
346 62
122 665
18 1375
1211 562
206 175
752 573
1018 921
981 1154
758 375
946 219
307 809
970 376
1149 497
943 69
1282 1100
667 1022
946 258
168 1398
881 1323
790 1097
989 705
480 539
195 1099
394 1387
496 606
1158 601
906 497
89 1044
1447 1001
203 818
393 578
151 976
353 1067
1024 650
689 828
1276 1336
1032 530
1453 1111
1153 970
1268 1021
568 398
1498 448
979 137
261 309
367 1280
478 1495
1247 984
239 1254
143 7
393 412
650 260
1061 956
716 186
923 198
1021 854
350 125
1233 802
988 94
983 829
197 1050
123 175
1485 836
323 1146
88 976
417 1398
592 638
749 1433
1215 1148
805 653
1460 666
942 1261
770 1023
73 22
1036 68
579 671
676 91
280 196
8 48
1285 1183
656 300
325 512
111 843
769 549
185 1476
1312 744
542 1263
414 774
619 16
441 731
1070 1306
825 887
723 1036
308 887
1402 380
114 440
841 558
994 1261
889 287
288 561
1433 389
642 873
113 1378
5 602
1262 615
48 708
525 1188
109 354
1330 1282
1253 155
1376 116
971 348
284 1437
1134 1007
353 469
451 1005
23 916
1380 1372
559 1351
44 1310
176 1086
169 436
588 1495
674 1149
1049 271
709 366
68 526
1484 31
1139 1078
1497 321
1286 585
322 567
757 1462
686 1258
132 813
484 386
235 199
629 659
1139 944
1015 570
1393 849
816 1187
824 292
1383 1342
980 991
413 1213
691 984
435 326
83 987
792 825
1019 180
365 788
877 1167
11 915
1133 614
1054 853
55 924
724 1244
1400 1416
1408 787
1097 1229
1468 825
781 840
490 1459
971 650
720 196
1117 879
352 565
144 754
755 318
46 347
1209 624
446 1141
393 278
621 960
646 1165
602 1130
1254 1236
390 146
858 617
780 1124
43 1101
459 73
519 744
1217 907
1269 1366
594 1321
1134 1256
1297 514
1112 697
794 341
561 1170
1252 222
1289 635
259 4
324 1251
1242 876
338 1415
382 135
324 4
8 702
1087 269
445 63
815 691
1418 153
28 632
155 581
395 672
611 501
1046 690
329 396
699 409
1065 703
211 564
913 768
970 556
532 349
618 1155
202 105
422 377
26 434
556 895
35 1399
868 383
271 838
1126 67
333 193
368 937
813 786
1314 1341
118 1361
1343 529
1442 1469
862 992
673 364
1018 1360
1277 1319
72 1148
1147 1034
1497 116
184 1090
1065 984
605 612
1438 998
1467 680
922 589
1349 188
716 1488
490 948
945 436
694 363
1177 1452
1422 992
719 87
149 1396
479 25
1359 291
1160 148
586 966
1036 876
695 554
1093 724
909 1144
47 359
655 1076
1043 515
1475 713
1087 870
1185 414
278 863
156 621
1201 623
1077 45
1350 227
1051 1175
1223 237
818 1467
444 1336
1380 1237
828 51
743 506
150 394
276 336
691 1339
71 739
415 859
1114 1488
523 427
400 1348
1370 53
597 942
1169 1475
807 144
605 162
133 455
123 69
1378 22
1333 1134
1073 1228
471 1475
27 1419
1444 1340
733 1187
281 1477
356 627
132 292
120 867
1459 273
1036 30
556 459
886 255
1061 1200
1306 230
1161 1237
204 900
919 763
159 70
1031 1399
701 1318
428 480
902 678
719 1470
870 47
1390 1252
1154 237
453 406
304 1194
71 1182
1364 949
399 319
1351 1264
538 1209
633 1080
1359 411
571 136
165 624
1067 322
1472 1030
995 669
308 1043
74 1400
714 364
59 665
6 1490
1030 656
251 42
1449 292
611 269
1029 195
920 1055
1402 16
85 390
1327 847
908 557
814 795
681 386
71 629
1030 360
579 1424
30 1181
688 1389
1001 318
932 194
1471 1399
1045 753
495 1012
86 719
1039 501
674 1438
1329 577
101 574
861 377
1455 1320
130 1183
544 600
765 574
305 1457
1349 306
1150 546
65 1045
517 283
823 1192
1419 564
203 582
1425 677
797 352
75 1044
662 62
834 398
942 960
682 580
429 18
1148 1082
329 220
943 348
685 840
1378 157
727 1085
870 1120
967 1207
816 1041
1283 894
678 83
449 446
712 982
1354 720
75 137
563 90
1007 1118
698 884
3 38
887 353
576 744
692 936
818 1451
296 603
528 839
1352 423
112 869
842 748
1427 1229
296 1212
266 393
306 1460
862 14
386 1200
286 193
1276 1252
288 448
798 287
1049 786
1009 909
433 5
452 232
20 1265
1186 223
1475 472
1053 1188
685 813
1196 1283
1000 1403
1120 892
670 784
312 222
112 1352
643 1215
281 1256
120 849
825 419
1106 336
1083 251
269 578
1488 1179
881 1111
369 933
370 24
1174 981
965 569
1444 348
444 514
1209 804
294 826
213 755
1146 14
1190 192
1183 635
1014 979
789 1488
787 37
254 864
979 146
132 496
388 1022
410 275
851 119
1024 1385
523 127
11 1400
1494 782
1188 995
266 220
1182 651
1262 455
1347 1090
798 1087
1326 97
77 235
1409 588
42 788
277 1447
154 129
370 396
569 991
1269 944
197 158
135 597
430 201
1487 823
617 150
991 398
888 156
1067 625
1378 1291
219 700
141 703
990 1263
332 806
799 1430
789 45
539 69
1159 1192
1236 1096
1051 354
1285 437
750 497
817 920
3 579
908 44
893 1147
359 536
295 903
1259 838
1035 976
952 1261
532 146
1474 625
729 1389
1360 895
1383 924
445 217
1381 592
97 106
16 673
263 475
32 414
152 1235
576 139
286 525
1204 1212
332 79
230 751
888 1297
1028 986
492 1000
497 1399
425 690
808 1441
98 635
66 928
571 570
811 1087
330 1398
1451 1374
60 1156
1443 1299
1401 362
1436 1407
482 1161
372 763
848 883
366 150
1125 1336
1052 722
181 1155
57 1152
1404 826
108 1376
244 1234
404 620
404 1006
369 626
540 1121
1209 683
180 449
308 14
99 1041
487 767
1428 1286
359 1083
118 628
1269 343
1243 1488
466 425
1368 957
490 276
1425 1293
412 1139
1043 1186
903 1167
214 1403
760 788
1072 1014
162 230
218 364
473 400
510 1102
1344 1289
766 315
391 146
1043 329
1189 1138
1324 764
893 1404
710 1298
88 865
105 300
305 382
369 1370
814 759
187 609
395 1186
1053 58
1384 924
1309 1343
1105 565
1252 251
1418 859
291 578
165 305
664 198
1 828
1120 1154
853 898
991 1348
1440 397
880 1113
501 343
439 1062
1477 592
686 233
342 268
652 1326
740 814
1406 760
1350 1120
964 249
1103 664
697 880
65 1024
291 254
479 573
442 1213
55 1010
13 1278
1364 1440
982 80
1219 725
411 1108
1450 777
1245 440
247 549
1185 1097
161 83
40 33
732 21
377 1217
1047 1316
1263 1315
901 598
387 1024
329 1313
157 38
943 300
766 458
581 1116
1326 65
164 1274
745 680
824 784
718 70
1466 754
1334 271
843 42
863 1306
335 487
210 458
407 597
190 502
702 21
248 960
594 466
1414 693
607 1458
456 156
309 857
411 1226
923 1327
1023 1111
1348 1128
1128 211
907 114
829 1047
1465 635
983 336
165 339
291 191
173 903
1284 983
447 809
288 253
230 1117
1048 201
1482 1427
876 197
129 1313
787 1387
1003 316
1104 832
153 1410
1384 637
439 610
178 857
441 552
966 1213
213 698
1031 506
418 242
597 1298
630 258
679 934
49 311
795 1147
518 342
1183 1374
1486 1414
720 240
1485 50
1208 332
1216 1429
602 162
285 1245
1195 269
451 369
1134 1208
52 702
1185 13
750 1434
452 1427
362 284
1479 377
104 106
1142 1441
445 1388
1482 87
775 789
1102 881
894 1398
449 945
273 584
640 1314
778 1101
1077 65
551 1243
1221 891
695 1405
223 598
732 102
29 651
518 331
788 1122
1478 83
530 168
955 145
1121 1241
636 302
177 1086
1277 948
1379 748
709 209
1383 281
1443 1411
824 348
283 1286
1189 380
830 1243
176 461
577 880
643 1473
476 676
767 449
887 1409
165 239
470 725
1112 1201
113 457
370 721
693 722
1372 921
252 371
1256 256
984 668
1057 948
337 497
869 569
1437 186
1432 47
1355 172
1228 142
1192 43
1379 1414
344 1360
1326 1003
477 1032
765 1131
1168 442
614 1302
271 967
1494 37
209 769
1292 44
735 1067
572 379
664 552
114 1192
1426 680
845 1493
653 1452
1386 1050
491 1126
1367 1267
642 970
635 680
761 888
1290 1164
950 268
10 797
1409 642
910 1144
817 576
1493 1299
1450 1351
1054 1052
864 1265
94 453
995 1485
875 473
719 69
756 237
146 1057
70 1455
972 609
1402 1391
1395 348
363 607
784 50
61 557
32 1072
1166 1023
278 1074
434 491
134 479
1234 374
731 235
1441 940
390 614
1309 900
191 1014
136 337
528 1116
107 263
1199 1398
1092 85
448 432
962 612
221 530
564 843
737 605
1302 324
436 116
13 1022
838 494
1181 1013
256 1235
903 1003
40 1133
462 1116
273 454
916 776
1345 123
1033 1006
96 327
39 364
1488 1372
40 1188
367 642
509 1158
1298 762
1311 1444
1266 1349
420 1250
1076 1311
273 852
397 127
623 942
1272 892
1148 63
763 398
931 679
864 1367
475 1264
729 456
700 114
15 845
1312 833
1359 1005
163 1132
1453 34
587 1450
30 393
1493 811
878 637
800 218
370 174
937 596
1397 781
131 758
298 805
793 59
702 699
552 528
1327 927
394 1378
334 737
409 1473
657 1166
406 745
671 861
916 832
652 335
1211 398
86 1124
36 1272
278 1292
1082 8
255 1390
1098 314
1019 303
348 1450
853 542
1313 84
767 139
78 561
1009 676
1369 686
1064 921
185 813
807 568
1264 1385
107 1254
1263 258
1129 870
93 2
1172 785
819 416
757 1435
1358 830
861 944
864 1228
1397 404
537 1317
832 1095
671 571
1001 109
1020 418
1196 691
573 966
274 1477
368 1204
1361 435
568 940
1450 1192
680 503
1246 337
256 1009
980 273
390 938
1311 62
615 1426
742 1213
1075 311
674 1382
1280 374
858 1324
736 447
494 927
796 1225
334 1214
1168 625
319 218
1121 1435
688 1160
1461 549
706 1170
61 791
1401 1107
410 1070
757 1462
12 900
1413 576
817 269
813 1153
1302 1221
490 865
1031 1221
521 212
948 1083
144 947
122 482
81 54
222 134
1278 667
912 670
1102 966
1379 1123
1349 566
263 1254
187 900
442 1057
653 267
205 894
1004 163
965 102
438 1347
379 1391
1386 1061
475 315
533 89
105 40
197 3
1161 1228
476 718
329 1356
134 845
1004 11
30 538
587 59
1330 1198
851 99
1090 41
588 727
1384 708
80 5
501 295
1096 497
1195 1006
196 846
708 636
1362 1386
159 1213
422 902
362 252
402 811
1058 1066
1473 751
233 648
1061 1325
174 1089
1365 707
311 735
1344 1438
471 1370
413 1019
1421 102
730 1427
138 33
1054 206
503 1191
812 1370
42 155
477 637
851 432
282 477
421 169
896 725
64 360
107 85
391 363
1390 1021
1182 1165
795 438
852 1464
705 925
1002 979
706 637
1406 292
661 980
175 408
1143 1371
253 996
1225 1323
1294 957
571 1226
1489 848
678 61
204 1367
513 810
109 43
350 220
1003 551
362 280
749 428
697 534
941 0
480 1206
1108 980
1070 679
1446 1201
452 912
275 456
1453 1024
671 839
929 1062
17 268
272 956
982 1348
37 969
1367 444
293 273
352 161
626 66
1067 224
658 824
974 254
1241 602
1353 319
967 1388
1346 941
1211 1111
1160 79
643 262
794 234
699 1261
413 13
684 1252
1212 848
1229 1305
869 521
129 1012
518 398
181 1360
1241 902
1240 317
118 1490
443 1097
1249 285
1408 389
1087 293
1226 1496
1072 792
1429 1221
922 334
273 1291
452 209
1247 640
305 207
801 1004
471 1174
983 1007
97 382
879 1485
812 168
745 609
774 987
1313 459
260 353
1114 85
347 1015
540 627
760 91
378 98
1462 1010
350 369
991 328
293 1039
23 252
286 1021
954 131
1380 925
218 912
120 236
1172 1229
1225 1466
64 737
807 258
870 1438
319 100
264 960
304 323
382 490
203 1068
77 1297
570 1016
587 1269
794 415
141 257
173 915
181 1320
773 760
938 562
112 1399
1153 631
204 1483
1266 255
400 874
714 456
20 114
703 1028
267 781
781 1285
1105 767
1056 244
352 27
399 457
421 674
701 708
1484 763
1027 574
161 341
732 1292
