1000
90 375
571 315
629 656
893 639
725 806
640 441
829 114
440 722
105 784
664 178
192 918
100 416
630 763
277 204
608 607
443 847
599 418
210 2
326 740
773 952
743 252
658 907
782 549
235 612
702 686
490 732
632 589
562 430
688 539
665 245
69 923
831 523
601 889
489 494
400 78
199 770
405 914
867 258
317 820
667 813
387 646
94 966
384 656
475 913
996 970
699 617
507 149
716 742
851 781
535 536
810 355
736 676
807 861
268 855
101 884
301 302
191 548
459 572
622 698
147 236
621 627
631 802
165 548
379 632
442 844
662 892
352 992
859 483
305 855
619 458
178 391
290 461
739 624
175 893
676 428
49 293
253 278
561 291
301 376
319 407
963 544
201 348
659 670
350 46
278 750
243 421
169 813
793 867
119 563
219 485
302 886
576 80
399 841
299 605
143 124
394 152
682 624
44 655
366 254
402 588
101 229
897 162
238 524
353 157
240 33
34 742
427 23
340 870
558 311
889 385
510 43
599 11
759 168
118 193
451 440
791 450
213 991
691 532
156 695
236 672
979 783
72 452
679 811
522 573
102 986
849 242
682 803
208 319
40 444
783 214
929 139
573 266
289 659
690 426
176 628
336 478
689 688
713 426
357 310
316 730
19 619
398 660
678 174
513 448
301 983
455 494
214 118
869 301
168 440
250 664
456 6
95 268
700 778
11 442
329 911
611 321
849 955
708 677
260 232
482 707
400 49
69 847
796 388
887 671
299 385
827 905
363 794
262 482
29 77
294 967
341 411
691 644
80 172
862 480
423 543
711 309
687 151
53 436
949 816
542 42
320 386
382 263
866 196
689 492
722 896
201 743
137 603
795 363
271 134
909 678
72 913
586 479
220 140
70 682
873 83
383 222
819 966
495 432
376 543
548 583
647 848
207 94
745 248
306 206
268 623
119 473
256 190
695 237
596 288
634 733
555 977
58 502
653 730
88 168
156 635
132 452
276 527
767 160
354 686
256 971
500 903
39 688
339 753
72 875
951 896
252 617
485 261
452 422
905 524
279 765
901 628
276 416
689 90
796 615
372 537
107 638
942 565
893 334
358 577
422 632
746 376
197 598
674 288
135 967
583 968
452 993
304 427
493 998
710 25
677 638
210 371
316 807
884 833
615 729
823 864
740 202
641 55
14 494
48 270
779 696
64 285
520 921
952 80
82 582
712 148
106 26
234 601
225 610
948 807
816 264
93 493
487 495
720 789
736 688
248 232
732 533
522 583
354 858
160 678
932 836
619 467
830 862
652 575
460 789
764 612
572 627
233 880
691 928
318 864
489 285
414 357
988 306
649 470
6 998
904 146
496 951
440 896
100 161
427 153
130 311
62 673
61 328
168 732
224 399
417 648
678 363
830 664
508 639
573 338
273 41
306 117
222 450
662 545
595 491
3 774
375 659
86 347
210 408
102 163
740 67
808 913
36 943
931 118
569 297
740 28
797 279
679 124
270 570
388 636
295 805
306 773
719 111
574 617
970 346
610 261
107 817
188 814
160 840
535 871
609 437
958 332
318 442
468 680
905 919
896 58
38 206
121 394
813 835
79 693
613 500
695 714
533 81
950 24
134 655
188 127
864 405
981 889
140 780
816 416
965 625
29 401
500 12
158 544
508 363
64 988
955 391
569 782
33 781
803 368
425 267
382 628
393 760
439 602
925 850
501 902
508 238
938 341
141 314
833 844
698 487
946 127
74 216
85 762
589 654
35 837
246 126
467 300
176 297
456 53
507 178
634 843
929 815
799 281
288 645
956 743
762 571
795 269
950 183
663 71
194 834
578 614
83 672
420 276
393 932
832 716
951 913
895 540
82 223
627 823
51 621
309 380
617 204
853 41
520 237
453 260
907 885
727 738
40 580
278 221
635 375
854 132
977 164
74 118
531 532
757 812
648 266
300 461
422 738
324 470
570 121
434 136
124 794
848 6
740 127
18 407
625 821
232 37
912 32
509 32
239 248
482 126
140 449
70 356
428 612
832 570
406 595
221 591
367 942
627 446
267 94
784 533
421 187
110 920
183 508
250 955
576 367
533 266
990 61
266 381
491 990
678 664
342 942
674 770
913 809
147 964
977 187
252 594
826 870
553 956
357 328
524 771
25 492
185 652
710 683
576 308
911 326
982 774
296 798
374 367
264 316
236 972
454 850
170 111
958 437
392 43
109 501
186 879
32 145
923 524
340 658
391 297
89 454
557 15
638 823
267 103
144 350
979 734
929 61
605 837
238 548
984 563
344 967
578 624
24 302
718 920
989 675
151 769
499 790
711 717
371 175
487 423
68 166
399 395
774 672
209 622
893 696
101 952
793 855
34 707
845 391
295 75
431 85
231 281
913 775
396 246
851 567
349 455
829 771
316 215
680 763
602 385
767 645
566 771
527 169
55 727
223 734
184 493
872 185
455 945
264 855
958 625
57 299
313 706
647 661
338 408
964 495
667 478
828 384
79 690
846 706
658 598
139 850
294 586
756 359
300 686
279 321
423 803
336 188
730 650
848 971
834 434
723 16
682 782
230 30
50 237
762 855
368 836
717 660
279 5
80 408
724 781
800 239
740 469
905 297
341 407
563 945
480 681
287 831
812 192
687 476
185 849
335 567
415 689
450 116
939 914
1 73
890 325
204 667
486 182
298 478
884 210
341 695
218 156
855 160
315 759
108 62
512 235
633 881
645 43
589 383
490 948
733 843
49 375
587 506
846 329
15 629
158 425
728 534
455 216
250 133
402 525
149 835
819 895
665 260
312 800
245 400
211 471
89 299
634 96
869 483
691 157
225 78
421 418
281 117
505 455
47 380
255 683
299 949
307 723
772 831
728 101
320 805
398 133
195 861
854 250
10 155
887 438
903 743
67 536
302 59
666 323
417 600
386 681
496 485
451 991
338 587
21 454
946 444
273 295
338 287
221 142
203 527
856 584
724 527
160 616
903 154
603 389
854 176
887 734
90 957
848 182
712 401
62 962
606 448
296 514
854 640
251 106
390 888
609 513
752 246
854 263
551 167
848 614
146 101
923 390
6 410
589 747
407 317
600 780
556 695
96 7
472 817
322 237
901 645
35 339
831 878
662 599
653 628
546 623
830 863
865 627
347 721
29 799
51 334
639 117
98 996
629 170
305 562
250 752
479 483
51 132
961 579
986 165
437 245
120 245
628 928
372 502
484 296
637 239
837 813
507 984
744 317
232 90
81 883
573 443
149 885
736 316
177 370
41 764
229 762
679 620
3 367
178 475
2 179
825 754
860 377
473 585
161 555
808 456
315 707
459 757
659 666
956 593
293 658
422 933
843 857
598 747
741 694
9 869
787 605
801 582
710 847
24 907
653 364
75 488
138 194
101 324
138 101
26 949
697 498
425 978
414 914
590 503
807 813
927 959
130 69
464 773
851 807
583 482
497 106
556 520
984 563
760 93
393 506
700 831
902 569
906 968
580 651
109 414
236 397
55 130
657 698
637 459
801 666
846 468
97 356
463 554
804 518
130 932
579 178
271 145
83 126
566 845
895 312
658 380
134 548
79 904
563 905
347 145
306 185
529 836
101 553
224 225
544 279
365 831
781 499
8 118
139 508
54 542
450 199
122 659
52 595
886 573
173 293
636 594
173 915
848 188
992 452
155 720
504 271
4 77
435 222
605 185
845 977
185 336
849 750
984 813
166 949
143 511
174 662
637 747
516 837
731 441
13 181
612 929
923 117
747 866
869 679
761 82
203 256
38 268
142 995
969 943
145 84
554 483
437 458
708 945
366 146
883 486
92 558
801 636
768 676
978 943
229 691
959 55
925 225
464 544
517 234
642 975
802 208
511 582
156 99
818 538
233 393
499 98
432 38
465 105
841 48
64 148
899 471
994 106
795 371
821 427
14 672
887 360
811 733
72 611
953 359
153 346
450 97
754 248
292 149
796 875
131 764
708 684
282 188
629 455
795 475
326 586
290 57
973 117
990 39
525 438
776 713
440 96
53 123
112 829
454 199
338 855
665 930
659 305
854 818
698 174
605 572
58 926
641 304
253 849
313 546
198 492
775 793
441 221
881 835
632 797
82 764
753 535
843 607
203 434
310 554
955 251
800 716
976 102
642 760
1 266
802 824
390 752
460 335
865 777
924 484
83 339
749 12
473 911
259 756
880 420
769 430
809 390
50 423
999 545
766 765
201 508
406 596
628 613
967 949
207 381
658 750
873 804
41 142
568 208
349 136
989 664
587 688
265 272
458 741
421 361
411 628
765 217
768 687
318 439
777 762
585 524
411 551
609 8
835 110
900 635
869 160
703 646
129 577
394 958
890 311
608 859
549 838
576 121
632 876
145 649
12 332
815 27
957 362
781 852
127 207
236 364
293 679
937 509
785 495
230 814
561 591
270 71
476 773
832 756
568 261
186 464
96 312
976 803
79 294
264 561
100 485
650 708
417 240
881 684
584 46
331 177
288 923
364 978
778 149
693 312
702 331
901 946
875 895
691 320
673 539
561 311
808 860
209 575
465 53
853 999
213 682
979 549
650 980
644 321
925 614
428 507
465 930
20 389
928 110
637 815
687 542
645 716
610 668
494 485
530 344
714 161
94 711
552 606
625 390
99 790
116 761
711 528
514 486
508 284
917 977
15 680
139 291
686 828
532 777
508 177
681 567
998 464
629 155
416 190
467 433
412 664
158 781
775 818
45 492
240 89
456 645
255 833
94 805
336 432
609 220
571 706
835 417
588 211
422 905
414 601
753 678
801 332
958 533
545 719
366 993
575 531
819 232
776 74
822 102
38 250
668 224
909 349
872 234
992 175
44 340
271 737
778 922
471 96
109 104
315 575
186 591
341 347
957 472
599 531
51 646
853 847
557 729
951 185
397 815
82 628
648 477
544 571
884 170
210 617
395 862
924 692
413 337
350 545
25 644
373 499
910 705
250 608
246 989
58 216
33 919
425 23
188 503
930 76
153 173
611 596
522 242
558 805
639 405
175 317
285 664
748 275
510 360
271 840
2 955
934 955
301 847
977 392
753 464
956 620
93 848
900 723
172 766
952 825
428 640
294 701
686 846
975 406
835 829
973 873
19 119
580 555
376 809
831 929
792 283
169 519
941 126
829 855
332 408
598 717
843 880
61 955
1 119
777 327
123 831
257 865
938 407
300 954
271 873
449 652
914 769
283 674
268 902
952 611
462 212
479 472
111 152
886 294
727 285
301 637
142 96
776 438
839 767
31 318
618 363
533 155
138 502
508 932
448 672
123 812
160 1
373 580
759 337
154 472
742 39
732 855
970 257
134 995
16 203
513 30
885 977
336 459
111 455
739 436
900 890
911 732
686 755
83 933
771 950
695 282
784 895
963 282
620 480
733 84
126 369
852 480
383 603
622 362
124 758
723 206
147 530
729 886
426 764
896 948
799 233
183 102
458 392
81 34
459 141
315 646
194 513
934 807
722 425
101 170
870 534
204 480
667 96
191 852
869 607
263 247
419 482
140 751
364 821
270 802
0 696
857 86
808 433
236 352
393 677
383 891
854 736
803 976
474 30
136 277
550 462
515 258
435 611
286 864
299 455
535 288
28 994
161 458
808 928
270 934
499 737
508 122
315 26
645 205
279 584
429 784
316 133
153 921
148 345
308 504
159 242
114 602
907 567
279 243
566 470
112 430
111 735
721 64
199 622
147 684
698 395
628 755
769 379
578 729
257 10
214 348
949 708
824 900
392 66
309 241
484 680
638 586
253 571
883 317
984 921
476 53
630 42
609 51
749 122
297 819
727 952
489 830
692 310
970 248
291 169
483 559
182 736
881 445
166 563
904 237
344 900
375 644
46 536
562 441
935 104
361 11
910 151
162 303
396 33
534 316
703 348
551 579
523 415
252 797
762 124
865 357
652 564
25 502
208 397
612 580
937 447
884 26
503 316
91 773
288 378
926 540
588 378
146 982
38 962
302 955
295 588
839 836
778 939
483 242
424 24
671 183
766 716
694 267
572 514
895 987
812 75
124 332
34 124
356 359
250 491
85 536
507 603
269 621
114 651
693 414
659 130
857 297
804 327
576 943
438 672
827 209
969 125
872 173
273 360
512 137
512 745
609 676
133 327
396 605
115 303
507 770
522 441
268 325
84 869
574 349
461 23
889 226
734 257
618 403
131 153
398 786
361 872
549 341
589 744
142 509
668 830
625 39
58 194
852 756
630 957
73 680
553 971
695 651
615 875
962 579
835 762
434 588
467 698
535 707
82 905
857 182
496 485
891 431
571 952
160 703
746 236
758 768
948 958
0 988
686 551
600 648
353 192
539 963
615 23
892 788
322 463
875 252
64 324
566 91
350 520
370 136
334 609
713 403
662 398
468 185
557 561
193 729
400 253
488 528
332 857
756 408
918 290
724 669
759 197
702 54
131 242
37 670
868 505
15 791
94 761
839 204
760 197
893 527
638 824
749 867
202 88
135 162
759 559
690 585
786 736
102 578
709 864
885 80
668 233
931 242
501 348
201 710
356 436
170 624
671 55
329 349
356 232
304 126
445 397
757 591
697 706
613 930
815 691
267 849
764 467
343 889
640 287
592 607
857 443
62 384
449 614
697 776
392 132
458 823
589 347
478 868
856 48
252 185
705 867
276 926
193 581
184 446
614 426
845 663
529 933
944 852
431 555
572 326
846 902
747 831
503 989
875 816
691 297
401 974
730 351
477 753
762 985
428 344
308 486
131 163
526 168
446 131
217 405
608 445
258 287
474 949
299 326
500 932
93 148
907 149
356 683
771 209
604 611
93 233
432 478
210 698
32 272
633 12
308 705
471 836
802 68
844 89
925 851
631 998
988 448
723 685
234 536
527 536
693 196
353 314
32 79
244 662
272 709
92 20
977 974
974 999
939 248
520 824
1 60
437 225
112 468
206 917
491 608
377 272
247 86
336 678
752 360
568 956
243 324
289 505
518 284
193 499
800 403
386 85
770 674
96 862
465 720
439 878
364 445
386 366
160 800
197 517
298 748
646 920
884 890
113 340
315 551
745 911
579 424
997 389
333 940
304 645
623 606
437 966
738 73
486 392
896 140
911 414
337 389
903 628
270 428
794 847
714 909
408 555
984 680
594 656
704 996
863 441
954 34
768 712
340 216
733 689
994 956
187 265
102 869
808 477
214 410
647 102
317 25
592 884
933 670
98 693
754 456
462 171
353 184
234 272
200 693
20 928
644 907
363 391
705 598
467 189
746 111
859 723
238 337
906 593
553 300
820 484
140 106
221 974
535 303
152 916
404 469
57 118
152 431
235 465
445 484
747 354
412 669
891 720
71 38
38 697
420 777
156 972
469 640
280 327
390 731
478 960
540 601
240 182
806 863
833 860
874 106
896 523
520 764
517 191
963 741
520 460
754 55
72 543
417 367
129 386
905 757
704 143
498 578
105 197
111 667
200 137
272 453
292 288
604 684
884 39
864 414
196 219
478 920
692 626
851 386
289 675
293 589
586 163
507 538
841 572
575 616
693 499
956 923
714 42
489 292
239 705
697 652
376 658
583 127
856 215
389 29
48 83
20 399
712 284
319 942
800 646
320 961
516 153
925 927
27 559
99 976
161 263
958 576
135 331
199 782
509 320
169 73
27 780
91 951
447 422
167 245
481 438
135 416
977 502
414 325
603 873
643 358
835 358
729 871
243 540
927 709
461 564
860 524
805 779
535 86
753 375
47 157
704 314
723 214
974 522
665 357
274 794
10 356
67 275
810 905
733 447
635 629
616 520
137 657
976 676
22 262
376 856
27 36
458 474
938 196
348 999
925 983
828 302
813 363
314 416
280 221
917 872
900 868
711 203
363 667
340 413
823 110
291 999
759 485
408 786
245 146
257 136
614 342
781 704
394 593
229 763
144 958
736 838
645 734
544 918
661 454
780 585
49 124
68 685
668 398
801 949
695 220
261 563
939 195
657 917
892 267
571 297
641 318
638 388
459 826
886 133
479 472
967 327
279 26
191 169
471 284
178 896
281 928
789 349
787 898
602 305
683 833
63 726
480 818
653 601
543 665
705 146
172 357
249 766
796 556
820 721
429 827
320 823
509 633
451 495
308 242
233 993
888 924
416 96
218 130
975 291
34 355
717 230
585 270
306 872
175 623
70 298
593 828
515 890
351 582
790 819
873 326
837 35
759 96
849 565
175 372
405 392
714 866
762 251
29 856
869 347
230 629
69 252
210 953
438 537
559 640
573 796
729 647
452 86
712 754
416 652
474 371
316 752
435 634
332 316
600 267
487 366
557 693
565 760
30 124
836 267
264 650
65 832
765 567
168 118
354 22
849 735
664 930
639 146
362 579
428 662
32 343
571 207
108 52
489 273
475 135
344 186
775 595
381 632
946 15
542 990
474 129
635 648
146 511
102 46
760 316
579 757
512 155
575 610
65 8
115 288
317 802
390 14
464 675
675 108
69 918
87 826
730 925
152 367
752 550
666 816
721 432
868 950
27 844
985 242
400 842
11 694
295 771
785 82
8 554
162 319
572 210
191 670
221 336
26 536
979 960
267 499
448 759
473 652
71 754
476 245
249 513
910 632
831 473
593 500
924 490
415 885
258 938
456 645
933 382
184 165
978 286
484 138
814 686
93 232
789 849
667 9
787 961
938 74
384 185
333 325
965 175
386 344
49 386
697 57
117 88
652 621
352 119
715 438
304 179
650 57
858 126
511 70
315 172
913 976
268 747
158 651
851 896
399 953
814 439
679 838
471 527
636 800
804 718
223 112
404 29
29 221
920 375
516 964
369 806
360 750
166 260
457 27
250 270
134 632
830 188
315 977
554 241
460 455
135 663
141 125
238 510
505 313
776 124
608 226
42 512
307 108
869 689
312 896
991 990
459 720
553 556
962 72
409 364
675 707
122 230
368 401
351 425
986 822
740 923
278 772
629 706
140 545
548 497
641 697
721 130
263 310
704 783
986 310
940 339
711 503
605 445
581 741
415 560
933 154
708 979
630 652
18 985
875 163
398 15
480 281
220 268
754 731
942 799
475 197
414 28
327 598
248 97
915 130
352 589
935 69
965 105
713 373
710 133
337 248
23 255
878 974
846 146
199 447
872 927
348 734
600 485
264 127
926 381
15 171
506 329
400 791
263 737
873 844
192 95
435 792
181 388
866 873
659 631
177 85
756 585
727 36
584 665
71 600
671 720
151 680
26 179
46 346
918 803
583 663
545 454
205 556
259 598
671 612
197 974
113 181
739 659
98 445
489 718
837 342
11 289
596 46
321 661
441 49
997 410
251 438
675 704
209 320
789 793
457 583
161 878
343 5
55 745
385 511
10 585
971 42
689 636
900 200
380 800
918 925
294 436
228 601
907 867
55 594
159 142
551 901
288 153
462 834
91 176
395 526
253 889
926 246
383 586
532 162
435 587
848 975
315 94
637 401
447 902
878 356
373 707
866 224
158 630
640 517
393 390
987 229
558 866
645 797
647 830
138 887
390 491
811 946
307 200
888 76
947 227
459 70
564 706
210 637
776 200
379 341
12 743
323 718
54 767
378 919
430 632
390 427
176 835
860 461
56 316
712 249
355 375
514 802
312 110
795 886
129 656
33 302
222 828
859 265
521 4
857 604
332 194
833 668
143 769
94 773
302 711
848 462
750 698
756 578
553 794
91 145
195 181
445 967
547 528
688 87
468 774
817 78
96 508
328 655
308 270
45 949
999 102
756 903
413 683
800 267
940 29
214 969
178 766
689 388
93 518
494 260
704 816
602 520
772 964
590 744
236 215
871 479
455 468
24 8
289 280
506 692
164 785
224 305
878 902
667 574
853 267
885 82
2 916
229 369
967 330
788 882
233 732
998 116
814 303
346 311
32 563
306 141
930 254
943 855
595 75
360 667
483 212
423 93
874 305
687 909
17 969
738 138
885 47
78 15
980 221
766 346
908 543
505 891
930 209
227 480
704 93
435 127
172 161
916 872
368 157
891 852
857 534
963 922
206 30
65 766
176 481
943 371
956 928
622 156
861 940
991 858
216 550
977 26
767 376
431 394
891 827
117 144
771 312
284 720
915 270
176 888
709 696
908 608
525 66
240 156
111 314
158 938
857 339
685 379
321 574
719 89
979 533
815 708
791 730
760 868
215 233
690 265
43 605
957 865
22 985
739 450
249 937
621 815
356 494
530 907
989 383
921 240
319 592
422 218
589 167
534 585
989 815
920 510
633 734
38 660
959 834
195 801
812 298
739 194
225 508
7 713
225 573
678 353
983 634
818 517
58 954
0 122
916 630
422 585
925 855
346 439
583 282
722 62
171 434
683 819
182 952
499 453
934 607
994 954
989 660
799 99
232 660
525 840
234 565
975 925
54 190
769 553
451 326
137 322
226 508
354 970
394 588
489 387
848 635
325 180
420 268
955 511
843 78
708 886
203 106
834 277
770 588
914 44
951 146
798 695
896 709
620 502
252 80
821 727
38 828
872 251
871 16
276 236
592 428
804 913
473 424
644 714
863 359
411 301
182 496
502 439
165 141
299 457
282 756
836 896
174 738
718 979
93 809
534 422
820 533
190 742
138 45
833 838
352 259
533 813
617 57
55 58
185 74
592 98
331 837
863 831
322 33
226 945
889 673
570 30
360 293
517 57
663 489
765 536
105 216
940 963
653 841
321 281
1 957
368 923
125 114
781 720
148 552
620 876
893 403
934 93
525 542
250 852
773 582
495 351
550 0
751 592
689 593
912 474
774 155
113 972
294 710
157 636
603 35
995 916
16 855
387 33
714 733
950 969
967 527
870 627
555 937
544 591
461 919
811 711
554 624
822 793
260 121
418 272
370 777
999 261
735 803
272 966
860 246
422 593
403 147
958 280
78 645
241 76
587 972
364 966
56 350
564 698
602 25
835 69
776 324
322 226
697 292
776 594
798 677
954 671
932 558
678 692
432 207
758 77
471 86
137 269
364 761
55 324
516 683
783 508
185 219
492 210
279 608
573 297
796 323
434 290
376 820
730 812
444 250
107 313
936 593
960 401
22 477
943 407
332 529
439 71
953 355
62 366
649 594
975 909
215 116
316 359
203 566
790 519
222 157
512 190
787 644
378 245
443 959
989 845
745 13
829 296
259 149
458 503
304 32
276 266
420 407
964 632
5 474
956 188
731 850
50 262
225 702
981 16
36 677
238 392
483 248
333 997
678 480
224 715
729 839
764 799
765 244
30 229
714 635
405 329
749 356
938 119
813 146
548 42
453 142
279 106
600 434
310 394
770 439
135 72
60 744
722 30
799 923
301 487
278 597
500 133
720 171
163 60
387 771
516 415
692 575
142 153
158 441
741 288
491 723
781 569
850 958
730 735
110 602
964 758
345 218
625 832
462 377
529 588
876 439
647 921
875 721
120 608
178 844
991 53
618 790
847 674
608 816
105 570
585 553
517 559
592 408
767 329
186 947
598 246
666 880
477 23
758 427
901 873
192 215
155 641
776 383
839 115
28 303
838 484
755 653
939 215
175 213
927 113
379 882
311 343
356 413
464 271
214 297
315 143
395 199
383 220
788 166
667 904
964 906
448 128
1 717
955 132
45 546
85 275
95 809
928 148
310 423
701 582
287 835
527 463
198 628
474 668
285 67
89 707
752 283
785 539
972 901
706 132
985 926
608 695
613 42
70 162
586 109
176 956
688 904
14 954
398 811
226 287
963 528
696 151
941 100
175 431
568 295
285 629
37 950
939 580
812 365
363 228
92 625
204 442
662 681
886 377
997 785
898 404
156 318
935 620
273 261
913 355
986 969
542 38
478 854
159 220
576 449
216 930
428 44
270 599
503 85
406 550
492 929
450 90
681 379
989 660
233 745
964 128
295 98
572 267
694 669
4 993
404 406
520 198
404 820
327 158
425 347
460 513
445 536
228 409
194 101
592 589
714 9
960 956
24 956
604 951
513 540
581 690
308 74
918 356
438 49
657 674
137 924
264 993
834 752
280 622
849 665
364 917
455 30
411 640
512 243
311 669
384 758
884 178
976 930
36 517
65 133
240 854
26 279
561 520
132 101
775 262
490 443
93 899
60 141
305 162
291 302
582 722
652 779
388 743
591 399
48 242
298 775
928 311
659 956
659 573
297 629
46 201
93 955
461 602
37 594
134 106
872 560
723 320
323 741
420 305
206 96
203 966
517 741
176 760
204 429
206 483
365 453
770 88
547 340
123 962
56 244
366 494
367 20
903 810
576 162
809 515
338 851
513 133
742 302
321 538
190 122
842 817
377 794
359 246
925 546
256 679
211 862
588 495
241 606
862 147
937 273
480 982
96 278
252 433
151 995
267 196
550 343
382 591
569 841
557 364
28 801
657 359
557 116
145 141
217 531
934 296
99 398
19 615
134 644
70 947
479 42
658 943
893 373
407 68
186 371
591 139
117 305
801 186
500 451
563 609
860 856
465 769
384 619
121 534
244 279
290 811
675 843
536 877
834 72
883 978
677 803
789 710
226 297
869 245
500 829
201 510
564 377
853 543
500 110
869 586
766 629
415 431
702 305
748 755
241 333
480 265
642 763
865 848
193 459
530 555
228 486
600 173
74 334
958 411
795 154
435 447
303 861
296 169
956 81
340 983
633 316
126 958
547 109
469 359
973 943
502 54
831 345
650 235
498 385
609 994
743 251
927 678
335 375
497 191
757 785
81 775
999 337
651 76
896 705
272 666
702 90
78 419
224 336
539 204
677 801
648 67
611 552
13 39
457 747
868 814
787 612
83 175
363 655
386 880
587 545
27 468
730 527
76 505
821 334
339 652
537 20
727 28
51 99
247 608
251 783
756 642
143 339
242 57
632 107
853 232
58 656
444 160
245 297
520 460
572 396
977 513
731 998
486 167
175 757
807 910
266 494
667 449
744 314
797 462
871 428
89 855
734 197
702 578
85 443
357 344
318 931
689 159
513 210
116 622
832 376
835 839
372 472
76 81
192 627
631 756
464 24
544 689
675 196
436 922
114 680
466 514
676 772
799 932
505 53
180 414
767 24
256 645
327 380
232 786
814 562
334 703
86 637
390 496
974 259
166 457
87 115
171 141
869 385
291 159
294 429
209 454
398 328
198 136
981 419
341 120
857 288
29 407
724 443
351 675
81 689
126 178
599 993
853 150
468 550
961 932
250 467
987 812
633 118
58 426
770 890
335 386
777 877
535 434
785 289
599 710
443 621
173 145
453 927
267 543
505 101
160 328
730 572
560 876
619 394
431 551
171 555
718 618
995 988
827 181
21 976
249 48
271 118
150 958
174 593
266 481
631 448
629 141
234 802
607 855
619 734
382 747
437 455
704 278
261 853
938 857
820 87
891 48
688 398
503 229
972 125
796 714
739 33
279 682
11 115
462 251
168 129
644 268
627 797
962 774
398 919
2 488
574 649
834 485
841 661
21 51
604 816
880 119
928 956
322 987
678 145
57 67
955 51
932 895
954 227
19 377
899 427
291 16
386 215
723 453
132 681
608 918
944 721
734 989
613 780
970 186
690 207
562 578
200 145
386 324
687 426
603 642
333 840
66 278
955 168
215 983
863 93
719 961
10 803
165 889
373 381
350 944
736 40
227 993
145 955
89 698
9 286
101 447
759 954
38 824
854 265
429 767
587 250
599 903
754 720
830 174
388 363
503 420
111 925
568 101
1 385
862 964
118 485
834 490
218 152
309 811
595 173
80 249
718 929
345 391
370 349
134 824
549 333
603 281
698 262
956 489
25 645
893 759
617 495
776 767
394 768
762 579
743 860
955 582
630 187
297 53
345 585
22 366
816 722
552 462
942 979
530 488
386 684
842 543
585 378
791 532
326 588
11 226
230 633
181 636
17 455
303 519
187 58
455 253
750 263
226 801
258 963
543 921
655 283
518 225
972 280
342 848
280 378
868 267
493 141
128 159
801 953
630 758
69 985
102 634
97 995
986 186
497 444
957 735
178 673
2 898
971 84
318 109
959 314
653 742
345 326
285 851
955 26
16 227
693 205
103 645
944 510
676 742
260 53
886 299
472 746
483 426
496 888
57 87
480 413
67 706
421 884
19 308
157 192
525 641
885 276
164 303
383 67
108 41
458 896
972 289
217 979
279 912
279 574
645 355
869 769
650 598
664 721
367 339
67 684
7 999
912 857
285 996
447 753
431 763
227 73
330 21
345 617
17 777
315 361
831 898
756 378
634 83
497 502
291 43
229 677
183 533
967 996
394 972
13 31
449 473
275 380
360 673
923 524
117 769
972 707
380 102
622 347
335 874
586 571
18 696
899 112
588 511
605 469
2 320
697 14
184 462
799 885
353 650
284 209
413 366
316 603
392 568
44 216
822 658
584 981
314 485
797 146
165 323
16 527
124 852
249 535
472 16
866 725
169 943
15 278
932 15
302 646
824 173
684 230
507 61
529 913
87 24
123 627
770 605
868 538
754 995
439 423
323 824
599 336
287 175
488 787
286 489
643 934
127 558
691 638
498 207
49 244
679 928
821 88
527 653
760 940
924 224
117 745
533 182
575 900
0 474
596 664
654 266
444 469
537 461
104 982
841 67
194 537
186 165
53 131
169 485
812 826
155 265
139 245
831 806
176 120
708 6
979 468
505 142
693 434
583 912
999 336
755 492
158 883
280 685
32 871
34 350
356 92
786 130
946 916
170 227
524 707
56 114
437 888
674 533
277 203
380 402
806 393
700 152
916 131
513 257
583 253
320 806
930 744
518 858
923 948
737 775
223 770
53 137
173 921
319 909
949 868
144 584
77 495
318 815
655 22
717 141
576 128
776 251
493 263
458 479
849 580
465 759
639 111
227 838
176 595
887 165
299 618
496 978
603 142
904 910
984 506
961 686
824 263
468 732
473 12
900 187
953 894
804 849
970 607
233 819
934 306
170 390
419 532
414 435
279 77
979 354
843 195
54 34
313 805
518 372
326 544
472 112
774 60
677 334
121 442
864 573
342 139
603 717
52 280
735 348
146 695
74 921
8 224
957 78
308 72
600 536
47 624
351 690
297 352
190 743
229 995
197 662
580 473
917 60
324 435
271 223
83 922
425 162
346 44
454 45
49 595
702 464
231 408
169 207
473 182
46 514
369 473
536 649
182 352
152 46
386 41
915 66
723 412
360 830
276 122
130 437
601 714
664 147
204 23
696 558
796 660
33 438
377 142
255 891
824 646
331 280
66 799
654 939
711 666
278 329
511 685
293 159
938 518
639 231
30 534
859 834
203 128
843 182
624 935
235 132
314 727
28 821
666 87
571 84
2 650
521 381
550 459
549 429
721 185
761 683
392 732
909 361
363 205
969 67
506 206
521 195
474 988
113 679
127 185
406 20
86 25
162 918
684 167
72 165
913 610
494 171
54 191
959 492
293 989
646 9
35 189
946 411
800 433
378 300
69 150
48 158
691 716
194 114
576 507
482 931
158 276
756 846
543 944
54 474
717 391
259 631
38 816
570 790
556 168
194 886
917 831
821 924
667 307
480 579
573 465
144 791
328 471
865 440
871 187
161 782
836 974
352 346
259 805
338 394
209 588
803 658
545 730
389 469
177 530
903 125
33 738
254 664
856 37
104 321
616 436
279 178
47 275
515 340
933 871
694 370
28 506
335 874
740 607
436 695
586 165
694 792
56 844
413 344
487 637
440 431
58 660
573 149
566 342
657 662
697 185
858 800
631 218
488 160
959 235
629 993
90 548
171 851
629 164
38 544
473 3
851 138
292 808
308 419
992 532
156 744
781 99
240 604
302 390
636 33
254 835
350 123
357 64
966 626
534 682
695 884
678 475
458 931
682 821
36 886
861 703
208 808
958 827
840 89
438 917
373 72
845 907
358 405
497 536
564 978
493 269
286 150
380 990
475 729
149 461
202 54
548 265
569 601
70 996
895 877
195 94
622 393
679 718
820 904
487 86
371 985
923 66
700 919
495 537
26 4
95 835
25 741
983 343
269 370
858 45
227 719
77 735
821 386
252 850
61 5
660 821
923 546
407 819
924 705
885 318
488 526
155 610
395 320
339 289
39 247
562 631
810 163
895 847
511 947
805 122
860 12
804 761
690 630
724 438
980 571
416 112
95 56
88 771
88 740
340 495
461 21
985 796
279 314
439 392
867 680
811 745
745 579
344 674
656 750
576 309
814 200
701 420
226 856
927 628
207 5
778 519
40 286
364 777
817 233
633 439
585 192
309 952
918 21
968 593
385 960
170 621
473 528
546 650
907 974
286 853
574 813
606 106
342 580
618 451
34 268
989 106
545 497
598 192
989 786
202 13
743 808
198 16
291 121
22 918
602 964
462 603
816 686
761 598
237 687
698 11
752 384
94 745
847 523
581 967
868 592
211 797
765 698
387 579
23 299
316 836
967 712
338 451
854 809
418 343
407 591
651 36
289 750
365 877
570 21
344 91
767 797
184 671
225 188
108 362
989 290
454 417
42 85
850 375
960 513
335 669
146 117
393 460
184 984
514 100
382 662
414 383
459 204
964 28
166 871
692 641
176 739
428 3
759 250
547 155
462 555
374 873
718 537
194 92
174 349
481 530
562 883
370 775
474 185
846 562
87 636
688 488
444 368
524 777
99 642
931 807
244 287
600 499
871 22
948 565
977 417
490 815
843 264
255 27
250 42
445 576
104 843
180 954
309 221
725 607
12 979
864 382
877 388
940 77
0 54
58 588
492 170
953 50
277 875
61 610
508 876
66 459
133 893
63 406
444 515
105 204
632 153
506 317
788 453
542 472
494 592
940 987
848 999
629 212
313 931
583 335
778 770
316 486
171 802
319 429
909 81
898 62
973 384
578 384
366 253
866 898
625 330
283 674
177 71
933 955
403 900
745 347
179 149
171 128
417 140
996 767
278 904
945 208
971 540
972 881
361 133
101 160
323 267
229 924
249 161
539 416
818 643
916 48
136 122
724 51
300 888
791 617
366 178
801 834
548 294
53 398
251 554
623 241
110 841
990 991
943 574
39 618
895 262
428 476
153 857
586 25
864 492
55 43
586 798
907 251
723 756
907 556
953 766
674 120
544 799
461 636
732 434
227 1
25 32
521 818
774 182
849 395
940 42
939 597
411 991
869 847
83 730
432 454
438 684
905 293
963 534
12 505
859 387
232 903
710 156
289 458
404 202
945 506
284 427
36 249
504 687
108 776
496 453
502 97
590 427
551 50
265 361
471 300
881 72
168 281
497 876
945 937
331 601
24 177
219 267
75 365
287 868
806 666
961 477
834 81
618 74
232 324
499 324
177 601
498 591
290 66
874 11
775 66
171 611
442 307
924 125
615 224
172 555
640 203
566 873
544 267
395 914
102 58
837 768
349 362
157 351
840 930
151 436
176 146
747 288
751 562
148 293
648 759
165 843
690 54
46 886
1 673
619 951
860 568
754 181
268 67
409 919
23 9
126 448
499 265
49 825
322 30
198 551
253 799
516 903
683 983
392 131
722 562
788 898
553 883
533 833
403 821
596 212
966 911
383 265
144 679
970 317
910 601
954 109
277 972
681 339
756 488
169 617
738 159
113 686
394 395
323 674
315 155
961 671
774 627
485 988
334 448
627 402
245 381
922 360
123 599
375 376
604 810
892 494
405 172
722 303
892 119
850 880
172 761
194 974
890 756
793 156
902 24
726 172
570 490
465 187
879 791
408 601
260 579
389 111
356 830
643 686
832 916
860 869
400 967
461 209
472 618
19 984
620 511
6 915
159 46
214 512
808 300
406 894
283 628
365 631
589 458
952 632
301 633
786 159
601 796
792 630
881 838
212 973
629 940
295 710
526 975
142 165
140 137
851 518
829 739
968 577
637 170
197 870
483 879
104 763
887 312
725 527
281 422
320 560
446 807
5 828
776 90
580 413
900 743
262 128
324 686
521 881
294 938
718 40
754 970
283 576
460 557
244 235
10 208
121 44
630 649
932 380
578 877
909 412
553 437
748 261
444 487
68 663
916 286
692 693
640 139
375 268
376 572
252 645
478 908
928 433
184 48
30 369
367 147
622 944
827 898
71 309
674 820
510 398
386 520
221 353
570 505
804 406
993 682
813 836
27 617
560 251
294 780
903 200
115 185
232 825
362 115
790 424
142 553
327 210
704 236
495 33
830 480
990 786
384 924
928 464
286 681
656 599
621 4
820 207
473 804
568 698
139 469
439 913
50 980
818 907
719 115
152 715
251 857
900 981
694 652
151 762
685 669
465 782
927 827
92 689
310 66
167 46
470 860
482 767
806 440
906 493
409 423
484 0
285 108
832 483
917 557
781 746
68 958
548 984
382 913
769 535
223 768
193 60
932 105
125 154
245 791
341 416
631 400
110 520
142 976
85 210
235 780
849 579
694 192
995 541
799 929
941 545
126 315
788 702
91 449
592 954
906 831
368 310
480 288
780 10
481 81
84 147
430 481
734 608
89 825
713 504
468 447
680 805
841 406
178 690
273 388
981 187
50 314
436 749
236 772
557 432
206 557
980 661
848 793
24 521
873 614
851 681
264 123
541 125
745 842
29 984
121 616
599 313
43 37
212 814
280 153
723 479
570 596
765 393
864 794
732 194
315 899
708 471
900 947
964 947
454 864
510 251
82 444
140 881
602 418
894 446
951 18
121 543
657 445
823 891
297 394
707 692
859 733
766 761
13 960
852 109
566 746
465 939
522 928
723 942
281 815
532 831
542 207
94 287
289 401
721 727
523 951
386 646
159 957
560 304
292 576
43 3
839 75
396 68
608 910
498 700
905 917
4 228
600 686
954 848
197 727
352 69
969 38
212 265
719 909
112 226
441 563
45 369
21 535
954 139
131 641
472 151
941 472
75 8
390 953
183 685
172 758
905 968
88 25
37 538
586 796
497 559
736 604
996 481
507 169
238 86
529 6
350 848
268 332
260 627
768 615
998 428
203 218
47 72
383 471
419 955
617 793
974 130
187 251
441 420
773 405
239 547
194 538
307 367
288 766
678 280
992 138
343 597
710 192
918 854
830 948
512 249
271 336
799 38
904 147
510 117
490 297
178 167
386 565
159 164
361 110
876 929
535 958
817 116
743 704
543 882
237 43
10 507
846 228
780 21
863 447
332 824
260 176
70 183
777 670
999 374
54 255
98 759
33 771
676 451
703 694
370 292
506 677
341 336
192 37
89 224
100 528
513 954
608 273
293 742
550 221
19 592
817 911
132 374
508 900
405 191
769 623
507 317
967 811
493 946
654 229
764 715
716 447
17 809
396 3
41 579
355 409
630 824
848 494
316 966
903 302
508 209
898 957
31 538
845 445
388 256
623 257
117 248
110 13
869 101
776 889
184 308
501 567
608 469
880 260
738 457
407 360
744 592
828 899
844 949
388 662
761 915
554 272
665 98
531 929
544 931
301 661
609 458
620 992
737 332
478 113
792 381
579 603
208 244
921 637
112 576
272 112
57 225
868 884
740 875
399 325
889 738
213 430
979 961
263 686
816 433
195 916
513 621
742 535
875 572
156 675
225 963
630 970
782 177
98 656
766 445
657 23
144 723
575 479
680 641
926 363
477 863
920 180
466 746
253 105
473 909
29 433
822 677
336 956
415 843
900 954
569 815
167 961
446 375
559 543
671 776
809 455
647 639
638 979
654 889
156 467
749 902
978 791
376 835
743 893
391 41
383 374
423 695
430 715
893 283
52 768
435 80
281 64
788 369
780 75
711 10
309 326
949 984
475 576
319 229
590 929
736 385
952 2
601 14
758 180
430 111
740 180
123 5
455 526
865 347
665 399
39 501
919 64
716 616
161 8
983 964
418 560
479 68
393 275
712 65
435 919
929 649
287 620
857 187
976 332
951 154
200 779
664 425
383 273
308 798
26 605
419 394
13 535
436 867
418 993
345 332
838 658
212 956
848 386
566 868
387 19
337 239
231 165
714 692
273 527
477 843
63 27
894 710
600 95
119 201
640 177
329 402
145 257
163 259
835 517
647 814
329 774
82 644
128 859
739 977
110 40
760 785
919 898
345 699
438 151
819 649
967 228
593 837
308 364
269 620
467 411
911 352
335 687
417 957
854 375
532 462
711 506
568 656
845 272
586 720
58 484
3 840
781 477
314 371
655 514
62 850
458 100
766 258
306 352
958 683
449 806
373 839
701 378
893 636
865 122
576 587
284 410
946 544
0 75
871 428
267 886
456 961
926 8
235 343
115 0
580 872
176 664
298 303
403 722
169 647
211 623
922 339
654 418
332 893
44 351
497 725
965 850
958 761
35 927
529 19
547 602
891 249
951 271
841 263
566 940
548 582
904 38
71 647
738 176
339 513
697 699
169 509
442 969
545 488
780 859
319 440
940 493
866 102
626 216
155 623
789 185
602 651
0 949
258 206
926 430
919 726
470 59
406 463
995 741
216 562
62 934
900 324
253 837
355 783
84 674
820 644
435 4
470 780
18 639
315 292
264 85
490 21
684 29
677 457
771 20
138 78
21 636
790 750
501 781
106 511
707 619
65 802
68 609
600 759
970 314
82 591
889 818
558 109
639 508
83 40
450 794
165 328
927 594
58 977
734 240
63 376
483 821
428 911
768 561
545 978
888 783
340 104
139 399
39 765
319 342
346 98
59 213
16 486
445 415
211 389
678 514
225 115
55 119
410 897
696 487
479 677
239 454
956 897
732 165
361 711
279 324
85 408
235 557
178 122
453 38
752 180
37 763
584 211
125 694
794 756
796 610
622 80
374 235
482 83
576 532
581 589
400 982
917 35
333 605
314 703
437 650
42 3
661 24
849 718
101 787
868 615
797 600
693 899
894 564
502 429
227 992
703 516
864 257
496 925
341 264
704 659
461 998
646 260
892 207
463 296
208 592
245 505
18 82
871 440
485 635
110 132
918 926
654 662
438 486
933 903
560 481
495 692
773 254
985 310
394 44
128 940
528 234
340 620
371 972
797 268
332 527
816 673
18 182
159 119
492 816
393 301
489 6
289 887
519 51
208 302
385 537
509 189
650 561
309 953
227 333
32 688
180 995
651 811
518 384
286 603
35 638
511 523
945 453
957 215
257 412
932 913
633 816
591 654
754 279
400 473
256 920
954 976
648 850
18 164
849 838
520 109
582 352
885 123
371 292
3 72
852 982
17 300
597 114
65 698
203 590
801 874
160 761
381 720
178 64
67 414
658 290
532 795
444 946
507 355
263 496
794 994
736 328
988 910
664 876
707 665
929 304
783 114
442 706
870 782
862 892
101 230
826 231
921 261
837 861
85 795
0 390
342 934
812 785
344 602
836 123
289 114
105 721
349 33
809 824
501 369
829 996
851 493
996 151
370 39
171 141
355 867
71 318
158 146
847 119
53 797
277 937
726 699
860 949
708 244
385 761
996 404
477 821
639 56
92 430
757 366
601 8
524 384
81 757
53 501
626 883
904 379
873 891
305 922
714 668
521 115
357 89
869 532
398 786
327 933
161 118
770 277
936 791
327 339
887 485
21 58
84 350
535 487
417 738
314 484
672 733
292 919
895 602
36 616
484 126
196 238
144 662
648 195
775 257
298 132
605 382
583 576
205 662
732 129
601 712
0 589
446 222
98 840
969 613
155 254
163 352
388 346
770 740
847 242
750 342
707 979
468 480
999 778
159 809
135 710
961 507
396 155
160 620
426 556
425 553
407 241
830 628
477 719
79 739
717 376
37 978
738 42
113 430
15 369
27 440
230 835
398 799
143 919
466 349
249 116
660 40
526 215
840 663
280 763
232 861
369 519
113 959
841 43
706 873
827 294
942 717
644 749
744 677
920 62
277 343
294 72
30 81
38 825
313 559
880 895
886 446
379 506
851 904
391 926
414 717
684 716
339 937
586 804
491 580
308 664
411 664
865 573
381 624
273 166
255 459
526 517
437 20
467 918
497 453
885 715
97 739
988 204
650 679
854 929
430 782
57 914
145 798
953 72
26 42
159 459
651 30
431 37
241 944
8 429
899 897
643 942
914 635
905 238
904 449
734 843
440 859
793 8
44 128
999 161
856 525
549 128
388 449
944 820
687 937
124 916
889 351
350 867
517 217
75 183
257 899
72 311
345 418
881 328
272 122
701 739
191 763
726 300
425 891
456 676
204 329
644 468
659 564
730 929
972 255
51 293
983 296
331 419
539 985
498 906
728 385
414 574
171 933
72 294
128 548
155 154
659 472
94 426
489 711
970 744
831 618
168 419
857 382
683 58
330 348
235 237
842 602
66 552
338 120
315 533
446 532
523 253
763 744
405 361
276 92
681 155
798 163
92 583
135 852
411 5
781 309
1 529
975 741
88 59
232 77
353 563
633 353
182 86
824 732
690 21
951 999
475 655
837 429
865 316
747 390
22 252
319 178
287 202
476 994
351 579
306 538
335 462
458 119
706 28
474 874
664 943
893 538
248 961
275 25
133 205
966 929
793 200
784 80
970 680
261 117
585 257
652 827
129 119
416 268
968 425
867 551
973 840
184 766
605 481
43 506
516 978
811 165
272 983
191 342
175 395
470 194
646 257
682 407
875 164
758 570
90 286
864 171
711 508
227 655
