500
242 56
143 251
93 218
25 365
2 400
462 17
203 240
227 252
413 251
124 219
449 475
103 177
242 380
278 443
81 334
390 8
343 445
390 472
250 66
9 89
107 179
407 294
360 174
127 193
106 284
255 24
327 437
399 91
40 101
220 121
415 10
165 118
485 222
321 449
387 462
217 359
296 366
17 134
247 23
105 472
256 302
202 430
399 417
70 475
94 70
475 488
25 89
40 337
410 168
254 250
217 366
473 315
138 80
289 196
324 436
448 16
211 119
47 421
437 41
372 195
317 95
231 50
20 146
12 16
206 75
29 366
279 261
443 442
438 1
477 393
246 264
150 58
28 215
403 65
318 448
424 432
95 401
265 335
72 260
92 224
189 18
214 254
112 480
72 376
464 426
437 270
90 401
417 270
387 284
263 369
129 81
488 136
101 111
150 353
32 268
283 478
240 310
265 188
160 288
303 234
368 283
164 123
415 126
362 385
20 179
76 345
365 212
23 475
34 136
10 18
429 430
394 485
326 338
181 67
212 93
476 381
209 305
184 94
428 153
92 233
167 27
303 164
476 366
495 163
262 14
226 429
48 163
234 264
491 258
349 279
230 297
275 469
190 427
479 351
409 221
468 275
28 136
470 118
181 133
274 344
329 334
106 407
475 193
270 482
107 432
36 219
47 441
452 391
364 418
314 463
9 207
50 78
106 323
196 237
487 277
409 377
466 1
230 241
65 137
284 328
58 132
270 289
358 135
414 488
35 196
473 29
177 222
171 404
149 174
303 51
335 462
328 11
422 4
19 157
327 89
436 192
195 346
229 342
321 55
316 184
157 112
125 136
179 415
433 1
179 33
236 103
300 328
181 431
208 145
49 309
218 172
433 84
279 398
19 274
440 303
487 197
438 146
191 59
461 84
360 410
163 194
42 41
370 444
168 255
83 155
434 315
39 434
232 179
257 382
30 216
156 52
230 196
291 298
385 427
440 397
473 367
375 305
204 420
73 282
201 142
5 189
124 113
214 185
348 248
388 36
195 435
312 155
152 130
220 336
498 31
32 280
294 353
160 96
8 257
168 406
59 28
365 84
323 290
246 108
92 41
343 236
324 406
488 85
380 260
440 330
228 104
268 365
301 481
454 266
240 414
370 264
9 193
494 165
486 159
201 451
127 58
310 57
20 80
75 293
81 319
129 403
33 127
19 385
456 325
325 25
203 240
112 470
106 23
284 132
392 299
35 160
168 288
486 20
150 29
476 453
63 340
436 103
133 12
307 211
486 331
219 20
299 119
12 422
329 48
362 384
278 82
325 316
284 319
250 282
73 110
43 435
389 111
250 480
8 356
139 30
400 366
495 112
89 237
187 35
126 239
436 118
351 48
221 96
56 138
363 152
135 335
345 341
466 480
349 447
80 487
343 437
491 237
442 388
165 418
64 277
437 491
220 194
367 91
172 396
257 24
460 183
271 167
497 155
470 6
305 137
368 310
65 373
410 271
238 344
384 36
119 346
38 217
87 229
192 304
360 226
353 266
14 304
285 38
274 256
394 478
115 49
379 498
221 302
183 16
172 416
83 281
30 1
36 72
421 51
384 399
56 163
16 273
389 197
8 469
50 494
278 289
167 325
388 386
37 131
394 325
319 143
310 350
26 69
463 185
302 332
334 320
204 71
408 220
303 347
398 163
420 48
153 76
1 81
221 130
312 188
294 370
325 395
382 25
37 361
386 421
212 290
99 439
201 256
35 198
206 353
105 20
404 499
65 120
374 86
25 473
339 132
449 482
149 174
302 348
499 127
266 151
319 423
437 388
314 103
125 11
265 141
3 402
146 303
358 308
1 4
363 30
402 170
198 437
103 137
471 212
129 325
421 28
205 56
269 391
138 184
208 344
59 437
68 285
18 64
358 443
135 458
195 107
343 393
496 223
453 271
145 317
181 173
16 453
451 149
281 247
160 11
6 413
427 82
247 343
263 459
253 325
34 186
235 30
354 18
315 410
282 354
75 327
459 157
242 312
5 231
423 346
280 337
429 43
80 21
375 74
293 276
410 371
302 389
8 365
119 202
387 297
14 294
107 200
196 297
83 346
110 321
382 325
187 396
240 422
365 32
48 253
130 242
15 100
449 109
159 126
71 396
84 350
117 243
280 388
393 20
72 499
364 268
445 268
91 215
398 212
6 384
221 254
423 146
474 345
290 281
295 25
78 98
239 287
356 283
433 475
45 102
201 14
152 117
371 76
380 18
160 425
28 172
332 493
78 466
98 77
82 193
263 107
408 125
360 43
8 340
202 69
327 298
9 186
449 473
241 262
441 37
258 412
441 23
249 321
155 157
109 435
494 331
141 349
320 266
46 78
425 164
167 404
164 415
285 213
466 289
284 407
319 135
368 153
478 431
248 483
343 227
339 216
157 72
259 471
365 306
3 134
418 8
96 216
104 288
63 85
52 315
461 457
87 72
296 229
194 117
295 156
148 317
39 58
19 286
118 330
39 181
337 296
65 468
336 491
274 446
151 18
42 9
397 3
113 279
303 489
137 296
392 43
407 221
451 9
69 196
48 51
145 483
37 315
85 156
77 381
105 283
355 43
493 206
232 102
207 445
264 414
401 77
162 252
131 30
468 281
360 426
102 83
60 58
146 449
1 185
370 24
439 270
246 19
27 136
295 383
109 397
48 116
321 381
440 78
2 381
447 242
216 53
7 497
234 488
222 250
70 427
371 240
474 1
272 104
485 42
260 212
23 351
163 228
193 499
21 52
432 34
28 448
369 57
391 203
81 491
83 120
250 375
309 394
12 348
119 139
28 49
378 445
61 65
1 191
56 408
40 295
230 37
57 320
299 426
59 420
335 72
335 89
338 316
162 344
75 495
404 427
184 363
289 489
363 42
231 411
448 345
362 277
53 341
277 491
427 52
344 425
388 188
421 194
188 42
204 360
84 245
222 325
341 35
485 302
32 241
239 297
341 24
345 369
261 215
23 140
228 457
295 475
402 139
84 465
114 215
49 144
97 292
250 256
40 477
442 248
50 491
484 205
243 159
415 461
215 363
377 375
58 332
48 305
100 341
233 352
465 20
129 25
244 77
232 311
198 442
489 306
91 242
424 20
149 51
405 383
373 20
288 43
63 49
45 87
321 68
391 440
268 396
123 57
434 177
104 57
209 28
217 333
190 97
248 319
4 219
280 488
196 464
312 95
298 170
477 266
297 394
446 365
237 255
380 443
429 443
261 428
3 203
42 125
119 482
54 67
157 255
320 234
297 7
181 416
499 194
373 144
96 290
195 72
124 76
58 238
267 79
402 295
413 459
468 55
255 445
108 75
389 409
186 52
301 212
15 87
333 136
379 4
229 375
38 386
69 366
178 180
285 328
128 94
244 60
295 182
185 266
486 407
479 349
477 94
264 246
470 95
401 13
416 113
14 147
217 420
407 266
338 192
223 344
97 312
267 126
401 165
212 83
448 348
129 29
93 405
175 441
85 37
106 4
102 89
77 150
29 85
453 236
40 403
368 54
320 268
219 215
447 462
68 299
269 465
460 162
119 300
499 171
375 392
442 412
458 446
167 34
171 414
466 224
49 160
288 479
251 485
135 177
261 459
442 489
339 236
332 434
156 349
160 180
37 377
204 498
373 206
356 308
496 325
327 242
250 103
178 190
201 223
28 336
456 202
115 182
466 331
350 372
24 23
305 331
222 1
332 249
466 153
23 161
24 460
97 400
165 317
258 434
320 452
421 218
439 281
475 158
94 85
81 347
429 386
442 402
399 120
472 178
288 499
394 69
193 459
329 172
345 164
2 151
155 300
81 69
246 327
202 143
111 376
353 276
282 63
218 145
5 110
4 302
93 234
325 484
470 429
45 380
380 259
197 102
354 261
319 129
498 226
25 282
442 169
26 246
343 218
186 352
204 247
219 357
320 375
356 23
180 491
43 49
149 78
342 414
439 149
1 162
24 420
393 210
294 440
376 25
146 2
431 314
3 6
94 236
220 10
67 455
120 348
309 130
490 249
293 206
83 366
439 318
76 267
74 297
359 370
450 130
385 293
286 108
44 142
431 435
487 301
160 142
144 289
254 382
276 184
194 61
200 446
440 219
55 266
355 450
35 483
386 125
199 487
271 8
362 364
415 480
98 357
323 393
493 169
382 319
248 16
40 289
71 313
232 239
441 112
61 107
421 162
276 108
83 22
113 16
436 33
474 253
398 2
161 31
228 173
201 28
74 98
408 77
427 46
273 240
154 269
93 237
429 378
405 336
281 67
495 327
161 424
315 60
164 167
42 466
167 83
349 8
16 497
106 165
100 236
207 138
225 429
404 5
450 198
157 55
186 40
362 319
413 367
102 55
266 423
51 10
127 90
464 35
88 365
98 390
499 187
161 171
271 427
136 231
287 116
130 388
44 438
159 139
350 30
462 158
10 447
334 10
397 163
317 404
134 323
72 54
15 265
269 228
58 210
271 444
452 297
144 255
104 286
69 279
310 2
200 281
13 205
391 198
0 253
428 289
294 397
250 194
226 283
56 228
87 319
337 319
0 89
84 492
432 4
498 379
220 216
269 328
76 490
95 361
464 226
470 168
135 226
418 369
328 120
9 181
4 491
30 106
303 410
182 452
4 272
212 341
458 187
133 184
31 108
379 56
280 306
160 499
492 202
272 174
353 141
215 295
384 202
153 114
221 383
241 7
403 67
267 230
366 346
315 493
236 351
378 478
174 318
331 40
362 335
404 297
419 335
395 138
158 19
14 182
155 313
204 116
227 397
6 499
198 194
367 330
407 349
238 81
176 47
463 87
136 255
149 208
114 5
422 361
20 162
194 62
210 1
493 375
479 281
144 165
418 72
43 491
142 255
220 241
253 292
68 409
240 93
296 227
291 194
69 410
216 287
221 273
363 105
248 238
127 204
113 139
468 78
147 364
342 58
116 307
127 376
446 134
456 44
236 271
204 347
35 474
488 447
462 379
459 109
248 17
437 250
280 89
136 461
391 270
336 193
496 328
448 69
383 350
172 131
242 175
424 214
274 92
127 215
251 470
473 283
351 349
62 278
236 321
353 246
344 163
426 59
340 271
134 280
90 208
406 367
194 146
434 144
120 487
196 337
490 498
354 12
183 344
408 465
365 290
239 458
153 388
333 188
289 468
425 229
118 349
301 274
412 360
153 310
198 289
205 59
288 147
120 410
488 148
8 467
161 106
44 72
275 190
481 241
79 113
250 103
28 309
102 400
237 305
453 456
402 357
339 107
188 413
465 40
402 123
299 168
432 8
298 89
336 370
438 364
464 260
150 469
162 405
13 127
326 170
39 428
379 9
135 214
270 64
388 352
468 377
1 36
471 459
288 214
54 53
338 9
304 306
66 152
128 168
119 330
233 223
1 344
144 161
276 30
356 38
422 330
239 327
95 134
314 155
187 48
204 9
67 294
160 482
249 351
33 135
7 123
331 355
106 182
309 444
282 20
156 76
346 23
156 37
24 383
276 321
471 407
440 342
146 66
435 287
132 127
75 267
289 251
196 385
310 311
99 82
461 381
288 405
38 292
201 279
495 285
179 189
209 74
243 142
154 139
92 398
445 294
445 91
69 205
126 432
488 265
140 177
329 491
298 77
181 344
364 306
397 122
28 197
310 92
352 19
83 397
141 329
306 381
337 468
483 301
151 496
378 96
358 496
154 131
67 181
88 160
228 181
427 29
61 133
359 301
151 496
372 275
128 243
433 121
185 305
433 416
208 262
339 82
367 30
419 256
327 21
24 394
172 58
409 441
53 344
118 338
194 319
292 467
369 388
88 231
42 7
473 279
358 58
382 495
62 488
236 494
144 224
292 362
155 216
158 348
355 234
499 95
307 158
161 311
27 104
186 320
89 279
310 111
85 252
464 32
343 301
411 434
181 281
483 364
309 385
188 399
362 232
55 259
63 38
153 194
442 458
332 276
91 100
76 17
75 465
427 225
63 279
281 405
243 38
109 326
346 310
95 327
191 109
143 410
100 200
148 116
413 298
298 305
308 389
216 152
392 7
170 222
176 328
200 454
458 136
81 44
305 47
473 415
9 114
459 491
63 19
96 163
62 465
216 171
276 127
34 153
114 24
358 76
387 248
406 480
140 289
430 31
169 177
189 279
403 430
84 137
415 140
357 28
159 452
397 233
388 312
316 451
121 64
483 142
19 260
234 436
416 495
338 34
105 355
16 165
43 180
433 377
131 459
372 282
248 356
43 41
313 142
118 304
207 2
166 233
272 376
239 289
252 401
76 62
465 248
356 311
189 125
436 310
260 437
416 319
223 335
6 487
242 350
468 284
498 146
79 224
365 164
371 334
266 236
304 346
195 305
44 250
273 148
184 147
403 259
493 405
425 45
264 30
145 285
67 39
268 333
1 130
443 83
372 418
25 281
48 491
303 422
119 3
179 230
401 246
61 479
328 274
226 127
486 195
489 256
470 272
87 317
335 96
192 217
441 412
306 107
214 164
66 302
160 341
32 419
296 267
365 296
54 475
194 323
207 241
282 397
399 490
188 239
23 219
187 439
282 152
226 15
352 421
75 370
391 495
399 478
499 267
151 480
25 108
336 256
16 345
65 399
351 87
485 459
282 298
89 225
198 458
469 198
384 321
467 154
324 403
241 379
336 466
499 340
392 94
472 172
55 29
248 101
114 144
181 437
366 438
354 289
214 482
462 23
361 180
414 257
174 33
381 465
327 279
411 101
273 337
64 468
169 438
487 498
307 161
245 473
72 368
436 286
373 189
342 79
497 304
489 380
412 440
38 243
82 141
212 114
59 254
400 242
486 154
373 374
372 446
63 260
68 26
112 435
103 385
64 211
48 155
374 351
150 58
240 427
311 262
285 179
384 250
454 92
267 44
400 455
458 25
432 409
480 210
193 96
497 197
357 142
365 318
285 344
276 76
332 401
71 207
291 217
136 216
41 339
358 38
179 149
259 19
238 174
438 465
374 282
308 401
469 464
360 330
58 403
129 183
259 425
401 76
241 194
446 461
386 381
130 254
82 134
321 117
98 136
141 229
265 54
180 46
409 408
106 382
185 129
124 303
56 414
129 3
322 241
13 386
283 257
386 102
491 17
136 263
374 62
395 74
196 158
183 192
138 387
297 169
273 148
20 144
9 438
463 93
285 33
128 258
203 91
414 266
93 100
147 416
449 0
412 485
39 113
81 235
7 446
112 89
68 350
146 313
414 242
412 30
32 405
343 260
231 410
469 107
185 450
266 393
33 498
318 226
157 480
320 400
414 182
332 488
244 358
484 41
242 361
306 356
380 371
18 279
87 373
414 386
71 224
310 304
499 48
276 11
124 56
310 259
221 187
53 8
229 247
395 35
466 167
98 379
466 318
2 333
484 179
492 205
283 0
345 67
54 118
421 105
32 441
397 302
256 455
124 251
147 339
109 334
202 80
261 107
284 486
25 239
127 465
299 187
76 180
405 280
215 424
116 105
209 397
187 147
3 335
487 171
362 364
31 284
416 152
87 287
492 321
0 11
107 319
143 43
132 255
179 433
479 309
122 193
319 208
441 222
401 321
80 366
15 395
426 98
124 84
317 430
33 52
92 277
214 217
297 464
400 322
324 241
399 344
255 493
97 82
181 201
379 494
237 94
419 407
140 213
472 104
361 171
241 191
271 246
293 283
289 324
4 283
312 69
485 80
73 140
340 77
247 360
265 52
305 102
278 98
138 89
148 269
374 420
382 249
253 340
66 478
149 387
274 479
115 46
88 74
284 355
17 298
267 497
440 171
194 114
36 25
259 179
161 28
330 314
364 352
192 451
399 464
431 46
149 473
243 67
287 54
317 404
279 334
225 211
126 467
319 260
1 117
1 271
221 64
48 481
319 392
440 457
170 36
305 442
263 82
211 498
319 318
482 471
164 108
112 285
462 275
89 165
451 405
239 379
257 63
25 257
217 370
267 366
441 320
310 342
289 56
309 440
319 330
165 433
54 98
364 495
262 326
156 361
101 435
90 495
145 497
307 206
298 418
371 413
276 169
391 307
4 415
247 435
453 64
365 46
413 458
349 279
465 102
364 487
494 171
380 60
17 167
147 250
66 159
431 434
458 227
73 272
445 189
396 354
249 481
258 195
269 461
337 278
223 142
127 200
397 435
297 178
360 192
203 176
409 429
367 149
43 368
473 247
124 391
493 160
332 81
360 129
483 139
305 53
357 368
202 195
428 6
187 325
49 401
385 499
498 89
337 86
465 185
255 343
403 359
18 363
483 90
264 108
87 397
379 491
328 23
16 473
470 225
189 13
303 449
236 54
462 147
479 8
423 396
275 57
83 194
367 385
425 462
256 323
81 473
68 268
328 374
340 464
53 418
428 394
242 24
299 455
113 271
194 368
326 111
424 51
378 218
27 451
50 447
381 486
235 83
60 305
58 315
357 325
113 237
283 65
103 425
198 44
450 155
159 232
435 283
186 152
450 238
147 194
436 165
456 40
497 194
27 264
148 342
134 460
43 391
265 393
146 177
51 175
210 205
117 256
141 214
3 410
178 112
491 197
371 385
60 380
404 140
48 78
481 344
444 53
220 286
391 180
123 496
475 333
484 71
15 6
162 250
402 206
416 53
449 70
156 328
20 412
37 263
483 149
34 65
68 284
238 322
266 267
303 127
63 152
333 133
398 303
79 90
217 44
414 299
345 296
36 334
19 278
185 452
91 304
30 428
46 417
68 445
48 266
174 366
346 316
51 356
23 173
106 176
130 177
338 267
32 241
411 253
265 419
374 379
263 354
154 344
297 211
132 354
413 206
187 359
129 363
422 40
131 366
134 445
463 342
404 473
245 98
105 33
24 469
370 286
181 88
175 363
111 302
266 245
68 353
307 94
322 459
356 30
182 48
88 446
257 293
133 484
406 332
5 293
231 436
495 129
373 495
485 191
307 476
230 270
34 30
404 13
481 124
386 51
480 87
428 179
439 282
380 254
303 295
155 359
118 332
21 93
2 303
143 266
101 438
279 74
267 464
8 102
272 261
434 53
446 41
122 493
74 373
17 194
239 39
421 184
45 419
255 481
438 413
155 309
82 301
208 461
222 154
79 30
239 402
161 356
190 386
222 96
260 93
280 340
334 224
11 296
428 73
486 322
103 6
123 404
123 302
16 54
148 88
181 121
347 413
229 165
32 34
420 411
20 465
339 462
143 216
23 452
166 399
355 389
241 212
429 187
49 21
440 38
397 197
466 155
305 444
451 168
359 433
113 298
135 360
137 151
314 212
399 396
261 240
229 90
194 158
112 283
373 317
69 8
94 450
359 431
66 82
82 223
315 157
255 268
169 133
256 65
138 487
193 290
153 440
272 137
164 276
351 162
491 440
126 218
182 237
80 218
0 205
323 66
260 335
244 170
388 89
266 492
488 494
241 213
177 125
414 302
224 32
419 78
54 133
362 432
485 275
376 257
184 116
449 47
173 191
429 226
484 48
349 315
248 71
148 347
185 433
82 288
330 310
149 234
256 469
389 163
440 197
221 390
341 31
268 137
299 338
109 29
229 309
134 132
497 37
25 188
73 86
369 56
334 356
322 86
359 193
341 473
166 394
330 144
460 387
64 277
177 158
451 494
22 487
198 449
350 113
185 67
192 473
223 476
153 228
453 99
417 210
82 238
16 277
172 435
35 92
181 244
395 488
68 8
157 485
252 129
27 142
470 253
259 20
393 432
53 89
233 174
48 19
63 184
484 80
258 326
259 249
482 324
193 459
222 211
366 255
189 491
269 403
359 329
14 213
146 91
251 442
419 332
102 458
313 126
249 499
16 447
426 132
304 360
438 478
207 173
137 264
46 91
128 466
358 294
115 376
485 264
218 447
269 271
63 17
186 490
425 257
146 39
121 304
102 120
41 265
76 372
355 337
129 251
35 111
341 203
336 279
33 353
356 141
67 484
314 97
469 6
264 487
166 291
406 86
448 485
458 482
473 106
496 193
92 486
0 353
176 337
325 48
112 100
303 310
162 244
347 455
183 355
302 328
2 469
137 50
266 96
39 237
44 53
298 423
301 0
399 252
38 74
184 354
70 264
422 121
174 218
369 360
157 92
167 306
46 410
228 39
406 108
160 38
230 126
151 274
367 309
433 464
302 25
336 239
227 443
349 372
453 297
384 467
87 331
200 337
172 5
53 314
19 229
327 203
76 83
329 81
402 276
49 198
308 470
401 492
5 226
178 309
97 69
373 286
73 342
93 180
194 313
63 280
116 357
421 295
374 77
61 253
467 18
438 32
371 317
85 463
123 67
406 218
280 85
279 447
84 282
93 220
357 424
243 104
62 54
173 132
200 227
41 95
395 486
41 478
406 362
264 379
174 355
37 478
87 305
255 180
449 83
438 22
13 191
38 30
235 156
319 329
88 289
299 478
234 94
30 424
146 81
444 69
274 497
234 120
42 330
415 117
290 499
175 109
297 216
270 358
148 465
444 9
113 399
262 388
390 496
92 27
365 398
402 114
8 308
376 79
189 168
189 440
330 338
21 125
164 247
333 457
236 455
35 280
261 48
330 462
350 322
413 171
291 166
317 50
207 212
228 436
187 37
41 156
0 340
448 83
275 363
50 483
393 11
348 430
85 71
316 93
269 265
266 483
161 479
361 26
318 38
225 223
452 459
355 14
146 292
307 467
0 135
84 317
73 330
7 4
463 315
476 201
455 70
261 444
336 125
317 119
284 320
395 326
357 325
269 285
320 21
344 169
172 412
428 471
385 216
407 125
350 191
371 107
139 286
226 97
61 275
351 464
401 153
305 310
11 229
279 31
308 131
76 445
251 18
337 319
483 375
96 97
33 75
182 349
196 439
127 425
409 87
346 7
297 182
66 456
180 38
417 128
143 84
1 445
421 435
317 158
416 211
96 347
219 1
325 453
440 89
12 172
180 273
270 380
80 469
330 351
363 7
225 492
420 448
353 25
191 4
281 382
2 87
214 254
169 16
64 169
449 372
12 63
76 97
142 389
281 331
184 409
489 346
307 237
212 70
375 6
241 299
181 389
212 270
352 287
389 154
295 3
432 342
24 148
378 188
351 326
358 331
486 397
298 481
5 296
329 311
84 17
294 82
343 200
326 256
127 301
474 242
19 30
198 350
108 151
292 277
142 147
325 214
446 453
67 252
27 497
322 359
389 131
75 215
61 270
406 226
4 404
258 245
375 65
389 35
209 385
477 485
216 453
232 187
353 235
326 30
126 27
157 253
335 298
224 196
399 298
