2000
1194 319
1542 1355
498 1103
486 1457
1863 1271
445 578
1139 462
1770 224
1970 1363
876 1797
1574 1393
1484 289
535 835
109 1483
116 1171
910 1853
362 1071
1808 108
847 30
55 1486
283 1746
302 429
834 1803
546 674
1045 1460
671 1639
425 1572
508 1901
1237 59
296 988
1028 25
1919 1924
309 273
970 1421
1473 123
559 734
191 1042
221 38
659 658
62 1978
518 67
368 1156
323 1671
1069 352
502 1540
1952 518
900 1825
401 1953
1191 1175
1766 1691
1154 892
24 1688
991 731
255 1262
1662 1238
1888 901
1011 1486
1552 160
941 197
1364 989
163 895
1756 973
1354 1027
66 1572
747 816
1770 1629
164 1877
468 858
476 1435
908 346
212 575
716 553
1704 1094
16 1273
151 1029
1470 1769
1276 1570
684 331
265 1093
229 956
1004 967
1012 868
1465 908
693 313
754 1523
1846 815
792 810
1938 692
573 957
1671 926
1418 1901
762 372
1454 484
817 1218
1163 476
1638 1842
779 1686
399 768
1536 181
870 1389
1768 511
1984 544
453 670
974 1003
377 295
1850 145
42 1350
646 1814
1734 86
213 276
28 1694
1199 838
42 952
1205 1870
878 1605
1587 1362
1285 1315
1597 881
746 1855
1325 964
806 1331
1973 1291
658 1281
769 1433
1875 167
1360 843
120 714
1341 1569
906 380
353 100
1499 904
685 180
371 1611
565 1615
280 495
1795 334
39 661
1595 585
757 270
1568 524
1289 959
1973 433
964 447
1826 633
1062 355
420 631
596 16
1131 1904
652 1214
467 1891
1333 615
741 925
1636 1632
1309 129
1749 1292
755 626
286 883
1398 189
437 1149
1666 1348
1039 47
1639 1470
1522 1407
1195 237
325 1557
1834 798
1550 1677
293 57
724 1144
1649 1731
545 1353
1198 1811
512 452
515 256
1371 656
536 53
894 1586
1642 1211
1766 1515
43 1366
1423 1420
909 1919
1141 523
409 551
400 1541
662 848
650 1076
703 216
1848 1814
1005 589
355 207
477 1969
657 868
1062 831
1440 1463
972 1341
223 538
1857 1192
653 196
353 1855
246 1618
427 1242
762 490
1659 365
1991 1948
1289 1290
107 644
1762 1332
343 1599
569 838
1236 260
359 58
397 1513
525 1067
1284 1804
711 1357
1591 1114
987 352
1548 1431
590 188
1106 1497
1867 229
1700 1549
1031 103
1964 1792
494 1780
244 468
1831 872
971 785
1335 1826
334 146
1259 1921
1079 133
386 1887
823 1646
1697 1344
244 1258
857 980
1887 359
541 352
1809 1065
1632 1059
1041 1966
31 741
225 544
1353 1087
956 183
349 1488
499 1329
1717 1486
241 798
1711 624
1434 873
797 1554
1337 1613
354 551
1055 1244
734 1868
1927 228
248 1891
478 1829
179 1115
1281 1131
1355 1612
833 83
717 216
1023 1476
164 125
248 844
748 278
1332 1573
1919 312
15 0
1586 1185
481 1536
654 322
809 298
1661 1447
493 153
1755 656
1507 297
273 40
1933 1485
591 136
1223 1673
1303 1874
480 169
191 766
128 1546
148 1778
1812 1906
51 483
1279 1650
1388 1782
541 761
1442 1275
276 1245
537 343
1395 1648
418 1818
1506 655
719 1177
558 1698
56 1152
1487 865
1675 364
268 1794
280 1630
1926 1221
1294 720
1994 684
786 1555
1290 475
1120 1436
1603 1596
513 143
1222 787
1663 1808
380 1036
1728 1495
1057 845
1987 889
972 453
1839 266
488 882
1108 276
1982 1906
130 856
874 1704
235 1499
1948 327
600 1125
1681 110
980 1913
992 1733
850 1808
300 1953
1293 1400
242 1527
966 1942
384 862
1527 692
542 1416
1855 182
1246 1587
835 281
1551 1779
1375 1283
1223 1594
1130 1482
1821 215
609 1989
81 1054
1064 609
801 1874
1203 401
1948 656
1525 943
1853 1407
1111 1591
694 1167
1407 1058
1267 342
1445 887
616 548
20 361
645 523
854 1068
152 969
1563 1920
1604 1927
840 1553
845 572
553 2
701 551
1033 1615
1589 906
912 1207
1190 951
85 923
1201 1326
748 1162
1578 9
898 1150
1960 1912
1032 500
628 1497
1293 1848
1911 981
1578 1746
1985 1173
730 506
646 759
1847 1036
208 1478
385 212
1730 518
1312 1659
795 1781
272 879
126 442
594 1168
806 1748
72 1001
841 1467
1624 118
414 1257
1883 1198
1341 677
750 1555
703 824
1718 1071
1241 837
1558 1304
1179 1237
1448 1874
1745 829
640 382
1604 1324
60 77
796 1193
1373 1513
1739 669
773 310
1814 125
1365 1526
1477 733
1977 802
856 1966
275 25
1226 839
513 1260
1972 992
629 1269
219 1591
581 267
608 1546
100 1216
1223 861
1325 1369
1360 1269
1943 1111
1860 869
90 1008
1221 52
1777 748
1361 375
1467 485
1910 62
1517 556
125 1672
486 1991
930 1620
202 224
1429 1643
1950 1467
357 1641
31 1852
1773 369
911 868
1457 1082
1607 525
506 199
1983 417
1523 83
1595 241
592 264
1383 884
1572 1853
870 1173
1409 1518
500 1276
294 1656
405 1644
747 1631
1986 1606
251 170
158 616
1899 1183
1050 47
178 1403
1786 1805
751 86
895 199
83 976
1727 634
1639 938
1439 814
775 1395
1857 835
1871 917
1129 348
747 455
984 1473
814 728
982 1385
1642 171
397 1271
1810 1119
892 625
1695 1943
535 1366
1647 400
279 833
311 784
1771 447
509 1197
88 677
47 1616
1030 1363
1536 884
418 454
611 1866
907 1811
1783 1018
182 1564
1809 576
710 37
940 1963
401 900
356 795
312 204
1607 1930
1667 573
1380 1931
323 971
1841 197
697 125
1347 1261
1443 1197
444 441
1164 1630
216 1737
1838 1493
711 3
1424 1672
1493 579
128 1273
804 1961
1570 1218
782 409
766 1840
1485 1499
700 1986
1609 1081
1895 251
953 216
1244 1438
412 275
200 535
69 1118
121 55
1317 1231
101 739
47 108
1612 1483
1013 1008
1079 134
1304 1778
473 1269
1741 1346
561 409
1956 720
1390 1304
585 1757
646 535
539 104
1518 1290
1988 1863
1267 1085
1926 539
743 1641
850 1000
1184 1743
1390 1785
406 171
991 705
1396 1994
788 1407
934 663
893 453
1424 575
547 674
839 1604
1611 94
1290 1092
226 1407
1427 938
1444 632
1086 1194
444 1447
1230 1922
100 1702
390 798
861 46
1819 1053
58 952
1623 1747
1748 1933
1487 52
1450 832
379 1742
478 1703
1685 377
1412 218
672 879
1781 375
329 958
1464 785
1656 1257
228 617
1798 1911
327 1565
1733 825
51 1005
194 1976
580 1065
1028 1928
592 1177
1157 1721
481 1080
1135 97
227 1035
1888 1362
642 573
10 1016
728 225
1861 525
651 565
376 235
320 579
1458 480
1670 1562
517 563
543 1694
1716 108
419 910
595 1625
1124 1144
115 1142
175 1615
1080 367
370 121
1453 1472
1322 1490
1723 1457
179 57
1384 1964
294 1424
1354 316
555 1478
665 1129
54 1958
1674 1285
238 829
1351 160
485 1321
1393 978
56 1278
1837 1116
1112 1550
818 210
1235 552
636 856
856 1629
210 834
652 1462
268 897
1947 1557
1618 664
1622 542
322 814
1687 309
1490 1845
1675 1681
63 1075
919 206
250 1619
374 1014
1405 133
1382 1387
1229 999
1592 1018
1284 461
1010 1956
1287 1286
456 1102
904 1946
1732 1895
987 435
1066 1216
986 1782
1899 1554
1886 28
1762 455
83 604
453 4
1841 1791
973 148
269 1091
600 1578
570 1084
1304 1834
339 1732
1739 419
204 1825
1873 35
1464 202
1166 1626
368 593
682 589
315 468
1426 1058
889 1641
1685 1012
243 6
1227 375
1693 31
1539 693
894 726
1613 1123
1985 715
1584 1491
498 944
608 532
841 1432
1111 763
7 123
1715 394
1159 182
298 1288
1592 646
1495 1709
941 1324
840 1949
237 1324
1379 1101
1100 528
923 74
1234 1326
160 1867
652 945
1217 1392
1696 1534
1236 1375
1038 590
970 81
1625 1360
1851 1374
1218 174
865 1382
596 587
1806 252
209 1656
279 857
798 94
1559 436
35 127
391 1366
355 205
214 1883
43 938
1138 1059
602 870
1865 773
1680 1695
1610 531
1683 1061
300 394
239 1848
854 1316
318 1496
118 818
1664 1058
1182 180
1695 622
182 855
938 1825
1726 472
1766 1767
15 1475
1646 1262
1788 190
1458 77
1214 814
1999 92
511 1197
1501 77
1805 227
1792 1525
1744 192
1996 292
1043 652
370 825
481 1149
643 1508
580 1681
1641 1420
130 649
1687 1316
1239 1163
475 992
48 807
1001 137
384 295
625 66
1076 1509
952 1629
849 1511
817 30
794 308
1346 1409
824 1945
1934 403
1036 1015
803 1981
879 1924
1686 440
997 205
1648 1853
1628 1898
375 503
1217 1656
1428 423
442 1053
895 18
1726 1678
233 1845
1921 660
1089 1332
653 1366
688 567
289 1915
699 729
1333 24
1392 620
1222 320
224 625
929 26
1452 693
1029 493
983 205
589 486
1949 1164
1317 13
1982 1774
542 1873
1744 1679
1785 1556
1732 609
949 1662
1 1053
1496 1563
1689 411
3 333
1596 1961
1461 1742
340 1924
1041 1032
1438 669
215 860
1356 549
1524 1950
655 1884
1685 67
505 1751
462 428
26 1758
1602 913
1723 1915
284 1113
597 1841
422 1423
561 1689
480 1614
1281 1509
1201 1078
1895 317
1996 162
210 1230
1330 707
631 1698
1074 1387
878 850
292 179
738 844
1239 230
1077 848
1319 699
1856 672
1888 711
119 1253
995 34
605 1141
1296 47
690 303
827 1621
855 103
828 1801
825 858
659 417
348 154
1313 488
1928 194
1864 1146
1796 1293
1403 609
1703 1117
10 1247
1 238
1655 1643
667 10
1885 340
1591 310
90 1886
1400 73
676 415
832 868
576 1949
146 255
1426 971
252 399
1714 1686
1483 1987
1665 245
1170 666
476 1568
1358 1328
810 831
99 1831
791 837
1978 1121
1048 221
934 328
324 1698
283 761
129 1203
770 1453
922 786
526 1130
1269 1255
1159 729
1431 516
1765 1077
1968 886
404 1752
977 117
903 1008
1627 1574
701 237
1436 986
1261 1431
793 658
601 1715
1219 921
1515 1402
1768 1110
1480 1618
1478 563
40 1791
1685 1843
613 1970
1932 25
1761 1881
475 1467
1716 1924
1123 734
927 1763
54 1321
216 167
632 1315
507 1763
1508 588
1073 540
609 372
68 284
1552 1175
1250 903
1732 1207
1644 272
1422 379
1119 590
673 1806
1684 597
582 1956
719 1218
1717 598
616 781
500 874
1370 1847
1190 1816
285 274
227 706
655 819
1389 1014
373 823
1328 446
1012 36
1479 1617
1000 763
1411 800
826 823
141 268
435 1080
1234 195
1033 685
1798 1672
1544 532
142 1789
1705 205
1560 1840
918 1252
708 549
1994 1370
1327 20
1500 105
3 495
185 622
1169 1498
982 828
1430 1721
590 414
1358 509
1108 94
1249 712
387 1147
554 1369
453 355
410 1073
451 1855
1072 41
1954 983
333 1204
1557 1358
1741 75
863 1837
187 921
1989 217
380 549
672 1902
1374 1268
224 1575
1900 589
459 425
473 113
1386 1459
405 1185
1945 1289
803 685
229 1493
1583 1222
1273 1036
111 1298
840 115
201 661
971 1867
812 30
1648 540
1466 736
505 458
112 542
312 6
903 416
443 1265
1538 493
455 1561
1816 146
1631 1028
815 1208
1759 95
272 67
1995 1607
1564 588
813 1837
976 1229
1503 959
212 1297
573 889
563 1801
328 1038
1090 1671
1517 559
345 1811
1282 445
897 995
619 765
599 268
18 1304
578 153
72 1014
1223 1487
141 203
1469 333
1160 1392
1899 1317
1589 1815
372 1430
1880 270
1133 391
1548 1052
349 356
1144 1718
728 1202
1903 155
251 1810
393 650
1485 1525
22 1895
351 1217
513 817
766 1291
1068 699
398 49
904 785
1269 541
928 1808
1026 1205
1914 922
101 1164
195 1418
1667 165
1323 1462
438 1750
350 1626
512 1699
1103 629
1363 353
856 1801
1220 418
1247 349
367 1295
32 518
836 804
1940 1611
943 315
989 1789
1585 385
400 329
103 68
1106 1378
1524 1997
1013 1966
378 1723
925 1187
1036 1546
375 791
8 1040
944 678
495 15
524 247
141 1527
698 385
1207 28
1616 1601
1863 1865
1719 643
342 1512
934 1699
1599 1131
624 631
1026 864
722 221
1212 1716
1293 183
1550 1657
1706 1117
1158 1034
1698 52
1059 1362
692 653
1025 258
669 160
1920 1524
1870 1331
649 643
1828 1366
1717 1879
1911 646
1652 1803
648 237
127 328
648 1294
1347 1614
514 288
910 834
949 1101
417 1009
1498 775
1893 1859
284 1425
1654 831
1684 1184
150 436
1693 859
1749 156
299 844
728 329
1017 1056
1614 37
1725 856
129 254
1929 771
1228 1091
1016 1175
660 691
533 389
1843 1738
1398 1678
1475 370
299 1187
1294 1053
1646 1546
1807 1631
1391 1675
822 425
1763 305
523 1065
1298 1473
1146 1626
346 65
562 572
210 1516
1215 502
1187 1109
1637 337
40 1498
1035 596
1074 1898
1192 344
1299 779
1437 18
347 432
71 864
1187 1045
256 1179
39 900
441 810
1472 589
627 551
297 39
704 765
1366 160
789 930
573 588
681 1926
1232 901
207 93
457 1417
1767 347
1156 1547
1594 1141
844 1252
1983 1324
1262 1431
1810 443
91 792
1443 1595
819 1487
1813 557
21 1086
1371 207
1052 1810
1102 1876
1635 1487
1454 565
1573 962
1635 612
415 1740
16 581
1917 698
1557 199
1804 471
1887 516
1525 1502
108 439
111 272
1241 1083
1611 375
110 1373
294 1586
39 1877
1438 1099
175 425
198 1362
1580 1908
305 1834
1915 350
1193 810
1213 94
1863 1171
713 1998
630 1476
928 1601
1377 1029
1144 1398
237 1937
193 358
761 1855
1065 779
1517 149
344 360
331 1220
1944 1628
1939 1348
808 198
1092 1659
1225 80
1324 1291
332 137
1193 563
921 802
1898 435
268 397
127 351
1745 1758
1136 1850
1336 1297
606 911
199 1976
887 1292
923 521
788 1610
1696 587
803 1328
1607 1723
114 561
1273 1581
673 1098
313 1958
97 1534
1243 281
1851 303
1998 1449
1838 358
1617 1603
569 601
1742 1123
54 285
1493 656
489 988
1081 1524
455 1191
1874 1371
1240 1506
1804 1780
1171 898
499 1598
958 83
1004 129
213 1025
1566 1196
1091 1172
1415 616
219 852
823 1506
1949 890
1400 658
461 616
437 1843
154 587
1438 838
996 1754
1089 1566
1269 366
291 745
1839 1745
1307 34
1760 529
1121 1423
1459 1061
301 618
526 1292
1777 663
696 1348
1789 230
297 641
458 1469
1529 1405
1502 967
944 339
1558 1161
482 151
1873 1087
1532 1263
1007 1843
172 260
1156 1113
1326 1488
399 1551
1286 1665
1878 248
38 1857
234 1271
845 210
1245 1007
131 119
1208 1077
1236 235
9 1071
550 151
491 186
484 1034
451 1733
1416 1954
1948 962
1712 567
1091 1912
969 1960
339 1425
1058 6
186 1042
1562 172
916 1603
1192 372
500 298
99 1703
330 1476
958 1366
858 318
220 1212
1772 229
1953 901
1713 1682
1990 1806
1837 780
714 146
889 1562
771 181
848 1881
1629 1271
290 1890
1383 1730
1535 1458
1709 1894
1929 886
622 860
1031 461
456 1071
393 261
590 1994
604 857
182 1422
327 1206
211 490
1746 1040
360 1944
1967 128
374 584
334 1368
1143 1007
745 1265
1144 532
1934 115
1100 1006
1300 702
852 1910
1638 1788
1629 1206
1538 1611
1425 23
401 1152
460 1342
1180 1499
556 130
1888 226
1810 841
1337 288
235 1482
1872 637
1046 1798
1201 127
588 932
1873 248
286 1288
701 1460
1442 231
1188 152
1041 1394
274 1623
1708 1098
1090 279
1441 685
1762 1411
299 1919
1214 1630
1832 1079
1255 1237
207 1215
875 141
1796 705
831 1482
768 1160
1989 903
452 1089
676 295
1694 14
99 1954
264 792
316 934
1145 1891
936 1057
1328 280
1790 69
1257 1869
773 1288
515 1314
1852 1015
408 314
1003 304
1091 214
630 885
1326 1003
643 953
1312 121
300 675
1551 1806
1928 1895
1757 1456
1924 1129
208 1036
1138 1912
858 1248
1144 1596
1463 1190
1351 409
1332 385
1181 424
816 1948
1098 907
1728 347
735 1756
1724 1035
1791 928
1794 837
350 927
898 502
1217 233
1622 421
274 1591
829 698
156 1163
1396 1012
1355 1300
251 463
1514 1029
1538 546
1246 1704
1814 220
1063 1967
425 1118
1872 468
1722 940
1103 156
1110 20
1802 910
1120 1780
1237 823
1753 432
1559 1860
727 581
761 196
863 1340
1172 1582
1152 478
864 1188
1049 1123
1621 1068
1465 1521
1399 64
1300 715
912 507
50 763
722 1149
712 597
1508 1321
566 1903
875 660
1793 1980
1127 853
1918 1912
939 442
116 106
1256 1334
173 2
1676 1543
1564 1048
404 895
207 1824
546 1938
1959 10
1680 46
1931 818
263 941
1543 685
1972 1976
182 1540
1956 176
145 1142
1814 1503
1609 707
134 1170
1175 1276
1645 1656
1713 1625
108 501
1452 561
1011 250
140 1292
1601 1175
1115 74
177 1171
1210 66
509 1784
1471 1212
1233 1537
438 457
945 424
735 637
0 1465
1653 370
1941 605
733 996
125 414
1906 955
1749 810
1263 1265
1260 1782
825 331
553 1324
1799 357
1682 752
1183 851
259 1706
1553 297
184 387
504 1502
1184 1638
1128 627
1101 1210
1418 147
1942 90
736 1497
1593 257
328 121
1085 974
1445 670
197 1483
1362 159
1562 1938
935 298
406 1088
1746 209
242 1539
398 100
562 1642
123 1688
1442 653
158 270
238 1567
1353 239
1945 715
1314 1858
454 846
1788 1637
608 517
593 1020
653 8
1753 1889
1696 1667
898 1062
547 1063
1725 590
1935 1569
615 1295
1847 704
1375 1045
1817 1671
1163 815
1692 367
1087 433
923 1802
740 753
950 261
775 1160
1782 562
1542 1471
246 1325
1593 1810
468 1502
93 1319
1673 1255
326 1157
1848 1520
39 1806
839 465
956 215
122 976
750 1083
1989 163
1096 546
7 1335
1973 822
884 345
254 28
811 119
1598 39
350 1352
1027 925
1395 1450
1434 341
888 542
1078 959
1709 988
1590 258
1166 312
1660 1452
1448 88
438 1259
1600 1348
965 1249
1658 487
1572 170
1962 351
1810 146
1708 262
1152 1311
299 352
275 982
1193 910
1100 1955
521 1726
1822 1699
1033 62
1232 1415
1414 166
297 990
342 1027
189 378
1857 843
1114 1719
117 1324
1271 1441
937 1495
1225 361
1831 1420
767 1359
1527 489
1593 825
333 1977
1512 1308
1203 1676
333 282
1122 559
1772 1594
1423 372
143 1461
1406 129
797 127
1721 136
533 1406
1701 1178
1939 1137
871 655
638 828
1734 1972
480 1386
615 755
356 1557
862 1392
1530 23
436 1397
1780 1782
64 1713
1183 193
859 823
1952 303
254 1720
1628 1784
911 1136
741 1112
1793 442
463 475
1829 1200
914 1925
1890 1341
21 1944
221 602
1394 1848
754 614
78 820
1238 539
946 1035
423 1934
112 1016
1547 453
862 1268
1884 1656
1936 288
1745 707
383 553
695 221
1053 1775
434 1992
594 1848
46 114
1329 980
1781 1597
1921 17
946 263
1388 185
1313 1716
570 709
615 1857
457 729
276 382
339 253
449 1394
1621 905
556 1880
996 1904
1085 516
1971 1692
19 866
549 766
550 118
978 222
1398 1283
295 571
1485 473
664 1072
377 1307
273 764
1190 862
1017 1534
1752 1810
407 1486
1202 1017
522 57
409 945
447 1483
1071 813
162 95
1935 1896
1334 504
1590 78
1381 285
1167 629
1668 1405
1138 8
125 781
1952 1788
1185 325
742 499
1833 1727
33 184
1012 1874
920 1746
156 1287
1404 1955
690 1029
1881 781
1895 651
1240 100
1000 1041
460 261
697 1804
1054 247
134 1020
1263 944
434 480
1776 1546
1595 268
359 698
903 1883
475 1762
1943 1883
1213 1221
19 1569
1399 164
684 1897
1719 843
906 415
211 801
355 1815
564 433
122 1865
1939 782
1225 664
758 283
1925 1330
971 374
1962 162
606 1847
1767 1972
1297 1990
363 1408
795 798
1862 1371
1191 389
1124 1552
1718 1273
1435 1589
1641 811
886 1261
1241 618
669 1943
749 719
1114 1573
866 1063
5 142
142 1983
724 1400
891 1681
657 1297
1486 664
1248 529
912 1759
181 993
1554 1533
1944 1639
298 978
505 146
989 34
1740 1870
1670 954
1507 1444
471 1687
1914 1013
1692 975
586 1743
128 1181
542 1326
977 597
1514 104
1528 1404
1644 1861
619 895
1809 772
1751 1868
33 1527
135 1036
304 1505
1696 579
1827 1574
474 1696
1040 184
577 690
1716 289
285 1873
674 1300
785 305
1460 1543
916 1398
1323 1011
548 1808
1295 1671
477 1650
261 99
1662 625
446 1742
1308 1535
1456 1471
1229 1611
250 91
1710 907
1283 1876
1055 1179
1669 725
923 492
1461 209
1319 1089
410 723
526 517
396 1670
1709 1668
519 76
678 125
1451 1839
498 110
227 1263
647 240
967 290
1912 233
1830 959
269 565
1022 452
1292 1784
489 1751
1825 1407
371 305
1734 1752
503 534
1421 1805
1067 1772
1411 1734
816 1847
1842 542
1806 1105
76 1025
479 544
1427 27
800 1838
1793 864
942 634
1809 883
282 469
1861 475
303 651
1122 1017
812 751
432 748
1639 1282
1874 615
595 758
1735 151
1583 1069
1470 1324
1978 1128
939 1320
812 1714
593 221
844 17
271 1202
1528 864
878 752
668 1370
1138 1823
1509 1667
1560 1485
1177 460
1291 1843
1791 910
973 471
995 717
613 1934
857 1519
1788 1059
122 766
552 61
168 808
1372 440
48 1786
101 1260
223 1788
1352 1334
915 1694
1285 982
1492 231
96 701
1984 1824
1839 89
618 567
1343 1095
17 558
1342 1118
357 1589
87 1737
936 1167
995 482
1187 1419
1075 1027
1067 1378
1407 1031
1748 368
785 1732
106 1573
1913 397
1209 174
242 1778
131 1420
1271 744
1046 175
466 389
1955 1738
192 635
736 1928
1958 1033
1580 1796
1446 1837
1084 1053
332 9
1654 65
1341 487
517 1483
870 1395
957 1293
472 1240
1244 653
1904 738
581 353
837 1909
1961 1098
1137 1782
1377 1606
1790 1202
1042 658
999 1969
1263 346
752 1946
1774 53
119 976
127 1280
839 1317
1142 806
1897 1577
1680 1516
404 1078
1415 670
270 1501
749 1655
1570 770
1740 1855
1238 836
869 1122
506 864
1761 708
1209 1319
1746 760
1961 1272
306 624
1247 1702
822 173
1424 1697
1068 1493
1339 713
1242 1129
1387 1668
781 1817
931 61
1107 671
830 473
1835 243
723 769
1189 215
1210 912
1250 1955
831 1971
1099 1990
1752 1110
790 43
661 1093
700 5
1375 1952
1786 262
1488 625
741 923
14 1858
1923 1145
201 1993
766 1928
644 833
1250 1977
1038 592
431 1575
70 309
198 1313
642 540
1690 1722
351 1895
1444 1034
431 1338
1801 1587
1916 137
1035 1638
1521 348
1268 1305
181 1178
18 867
1271 1883
1005 61
447 1156
1207 24
1150 1129
51 91
1345 285
1519 1840
1426 1179
92 330
1965 434
731 1114
1428 27
369 1412
1747 1126
174 43
495 1793
1596 552
1901 1821
853 1978
145 1354
1154 362
66 1188
59 36
491 1392
1204 1584
148 1273
508 1037
511 1058
1994 1056
1525 1074
699 1709
92 1147
1643 333
1511 1315
656 1473
41 638
175 1361
1770 93
1398 444
1602 1395
1662 1696
796 1991
782 945
1656 239
1307 1839
1543 1256
324 567
1130 1905
1930 1465
1270 16
1668 1978
428 291
391 1043
1044 809
712 540
73 281
1694 1883
1559 351
1780 1112
1149 328
189 1064
1874 328
1635 1293
1760 1015
1724 767
1416 1187
1338 352
1923 1410
1206 1173
1955 1084
1781 1111
1516 1672
336 962
1403 1517
916 1676
1407 1317
844 1994
985 1769
492 256
829 497
1020 34
1676 1512
805 897
171 126
643 1427
1388 853
1176 439
1051 1736
981 410
794 291
579 1749
640 1446
978 1055
1717 385
14 1830
864 923
417 1326
1235 676
1986 775
227 306
4 1096
1692 1627
1394 322
1450 908
1519 431
1249 618
483 1105
787 1709
1074 781
1884 1075
60 1980
882 409
84 1148
126 178
1549 906
1849 93
367 1182
1344 1669
450 291
815 1096
124 927
530 269
1080 1811
1379 1043
308 1159
1349 1025
1637 645
1500 1493
1321 1232
59 1803
1575 333
1763 1398
1420 104
1736 1376
383 866
538 765
967 150
1162 1463
1871 1199
263 235
1626 1596
487 923
1126 1087
1640 1330
196 1570
1797 144
1534 87
881 1009
1480 1252
1309 1088
1766 1905
1140 1040
1805 1424
1320 594
428 694
280 131
1215 540
1979 1511
905 11
138 494
1287 272
305 1398
1308 1817
138 950
1736 204
106 1082
559 99
453 815
810 418
1720 1049
1758 1304
897 985
1248 98
1738 310
63 312
12 587
1400 332
1277 1430
1931 247
1464 1238
1806 373
1624 17
851 118
1274 11
674 407
708 439
1069 1867
185 761
356 1292
1978 767
1841 304
1732 209
1374 1349
540 1423
914 1166
1760 1044
57 1883
262 1509
200 229
1468 1651
1875 1648
1306 1144
1390 115
1401 278
1167 41
657 320
11 1334
1037 288
31 1351
706 853
352 1849
579 1866
209 730
484 1609
1913 742
1531 1279
1040 1998
1334 498
1078 1220
160 445
196 1444
403 991
1162 1176
434 1017
419 1654
517 817
1219 973
664 1230
1866 1919
1369 1168
583 1150
428 1216
422 164
1784 14
161 1642
1092 1074
1892 795
1376 316
1458 572
1914 1959
1303 93
668 519
1759 366
1604 1323
341 1910
1887 445
1278 325
419 1458
1611 461
664 315
115 1887
843 670
8 1257
721 831
480 1281
1554 1327
723 1917
1369 1279
1842 1620
1664 189
764 1644
1711 206
998 653
48 262
1667 20
876 337
290 131
1743 381
1706 799
866 1441
1367 686
336 1432
737 163
700 1318
488 1008
15 1468
606 114
1019 1365
703 1458
46 1957
174 127
1656 1054
342 1409
961 204
1479 1377
1491 1314
705 1152
407 492
1079 1271
220 453
466 1388
1310 21
1599 765
1783 404
1364 1784
1579 727
49 348
77 422
346 360
1092 165
1137 1057
1520 1332
1416 1199
130 239
603 118
1964 1466
802 697
543 1028
1231 1089
806 1095
205 1127
1263 310
97 915
1140 93
1649 550
426 26
88 38
1386 1230
470 713
1200 1124
1627 1695
402 551
1136 337
496 573
1069 388
1218 2
80 655
1743 1882
1317 837
1577 1392
871 1742
980 1248
758 1809
1872 88
1441 217
440 886
280 858
622 1307
567 1356
998 1260
1016 1933
110 300
575 1164
809 1577
1030 1652
940 603
739 442
1366 111
406 1727
1143 474
216 790
1221 270
594 957
1651 1321
58 1093
1825 1385
1967 1797
352 1117
59 548
44 512
75 693
1797 1521
1417 283
1752 1107
137 674
5 1410
1623 1617
706 733
1117 1579
716 931
791 1767
270 1845
578 1047
25 831
1327 1805
1284 1777
1801 402
1521 1298
263 528
1942 1809
120 341
496 1370
169 1765
802 1686
1530 432
405 1476
1677 778
335 1007
625 1918
824 173
320 260
491 1720
511 1969
1473 373
1619 126
581 724
271 1895
1595 1411
341 230
1758 1447
1227 449
232 1745
658 1603
1568 916
1937 626
1506 1182
886 1968
186 351
1690 1886
70 1177
1576 1468
972 969
1166 811
1449 1230
679 874
122 972
356 899
1647 801
1727 955
1667 1589
775 1690
177 670
90 72
1778 857
790 448
1823 1604
1850 1160
514 1202
459 147
1392 1571
1544 1538
74 698
649 1719
631 852
563 1649
1097 1523
168 1356
399 330
1927 930
885 167
539 673
945 1945
1433 1048
1689 1262
603 1073
1194 310
58 602
1862 1188
1908 1205
868 371
807 1230
610 1345
143 1132
1605 1750
1325 142
990 1755
355 1538
1949 1890
1871 1885
232 975
997 1431
6 1558
1915 694
1999 1729
1318 1863
1301 360
879 368
1422 468
425 1781
1657 1758
372 393
1461 1423
1849 222
1980 906
1713 1767
1267 1521
1606 464
316 948
83 688
67 565
997 1333
834 643
279 866
338 735
298 1590
421 1405
389 1124
1054 1474
1567 1374
289 1960
1525 1557
783 826
1075 103
554 1312
1003 701
200 1513
1256 1814
778 1159
927 1449
183 1697
1304 1383
1885 1794
1672 1092
1673 1800
1456 1611
1045 1111
1712 761
1881 595
958 814
1584 1892
665 103
1603 233
421 1721
190 904
270 533
1359 957
558 1614
430 490
1503 926
1089 1980
716 1004
1740 713
714 255
1062 571
1959 1759
1833 262
774 897
1238 222
71 923
1787 1144
1382 840
651 1305
915 725
579 1293
66 1490
1097 406
1561 7
394 1234
113 645
137 216
1829 865
1876 1435
1636 478
978 636
396 949
970 462
1792 109
556 1794
386 1564
1520 817
1345 1860
440 723
1083 967
1498 1605
1565 840
236 513
1408 673
557 1134
1268 1679
1211 609
683 1014
572 853
757 1831
1800 1124
272 604
1619 874
1406 624
820 1538
492 1857
1352 1084
394 1147
134 1475
566 546
584 573
153 1222
1468 749
1783 1061
826 415
94 650
783 884
1578 1971
701 298
1376 1522
155 17
262 117
400 957
1466 660
489 158
1262 456
215 1193
1891 1317
402 323
803 77
1918 1039
249 1064
1128 769
1337 845
1039 1805
87 809
34 335
1886 914
392 1826
1634 65
399 513
1957 748
1926 1296
638 551
1995 1178
79 1968
1699 323
1329 1951
1151 337
1302 856
1174 1587
1142 318
810 1895
1010 1412
249 1577
1499 1779
1315 1859
921 1427
266 3
512 582
267 299
149 39
1896 939
376 1435
1008 739
833 1398
1722 1145
1070 294
1498 1562
1484 1339
1404 258
494 1553
1701 268
1737 1029
366 59
932 689
1564 277
1302 921
1356 1881
1792 220
1950 1160
771 1846
114 762
534 1222
20 1245
536 1485
857 874
900 942
1992 1315
1909 1969
929 270
1880 82
1969 1704
213 953
1486 1924
279 538
395 159
123 1621
1640 1450
259 986
431 1956
918 1622
145 130
1143 1131
354 1591
745 1564
1025 1145
1700 549
1494 226
666 338
831 660
3 395
593 1009
891 332
63 216
552 240
1299 1673
1016 103
808 736
744 1330
119 1242
566 1318
113 1364
1108 273
1402 485
745 1229
1337 213
244 1268
1714 750
1802 359
22 1606
1431 63
614 636
1825 1099
1975 405
1363 1628
1737 1223
327 632
519 880
1896 1205
538 200
357 810
483 1193
855 1145
36 399
1155 30
165 264
1782 1193
994 19
1860 42
1833 11
115 216
381 838
466 1573
1924 1599
1159 1597
209 146
1454 284
240 937
408 1256
1876 194
1657 1633
933 558
45 148
1483 767
1299 362
1621 678
472 643
703 66
952 1450
848 1137
1708 378
620 954
396 1919
1169 341
1283 1913
1492 250
890 1081
1677 318
1764 1892
1197 12
31 42
1303 1592
1181 1979
853 1938
442 671
1458 697
1231 1436
449 877
463 1224
933 1448
1831 1949
682 1372
592 1420
414 1282
304 1103
1775 1972
1066 80
1523 1159
845 436
790 1856
1339 1817
252 2
1071 986
988 664
1526 1648
1178 562
1574 486
937 1483
1998 1321
726 1218
465 1726
1834 86
485 204
532 778
1224 511
1581 151
1979 666
1961 833
1141 196
1640 1332
185 1819
607 554
49 1796
1836 753
1990 1953
1815 1932
636 1383
614 367
1713 1198
94 1840
1229 80
1832 1888
1562 821
109 604
1984 745
960 1615
1733 1378
424 1993
1098 516
1050 319
1510 1037
67 563
80 985
1274 1757
1027 1988
1449 1263
365 697
1173 431
946 1951
933 1252
22 1898
1434 1678
1780 49
222 1104
766 1028
1099 1114
1270 778
73 1949
1378 827
671 1329
565 1706
1246 1166
390 1714
1509 1383
1635 310
232 1882
571 1441
1655 421
343 1878
520 500
1336 174
925 53
1071 910
658 1058
1991 789
224 620
733 1824
909 895
1561 808
1815 518
637 1103
1301 206
133 75
467 51
293 441
1704 1484
1929 768
92 45
1175 1761
574 775
78 1340
761 76
792 6
1333 214
907 172
1929 1253
1970 954
1705 1734
335 1202
1867 597
1828 858
501 305
1508 1684
53 1765
1395 1483
303 1086
1469 429
376 414
1043 384
147 224
1589 823
1574 43
560 232
195 590
827 1587
460 1211
238 25
1248 242
214 810
913 1723
70 1614
924 1144
1484 1791
828 1048
94 147
276 1452
626 1482
1987 438
1052 1244
1849 1722
1148 387
1513 804
1270 677
1019 319
1570 623
1480 288
713 119
24 1776
476 833
215 387
1347 1744
1204 164
208 335
1769 999
102 248
236 704
1133 1225
1485 998
824 612
1727 839
756 1465
769 1722
1114 195
1017 1517
502 682
169 1415
1119 467
1479 1600
93 1331
257 1028
1734 593
571 1835
905 867
391 1363
1384 1029
1457 1718
1080 702
1846 171
172 1837
1482 830
927 1160
1650 1973
1720 1008
1496 1286
1813 1319
1976 1172
495 1848
942 1077
1592 1625
950 900
1266 440
1875 577
941 1022
1641 1085
218 349
783 1064
1378 930
1949 1060
228 1182
1393 1647
1712 968
868 1647
632 1553
176 369
307 614
1679 1727
1275 1794
1723 163
1639 53
1165 862
569 1403
1103 51
1409 1761
1748 619
1928 754
831 258
634 1620
1876 1215
1820 288
715 1635
1965 742
1160 1408
681 1023
1330 488
1114 1268
1890 587
645 1204
1305 1783
1073 1447
1147 595
571 686
1047 1311
1565 488
85 518
1837 411
195 611
1167 243
116 1213
1122 1838
77 1144
951 1560
999 893
501 720
1002 984
1690 1297
1254 1864
369 1941
1015 631
194 1927
858 1681
1202 1580
687 374
1703 582
1315 646
1311 1118
1140 735
1172 933
964 1035
540 1170
1927 993
479 1472
1862 1833
173 140
421 1069
385 14
1281 754
337 1220
1532 1736
579 938
44 1768
240 818
784 591
1164 1822
706 672
1934 936
1125 704
377 1070
422 31
1808 1017
1302 942
1615 997
1905 473
1171 1575
1925 209
1938 1290
170 268
1474 866
1131 614
763 421
1403 664
1372 776
678 1808
1535 1769
959 263
321 181
1104 1100
1988 126
1714 626
1663 543
1628 724
1664 1935
387 1268
239 839
166 364
851 235
944 1348
171 35
148 1080
1715 357
389 884
1803 601
597 1524
791 1661
1617 1715
494 392
1174 42
492 1174
1940 670
1894 765
221 68
278 891
1542 1411
1800 1372
1079 1211
1614 581
1919 1652
439 588
1726 511
1261 870
1643 1239
196 227
61 830
1533 792
1702 83
1698 587
78 1454
1912 603
1620 251
1976 359
313 1546
929 274
1512 1824
240 1548
62 1803
1423 576
1921 1955
1471 1727
1241 1748
720 1440
1123 1346
255 990
637 0
1866 786
561 1529
1066 589
1691 29
880 589
974 267
1254 260
1490 1324
378 1455
382 1380
1802 1964
1207 1380
1568 47
1926 552
1049 1577
523 1862
1850 1036
21 1405
955 896
1242 1062
1758 1027
1898 1437
1530 361
1588 259
331 1
1083 381
1219 1168
360 100
410 726
1957 1714
1116 1674
1156 740
1569 498
537 1756
1936 809
688 1418
880 1678
1552 638
1410 575
1835 1579
520 286
1387 402
1628 641
1226 1734
756 998
583 1340
50 983
1090 1689
1214 1428
948 1585
1812 210
1553 1244
1633 648
33 897
571 559
1521 1710
1249 1192
1381 853
1921 872
1730 1406
664 358
1794 1628
1553 1355
86 493
1075 223
678 475
742 1101
135 1629
1245 1511
792 509
113 1369
1516 1380
1784 1645
506 416
1774 882
1981 1334
1599 1073
1296 1644
312 119
34 572
1423 174
1596 464
1674 621
1463 1686
1633 274
1061 1822
80 279
139 1015
1095 623
1051 1819
750 1298
495 1931
680 261
1047 541
517 131
1666 1142
1141 424
1183 702
624 1383
435 1186
514 1310
123 831
1382 1997
310 1879
1026 1418
50 1947
1359 263
1024 66
857 1394
1165 721
835 1359
121 994
1690 1737
327 1374
896 1759
1148 1412
73 1193
649 181
1028 86
198 1254
267 607
1031 960
618 1017
1677 1469
1587 719
1410 850
269 1926
159 233
1386 1553
1699 1434
794 569
369 1306
827 1651
1282 608
729 107
1935 1302
138 1176
1993 437
1826 1795
1364 1873
67 1493
277 1650
551 1576
1391 1534
852 1980
1401 1495
1820 1477
1014 1880
789 1375
1311 90
1351 1186
605 1613
979 1905
1374 14
418 41
1288 959
1197 1678
197 890
1627 88
537 376
979 950
1960 1122
1164 1958
1003 1171
863 940
731 1825
1642 1632
20 339
201 23
1459 971
1613 1177
721 883
322 1086
1088 266
400 335
282 1871
1816 1995
553 725
1925 996
1170 812
903 19
626 654
746 286
1697 914
1276 1084
1659 143
1972 886
297 902
1013 100
1997 1020
1205 548
1818 1370
779 193
1754 87
649 1179
970 595
1486 1331
1580 1159
1257 898
180 296
1251 759
102 320
1102 1443
1011 1979
252 717
1819 352
1272 664
1930 137
1502 1883
1357 833
866 1023
325 1640
1181 490
331 299
873 704
744 723
1580 1306
1671 996
677 288
1629 163
1962 349
872 238
1738 1702
45 201
283 1124
588 875
1838 550
1623 996
256 763
1205 650
852 60
850 297
89 235
1338 1351
738 1696
1521 743
533 1172
770 996
1322 1370
353 1646
1322 1776
547 698
1572 43
641 1138
144 1029
197 535
364 1962
532 165
656 1626
212 536
293 1563
1478 476
510 437
726 1715
1896 1807
727 1961
1544 1386
1266 481
754 1039
1910 280
429 1490
1111 1046
1297 1134
1654 1693
8 1738
1807 1291
1047 1222
597 1762
901 23
869 772
1419 483
1893 1936
821 552
1674 812
1489 1167
1774 1237
1606 1658
1832 1991
408 1674
1131 1391
1208 1495
1469 1362
1657 257
1099 1557
1738 1176
1601 1540
1088 617
715 1021
180 1628
82 486
1011 676
1924 1713
1324 1102
661 1734
1747 1535
4 569
1878 68
233 207
483 47
1216 508
462 1978
1877 1753
91 687
1092 207
1142 1965
1054 1560
1414 879
1476 139
77 1741
1436 721
1094 1740
1848 226
1030 1930
1081 993
1882 1597
1261 128
899 1540
214 1117
1531 1983
1812 1820
861 1128
1894 1087
1123 678
1683 416
341 1303
1551 772
926 33
1086 103
783 1740
822 241
1057 1596
64 1115
1085 314
1413 1282
1255 787
1281 686
844 1273
1109 1266
984 1669
1492 15
461 1022
1429 238
995 12
435 406
1535 1987
69 1349
696 119
778 1806
452 1689
286 678
576 961
1938 1745
1421 182
1599 1324
288 1321
1065 863
230 1441
753 1612
134 1574
751 1256
1478 1116
1038 916
1043 1888
974 1053
565 1981
955 377
1946 1447
166 1082
1513 1069
1023 1240
348 488
954 672
610 1750
1032 566
635 1374
1362 1497
836 1751
1076 774
1710 1860
1133 1541
689 953
1320 1912
1329 785
1992 1352
881 1641
661 316
1066 1105
799 1630
436 1713
659 381
1568 592
1094 270
14 499
963 676
226 1894
1759 515
2 1517
344 1245
1764 1457
1853 667
1937 1803
666 1631
920 1193
431 82
1522 34
1531 646
424 801
408 125
1278 516
329 1853
1229 1905
1511 1121
692 546
776 1745
694 943
550 540
1303 872
1104 141
695 1788
1215 1339
1537 1876
496 1867
416 1010
598 1956
154 1580
1997 734
365 1069
729 1076
1447 1282
1547 1481
862 131
102 852
184 1568
36 865
753 1118
1313 1357
490 1477
968 1218
1660 1824
347 441
381 612
884 638
35 117
150 1671
1342 79
1362 1886
549 399
1017 1195
1804 389
1653 532
1023 653
530 99
455 781
41 1197
1880 723
161 877
759 1450
1629 979
1389 871
162 1514
938 1745
537 293
1927 1660
214 1276
593 891
888 911
184 232
217 1425
1432 1471
1829 1766
352 1846
1977 1107
1534 619
1273 1143
1230 1664
691 283
445 1804
1865 579
784 963
682 1087
669 735
827 1017
811 578
1631 726
1244 186
1194 1925
276 1444
447 732
1412 1720
591 612
504 565
566 1012
853 523
906 782
1495 173
37 255
816 1796
1150 470
1300 674
606 470
917 1031
1105 747
1084 1495
800 1453
1405 1667
1149 1286
1318 368
555 591
1121 1042
1395 1521
1073 1137
1859 406
1986 1362
222 1525
1670 1387
388 993
1710 290
1178 1470
349 466
26 379
158 1871
1339 548
1873 227
993 1271
1224 1114
1407 725
916 1770
149 897
981 1422
1576 1150
1789 1988
1166 1234
797 1122
457 1319
75 1468
1189 1147
963 1027
1475 1706
1101 1850
679 1857
81 891
1473 150
540 515
156 1829
1909 1427
1087 226
427 331
1227 1036
804 442
1969 1023
1089 1281
560 1356
717 532
319 585
1072 907
1083 639
282 819
1105 524
449 1912
500 1548
578 59
1200 769
376 1496
539 1499
245 905
153 411
397 340
508 1498
1566 53
1236 573
172 1419
1882 1633
1316 993
1951 358
1346 419
1145 1542
1694 362
1799 374
211 314
1037 1416
1012 151
1163 955
1618 365
1393 1517
364 241
1302 1608
659 287
162 1462
1178 1930
1799 73
146 1105
1673 563
1466 783
388 1190
718 581
1969 835
461 1827
1457 1521
153 735
1264 935
373 598
1154 8
1074 814
256 994
486 1260
1127 550
281 1657
1971 1508
372 1428
585 882
258 1410
1539 1738
1920 211
87 298
417 79
1582 1683
1868 1503
607 869
1151 1830
366 1617
1192 1050
1958 114
18 1603
1276 1977
874 1415
849 687
241 1541
448 866
1208 1206
1110 45
1127 226
1156 281
641 1326
1882 1157
1332 488
567 1345
378 240
1816 1724
56 544
656 1635
1160 930
144 332
1296 1254
1545 1585
104 1044
1822 1443
1425 937
125 170
1210 1491
814 1011
273 340
133 1736
302 1054
1854 1485
230 933
1149 1873
1463 111
1208 533
202 906
1446 84
1168 1267
799 1945
1761 1728
1132 1446
1938 519
53 1344
519 1660
1344 700
1371 350
1504 463
1526 15
802 1889
1491 1499
340 1586
847 1606
956 1693
367 1278
711 1875
1330 147
548 545
1776 1929
1152 1828
1029 166
737 940
705 1843
1110 450
900 971
786 1885
1765 553
1435 918
264 868
1721 708
1916 1314
247 208
132 682
94 1738
15 777
62 1178
1974 909
1964 73
727 1304
1198 587
1115 1003
1907 1682
56 1197
693 213
1605 1918
1434 1659
1206 575
1570 156
811 1852
390 1217
1781 1724
1419 1383
969 527
488 1589
364 903
801 780
1582 117
1756 577
1483 1867
1818 1776
1125 413
1419 759
444 198
753 1291
563 859
70 1854
717 337
1482 1007
1695 297
458 1826
834 231
829 1132
1006 1163
1705 1859
887 1273
642 1072
1591 257
722 89
308 269
321 1331
362 1809
353 1863
1350 474
188 395
82 1796
1212 1614
1786 1679
1243 16
1655 1070
1354 192
319 1273
1678 1565
1471 393
1220 79
1790 592
105 1795
1742 1963
482 293
1574 1632
842 1338
375 677
1436 1082
726 1043
1616 359
1552 455
395 261
1277 921
1363 629
979 977
24 1560
155 80
988 1327
1014 1130
1519 1933
228 1523
1548 1226
1694 704
0 1275
1349 34
385 1999
1769 1601
88 1451
718 1989
345 1008
189 198
1518 444
1190 1978
1022 473
419 1209
1660 1426
1071 712
1660 1903
1920 184
1266 231
1688 1680
1509 369
1005 1034
602 1488
1668 750
1889 1198
1410 284
330 1758
1258 96
1941 1230
1164 532
423 276
931 559
947 681
136 1758
1036 1386
1794 1775
1070 195
1784 248
570 101
740 1428
843 1837
52 909
332 161
1870 1236
1901 1929
1357 633
1563 1570
1992 41
1678 1182
1634 824
983 1305
254 1686
1143 1935
1358 494
955 864
1569 607
1856 519
1847 612
1314 345
1155 832
1824 148
531 1653
267 807
1377 1212
942 1957
1993 499
1056 1015
907 451
953 1255
1265 896
113 410
104 448
1803 670
1834 289
536 102
1126 1755
349 235
44 846
1779 1118
151 636
1687 1997
1128 1193
1631 436
1922 417
1016 1430
247 271
1497 1796
819 449
1558 1231
1877 552
1961 0
543 652
1342 1382
984 1003
111 1654
1751 673
1666 474
93 1900
1744 216
220 1451
589 1200
1027 27
460 850
1118 800
231 1437
1597 1720
1087 20
1610 1623
864 1248
588 1082
1940 1699
584 479
1193 843
164 1692
384 426
1277 879
662 1692
1397 432
1170 1021
1602 141
311 1208
1951 46
541 292
112 358
1775 275
1120 540
906 1561
1524 878
1210 516
203 1317
1134 932
838 1383
748 1492
1326 1245
1414 752
1563 708
904 581
755 1447
499 311
828 78
775 398
1719 90
1791 1608
1374 393
587 963
260 1550
617 94
772 578
528 1937
219 803
260 1341
622 918
344 1197
629 808
1824 586
919 431
1062 601
472 545
1855 309
913 386
1123 150
111 1924
171 689
1866 286
1117 1766
1150 555
621 905
142 18
1473 808
976 446
1328 675
310 965
1420 1683
687 1022
1659 1304
1201 247
1408 1672
1906 1277
295 545
1901 1551
1843 536
1386 614
1234 366
961 1309
1399 1795
926 1745
325 1646
1990 718
1056 1501
435 824
302 503
322 1094
1039 612
1789 1454
939 469
732 1673
1402 234
919 1544
638 1647
22 153
1540 1
420 249
550 1394
139 1944
800 1230
1461 194
166 625
1657 1057
681 1440
564 1596
1076 1953
1684 1149
43 944
527 1416
442 989
1 1393
1094 1011
541 289
1493 96
1944 916
731 246
997 311
246 1753
523 109
983 1918
1707 659
1567 1255
1922 103
1709 1743
167 1283
8 1830
12 1769
406 1
1652 1086
1173 1464
904 1645
1891 1459
1868 187
1350 397
1282 1072
448 540
1471 276
1651 1456
582 371
1042 1587
608 1445
892 1200
1800 213
1759 1361
287 873
1175 370
1663 1481
1009 432
1569 118
778 1370
1693 1198
1912 1186
65 310
985 1166
746 1203
1943 1466
1095 1707
1527 465
503 822
181 1927
887 1198
1044 1891
552 789
1910 392
631 1637
229 603
186 1038
902 1361
991 674
1612 1986
1476 1952
1807 899
560 1736
1132 1766
137 871
251 1144
900 1570
1865 649
1903 484
1205 43
79 1356
549 376
735 1706
218 1751
1216 196
415 1882
466 958
331 418
1351 924
976 1474
185 1914
1265 1810
172 642
820 171
1594 889
318 1673
1253 1932
1626 1300
426 1216
677 902
364 318
316 1271
551 1308
1479 625
273 1857
894 1423
488 782
1447 1979
964 1640
1093 1442
354 1827
723 1803
1331 1119
1845 1595
1167 1070
692 619
996 242
1506 1226
883 1854
415 617
110 222
1858 1428
314 1896
418 1420
965 1730
1879 661
1352 143
413 1951
1592 321
908 1023
877 1181
1918 755
699 503
621 1919
825 512
1002 106
38 1209
596 483
114 1132
1625 999
624 998
1474 220
159 1304
712 1913
877 1724
821 1456
980 1557
1393 1479
1975 1600
1553 942
244 85
1088 221
572 1341
709 539
91 951
1106 1171
412 1254
1754 925
852 188
918 1383
1588 15
1057 665
1806 1545
1358 808
1892 1488
1158 1353
1573 792
1791 1049
817 1202
921 1643
1649 1439
707 737
1983 1540
1365 1794
37 1958
1040 1791
686 1732
1993 1654
238 185
1140 1630
563 1696
1915 1461
1986 1840
1031 553
1982 1155
468 527
84 458
1864 1884
449 451
333 1355
1196 1065
1009 1173
807 1919
1613 567
870 182
962 859
1324 208
1171 755
1494 1325
720 472
635 1876
939 1160
843 380
587 345
455 656
392 1463
1528 836
751 566
1783 1453
1493 1825
1306 1754
231 591
383 1620
620 1000
436 558
860 1769
387 1940
1095 60
901 1439
1211 1812
1348 190
29 973
1728 1092
30 1399
661 810
830 1867
1294 1885
922 1423
118 1770
1082 1927
127 1066
1787 1966
1932 825
1070 1845
129 1821
599 1741
413 1381
509 1268
121 1395
229 1726
157 1557
1555 1793
32 1974
1400 4
957 1049
1686 1680
687 1630
72 1957
9 716
1050 1451
396 1672
1239 1256
1959 23
765 852
1495 1836
530 1861
876 1072
1823 1527
38 703
854 709
1968 202
1256 142
564 1843
1343 1400
1214 149
381 1082
1679 1880
120 1383
1750 1800
833 1451
446 1401
874 168
647 1186
1670 1600
1959 962
53 223
764 1373
403 941
602 738
1116 1699
6 816
560 1138
1513 1819
869 941
1363 1650
1013 1314
482 544
1305 989
1575 499
1891 1609
131 714
1614 1489
328 1781
1253 1392
1252 1137
1933 1234
1004 1027
1475 196
1918 1344
1200 191
1057 1508
206 1381
1397 706
576 1602
1095 1827
660 1689
1396 593
1162 533
285 770
275 1618
1264 1434
1111 654
192 1882
284 1247
1884 733
1387 1247
121 1325
1161 942
605 1189
103 1358
150 55
1153 602
225 845
1845 1415
1464 758
657 1675
872 377
1015 1200
1504 1934
1430 9
1132 563
24 159
64 391
361 1731
164 1124
1105 962
1598 1543
1940 1107
1151 1293
477 1316
735 1194
170 1562
981 1555
1451 1859
1963 1897
686 1219
1644 809
828 344
411 1853
379 1405
619 998
1700 183
907 148
202 1542
77 231
1008 445
159 841
1612 1853
1502 1840
1477 917
1610 1425
348 1823
203 1025
1139 241
1380 637
1247 1377
1872 89
1763 1663
1818 96
1706 1660
628 1358
1288 1667
1441 559
817 1772
548 909
654 750
877 1561
1547 1603
65 1724
568 1980
404 948
1103 1898
1549 1723
949 226
1827 530
1538 1077
1889 945
838 533
777 1037
1109 575
1541 169
1041 1464
715 1039
1758 310
552 857
1829 506
697 1204
345 1495
1733 1734
312 1825
1350 800
1892 648
1444 715
1524 542
898 746
1437 316
562 1250
1246 857
1311 1471
1952 283
1941 1438
1981 1612
1272 1705
361 253
150 792
1157 1551
1514 961
1501 48
897 795
1088 42
225 173
707 1428
1098 1523
236 379
1996 1553
1995 625
1469 124
1055 1314
952 1790
798 1066
246 934
1086 1957
739 430
935 717
920 773
1455 467
1325 724
348 642
699 515
792 1201
694 1741
1462 1934
58 1667
1876 680
296 561
394 1636
797 10
362 535
1446 1106
1334 1775
1477 620
915 1859
743 1843
1465 1988
1501 1907
1529 1817
1450 1335
1438 1573
685 915
662 1297
1472 1176
1745 731
1109 1178
675 780
87 460
795 1016
710 675
1053 1589
901 499
1603 67
148 1465
209 1891
257 465
1630 1619
1585 810
1590 1498
534 1827
1060 599
787 1226
1488 1210
266 1631
1993 109
1260 356
1582 1288
100 556
1262 758
136 530
102 425
1262 1908
1556 1392
1864 1194
223 163
1868 1935
1620 1592
778 1029
914 887
1161 601
1645 49
1861 1981
1904 1641
320 1880
1630 1438
1258 1048
132 1700
1945 961
897 1725
842 1559
144 1548
1554 1294
1211 1016
1481 473
1571 1290
1311 1608
1852 842
1084 1044
445 997
974 1390
801 850
1381 1305
793 1425
1646 701
600 491
168 971
723 1567
1437 1792
784 1350
958 1611
1955 185
1477 265
1698 1451
1230 580
591 1825
1844 134
1020 1075
1688 15
1633 1970
1125 791
239 1786
1879 308
177 80
1715 1048
1293 14
933 1655
674 1247
1018 71
490 1915
308 19
471 789
813 36
393 955
1522 1898
458 1945
1489 1520
1953 820
1443 1115
1259 1616
1444 188
710 974
53 1192
1682 1718
1082 1932
373 298
597 1584
338 603
687 781
612 753
486 338
583 1486
634 1901
919 1094
1789 226
890 1327
1073 778
85 497
1408 348
1372 690
1807 793
1007 887
45 1513
1310 546
1836 283
1864 537
673 1080
366 1369
76 662
1608 1431
1671 1834
793 53
464 1189
107 751
1790 905
1470 576
1844 1696
230 1515
131 32
1966 1382
156 1640
789 59
293 1645
424 1188
1486 1707
287 871
239 1881
748 851
899 668
271 679
1729 1442
1512 1072
1669 1838
169 620
1655 1515
1019 1722
1945 1355
702 199
50 627
1147 90
1711 1208
384 407
1033 1366
25 1463
1811 1932
1980 868
1267 1000
1956 118
1892 488
1886 334
902 337
306 1161
1197 512
106 719
619 1390
936 1615
967 1548
685 881
1299 1664
71 1670
1883 428
1132 296
875 533
1376 348
799 1059
1120 1965
1215 438
1048 1958
152 958
1406 871
81 810
211 23
656 1617
612 686
1279 1509
521 1228
878 1011
1025 626
366 1715
1588 699
1770 1594
1309 35
670 549
818 1130
1445 608
531 498
55 434
1858 1298
1626 54
1381 761
1797 1489
1622 973
1099 399
1618 1492
727 549
1638 703
641 386
1128 1391
527 1273
1292 380
1025 1521
613 899
1637 1552
101 1021
1824 1030
1452 1673
1212 651
587 407
1930 1292
315 1770
1836 1280
1195 608
457 359
959 108
1391 31
865 1176
1555 1129
909 105
744 420
737 721
231 1742
1397 114
854 1906
1757 1966
1739 358
838 190
1186 1816
1022 1500
409 1781
1127 737
115 1060
1693 967
590 1703
95 1176
1904 151
1625 313
255 1838
1433 1103
961 995
1042 1340
1294 1959
1704 1184
749 237
261 225
1286 436
103 1106
1035 1233
1497 1592
108 1402
234 60
269 147
966 1598
288 48
950 1829
1100 1480
212 774
885 863
411 1165
918 1315
398 507
21 276
1795 1606
1268 143
216 1185
1854 1877
1283 472
591 628
950 1697
1437 1644
459 579
638 1539
1146 1407
33 166
644 1452
392 67
1252 1028
1221 1202
1135 781
846 1941
1032 1080
470 1998
1701 1967
290 1291
463 1528
1523 1369
358 1527
25 1088
1543 124
1153 1514
586 1621
1529 1413
60 1270
542 141
1566 162
1000 1853
1065 1163
1065 1459
589 1095
250 541
1973 281
1608 506
1404 1355
1500 733
1259 1443
1251 1427
444 1249
34 1687
930 81
1688 1707
867 1107
1977 1392
1153 184
765 593
1290 687
528 298
1653 1380
1254 156
836 578
1782 114
979 242
1964 290
1947 1006
1199 1635
174 1214
561 580
1315 1494
336 1919
1707 680
881 667
1312 1138
1174 1097
1579 74
871 1442
51 1422
1396 1721
380 1292
620 1437
658 687
1360 1441
1840 550
188 1014
1678 273
768 877
1970 1133
938 219
1510 705
1976 865
1605 1318
1721 339
935 493
433 838
670 1705
1850 754
1457 1689
1830 698
232 1929
1856 6
690 905
1619 1541
965 1004
1571 1357
154 523
1697 1163
742 840
1536 799
1370 1934
1227 868
422 1103
255 1853
260 1251
1394 629
271 1041
604 958
1413 474
1756 1053
1917 662
1589 865
616 165
909 1067
499 1987
1168 151
641 549
620 1495
450 1352
615 1757
484 884
1072 1796
258 1080
1265 655
710 546
1930 1918
1297 890
16 994
1375 1379
9 1754
32 46
772 500
1380 404
497 1356
1315 147
535 19
1424 1383
614 1396
1994 1176
191 1611
496 1229
1342 1655
136 931
573 1280
1096 1170
5 1099
720 509
112 144
992 662
1489 375
316 573
884 180
1078 1404
1879 1635
732 1903
1556 854
1893 95
899 384
1643 359
462 1204
1023 656
670 395
1388 392
1581 1821
161 475
1523 1904
1844 1164
1176 1066
120 1322
1212 662
191 1602
433 1882
137 527
786 1866
430 601
791 1721
1555 1677
1000 251
1967 1961
1196 581
317 438
580 1501
42 1788
228 1256
86 1724
84 1551
1069 86
522 381
437 1008
1218 142
1225 1012
780 1695
469 1175
324 1295
1669 393
452 780
1641 502
1418 1789
639 1630
1686 231
1173 760
324 436
1168 582
1387 1232
360 899
1549 1340
1860 165
1869 1566
41 1906
1985 1715
502 1866
267 1369
1755 1552
689 1587
1198 1815
1751 409
167 1699
1661 619
682 1311
1399 1283
1803 573
1077 1124
798 827
910 1894
1725 1522
772 1416
28 794
555 1416
1954 80
1379 1302
37 1141
1007 1588
317 1182
1059 1631
804 1537
506 220
713 1902
1253 1215
665 488
315 103
395 999
1316 1506
1768 860
1133 860
474 749
1509 1901
475 934
1590 905
1851 696
478 1199
636 114
586 332
1594 1550
512 814
277 832
326 1269
1064 1521
725 1684
1857 332
57 828
1870 538
395 1484
911 1667
849 1950
1520 1725
1953 105
1542 118
1169 568
1508 457
1623 270
868 1701
1412 1854
521 1836
1699 866
1020 1983
1519 835
698 911
763 106
1775 95
1323 1071
1532 1878
446 1961
1856 705
1983 462
245 1699
1392 927
1867 204
644 1960
872 1127
1058 1968
432 761
1417 1015
771 1729
1830 1036
1361 939
826 567
95 609
1736 1633
1573 1594
1979 745
1284 1073
1003 207
1136 629
1439 917
739 1708
569 1667
1145 1678
795 20
877 817
1869 1293
925 639
1055 744
1821 1502
663 1165
1449 1884
1723 1874
648 189
1731 634
1735 606
1500 791
634 1759
1367 156
471 966
755 748
144 1
1163 1770
1179 1509
1575 48
901 1878
124 814
1278 1705
1610 1994
98 509
1632 1519
1808 1750
346 1289
168 433
913 1865
1858 218
1855 985
840 1556
1912 559
1608 439
1218 491
292 347
1843 1326
607 99
1987 940
536 545
694 535
133 91
1314 1343
1771 916
132 954
1855 532
1716 511
265 387
1963 350
1389 885
1947 548
1482 865
1654 1145
968 868
369 212
893 1821
1268 1068
764 1424
1118 69
1172 63
617 1129
879 780
633 257
510 1748
969 1974
438 769
533 1697
1420 593
142 582
1751 1489
549 867
564 778
1533 1437
318 1916
1905 1642
1900 524
1958 344
554 1920
859 616
1691 1567
72 1234
1880 1558
430 29
179 1027
1724 269
1676 622
780 273
1792 1147
931 1591
867 833
1181 29
752 231
921 877
133 212
1669 689
187 37
677 195
1379 682
1077 1516
1907 807
754 399
1335 252
1085 1289
1545 43
1842 80
1691 1560
761 921
1178 1447
278 1300
291 1630
1681 1856
899 1419
790 312
319 1106
1152 1138
1760 865
1182 1618
663 1520
1131 469
645 1574
988 1443
1365 99
1564 1926
1990 552
1348 1117
1405 733
202 1707
234 1231
1184 130
11 1524
1413 1337
1287 1342
1231 1342
1109 1028
930 1419
881 130
862 908
1116 578
1367 805
896 858
234 978
497 1729
1384 414
1753 395
1931 1495
1224 1628
639 1894
1113 1165
1736 1655
1447 1132
1495 1929
336 980
668 650
233 1667
802 446
1735 1121
1540 1714
737 1860
11 757
35 464
1063 563
420 1976
265 1232
1448 1964
275 968
388 1460
503 259
1470 1051
1318 1098
1510 1068
1530 1277
1355 1808
1435 1407
14 341
1647 571
605 181
237 1102
363 1760
1507 27
1965 161
1453 955
892 564
1230 348
203 1770
302 1921
71 1028
1737 327
765 1371
1653 865
1942 597
347 1520
598 487
1412 326
286 901
13 556
1173 1305
130 1733
1932 1399
1852 1608
1171 507
178 1246
1748 1984
1307 467
143 1168
926 561
1046 568
632 963
1908 1462
1817 825
623 787
411 1991
1494 399
805 164
96 1492
689 1228
1796 68
363 585
577 1185
1617 181
1805 742
443 1245
262 1029
1969 59
489 941
414 1860
924 392
708 423
1997 648
945 747
1021 571
1772 1056
167 818
501 1075
1256 1175
314 1855
509 594
281 1343
663 1173
1598 545
1274 558
4 1970
987 429
951 1913
1245 995
183 574
1913 857
1728 1775
126 1653
1349 1580
1656 1768
516 756
1532 1995
343 1967
402 1509
1840 104
147 1848
767 1024
183 1589
625 1475
576 735
1505 1971
971 824
1743 738
1115 1034
1345 1518
12 1911
1391 1362
359 1431
515 154
1905 553
611 893
1626 261
632 1303
1907 1953
1507 1163
389 1446
1512 1269
1877 671
160 87
52 420
954 710
1891 3
371 17
671 998
472 1260
1145 1025
1795 253
1406 1997
1428 1029
779 1015
1370 1001
32 1820
891 421
516 1713
1126 1952
725 995
301 766
1559 1137
1683 530
205 499
868 26
167 1256
1577 175
1421 1746
1957 1553
1455 1720
633 50
1121 1321
1937 173
1360 1792
1179 79
1974 876
60 1137
788 1939
247 244
1419 1914
1991 1336
1136 8
629 1669
374 194
922 1433
64 170
1765 42
469 1900
1137 1501
110 1571
1226 1137
1817 634
1634 1388
309 1596
1981 1702
274 714
1518 1300
818 382
1343 1310
307 1691
1286 438
1365 1623
248 710
1213 134
1702 100
1503 834
1413 1305
1501 404
278 58
1741 1416
19 450
529 1457
1110 1054
1744 303
1245 548
1487 1593
540 1421
1429 270
335 1265
880 492
1773 193
1096 218
534 862
1051 1780
217 615
1108 1237
600 6
889 445
912 895
1076 567
1787 1388
253 336
585 611
1384 943
574 782
1862 1982
1168 9
953 1208
458 770
303 336
23 1907
721 1168
760 257
166 1345
1620 23
863 1606
1778 1791
574 440
650 1297
1757 914
155 1020
140 1264
780 1813
1840 1888
1584 268
410 1195
908 1716
152 749
873 1408
1537 1167
259 307
1984 1816
524 509
1102 1633
1301 440
1691 725
1679 1810
1180 1043
1361 277
932 1494
96 1996
485 1682
1289 1242
1680 1929
447 256
93 1345
575 1798
1196 944
820 1553
1765 1292
753 151
1901 865
994 173
1456 761
29 768
525 1749
1112 1086
984 1194
762 767
97 1319
1319 598
1357 1764
999 425
1637 1830
1999 263
1817 32
1835 1849
734 521
1708 1049
1005 241
1321 970
1583 182
1373 879
427 1233
149 223
667 1592
1202 744
1189 615
17 1725
812 773
305 708
23 1380
151 1323
439 891
1243 1546
35 239
717 561
558 147
662 1100
1251 1513
1517 1326
1161 496
1272 557
895 254
99 1203
390 389
731 817
423 878
920 350
959 1314
529 1864
1913 1761
367 1864
1203 885
301 884
176 208
957 865
1024 1624
140 1747
196 1490
616 1157
423 985
847 1317
736 403
973 1680
289 604
525 1270
975 36
337 848
1459 1593
871 149
1060 1692
1731 1337
1314 547
621 954
119 1481
55 282
896 1982
83 433
1989 1140
520 951
1504 242
218 5
1385 1893
1018 871
287 1495
126 589
481 1314
1319 949
1529 1072
52 514
1951 295
1980 1727
1539 791
513 1259
934 1913
89 335
940 1236
1692 505
245 1187
937 582
617 164
1863 247
565 1812
341 560
350 1564
157 376
986 1185
882 996
622 1157
821 581
522 358
1093 1786
873 1485
1819 1404
38 207
1287 62
1936 320
194 1816
17 937
1247 325
1726 387
1729 1063
1093 1283
1286 251
190 237
1998 1188
763 86
282 1841
742 379
1232 704
178 498
29 1291
307 414
429 688
1097 51
136 510
1122 660
1782 620
1742 1415
1733 76
1373 836
599 93
1665 1759
52 993
1546 1200
756 1152
1101 1133
1117 107
206 802
867 1269
824 1567
1483 52
266 521
672 971
1971 1258
248 1031
277 1530
813 1807
1454 325
55 976
303 1148
105 1990
908 64
1002 1927
981 107
295 1193
181 970
1844 1632
382 1638
528 1716
1492 63
1651 1699
1234 233
1932 1017
1228 142
161 321
879 1141
696 602
1976 240
1186 1708
568 1107
223 867
243 867
1217 1127
1053 865
1957 113
1718 1609
247 1553
1301 1506
986 115
1271 1433
1878 434
527 1479
1421 1889
947 1869
464 315
1674 128
1211 1286
777 1794
771 1733
635 1551
639 371
1614 206
124 1227
1042 1969
154 529
1771 1695
1567 1508
319 1202
1432 1621
660 573
826 841
432 1084
1605 33
1240 285
1852 1728
1417 1023
568 1211
1148 836
204 271
760 1289
1174 1166
1489 976
729 821
530 696
989 1371
1645 144
680 1946
1511 1814
288 410
1429 811
1944 8
305 1702
1650 335
962 576
1768 989
1847 1210
1428 655
1615 738
1377 76
675 1375
545 1444
117 1332
1497 775
1010 778
1238 215
823 1560
204 1792
1450 253
332 1913
253 1771
1334 1407
29 1891
502 456
1043 737
758 443
503 1740
1865 1889
1083 1950
1308 575
544 1728
1295 1749
1894 655
354 771
1467 1721
1764 1817
1096 305
470 1315
184 884
779 893
1028 1004
1867 1253
594 1020
1295 759
819 1165
1359 765
693 1217
1027 386
614 1913
1975 742
465 1544
924 1255
313 1964
393 800
451 1035
781 1329
1702 1038
811 154
12 1892
928 913
207 1126
13 1052
751 676
206 445
883 1960
1228 31
767 1666
103 117
951 1612
1059 181
1141 1674
261 1451
1355 155
176 1827
860 990
200 1340
1796 1616
1586 1280
2 1859
1082 1849
1283 478
821 1248
853 1593
1845 724
523 347
1409 684
1329 260
966 1734
805 166
180 945
1176 1246
1330 1922
650 8
663 924
1130 164
983 1669
429 970
1488 83
1188 1332
1858 1738
1604 434
179 1040
1557 1622
1392 1680
1068 1118
1459 79
1741 1735
1571 1309
1572 259
869 165
1754 1255
896 1880
1560 1448
526 1380
529 1109
317 1751
1963 1300
1148 1976
260 1859
1933 622
660 1168
1897 416
947 1730
1467 552
1090 754
383 1223
328 1852
1015 1423
145 1387
1195 1858
1081 1177
306 1934
11 1423
1531 1581
1613 499
469 470
1048 1787
1252 1979
1058 1370
683 1606
1213 756
1788 372
317 1109
1979 753
890 1193
116 1480
1288 936
722 954
713 634
636 203
772 835
618 1678
1861 1216
86 1850
558 1662
1743 519
1340 1419
732 1478
1620 1373
547 1076
1056 1818
174 1954
1462 1081
1797 715
629 1093
861 1911
1344 671
864 1586
1535 335
1077 830
92 1250
1024 1370
967 438
996 1298
859 1418
314 144
1686 1729
1346 1537
980 1135
747 1052
1845 968
1812 1783
680 1763
1515 21
1052 927
1725 1656
1968 1943
860 882
402 173
1368 1941
1502 1382
835 881
1563 1671
1112 8
640 1527
1539 809
1630 1113
765 516
1124 1027
1902 442
781 1115
1146 1438
109 463
1425 144
568 1443
582 771
1401 127
1541 621
241 720
485 83
639 1541
1276 142
1037 942
321 223
752 1284
1147 1629
957 579
893 1577
1802 186
1822 110
79 48
943 1652
1632 1694
1648 926
544 1307
1874 968
1195 654
44 1858
1158 665
1805 1079
1934 658
880 581
785 921
1811 728
203 1430
1936 1043
1177 187
1269 445
810 1940
1146 80
368 689
894 775
757 173
1322 609
19 875
1266 1699
177 718
776 884
1474 1127
1280 377
1618 382
1285 936
443 450
651 1365
98 1037
264 1721
1902 1175
217 741
139 974
26 846
205 207
524 57
9 230
1496 602
990 1469
818 1920
756 500
1353 356
1652 75
1414 1699
1282 808
1594 37
329 671
1966 1140
1557 1378
1631 581
1681 242
583 314
1704 1847
1804 1265
895 1403
43 70
498 1690
545 469
1942 0
1186 229
89 91
1894 738
1754 1229
559 203
1264 544
340 1862
57 1141
1235 1857
838 1918
1376 1711
1185 1478
149 1458
1822 770
233 81
1490 593
943 1387
1481 1643
1747 38
263 658
1165 1326
1587 1734
770 1431
1462 482
98 138
1506 1976
705 432
1612 391
1971 1944
1883 1012
1547 902
1039 1034
188 285
1624 1324
398 1878
1879 419
1405 1055
454 1595
1408 387
454 186
1298 1515
572 1859
1675 1109
107 1109
313 1707
1390 160
1777 1751
474 1960
1966 514
990 1407
720 1358
744 422
1187 1518
441 382
1446 871
954 880
627 1213
1203 1071
494 1200
948 451
1032 682
1747 547
1448 629
578 1583
885 1955
1240 638
1550 1863
117 1990
993 493
865 716
1897 627
1113 672
469 11
575 511
759 511
1260 15
715 1661
219 603
407 372
326 1745
1505 1332
631 405
34 368
1579 502
835 1951
1279 1511
86 208
1798 1039
746 1861
1343 882
1481 328
323 1377
1060 326
1006 6
977 1754
206 1766
1139 1707
1125 1151
928 288
603 1283
1881 1497
1001 777
1706 1331
1772 111
776 1380
1906 1392
1849 1721
1882 1639
680 132
882 1964
157 1492
487 109
1289 489
1946 953
1397 817
178 1907
968 1884
545 372
226 1938
1548 94
1898 463
1900 1964
1261 1274
268 1512
745 375
1082 69
859 1155
1835 1304
372 263
562 1855
188 1338
1134 1261
1606 192
278 413
650 1721
416 898
1953 687
625 1680
1567 1978
1769 208
1587 196
1664 604
602 293
691 678
1222 1041
584 662
758 816
1200 178
25 1476
1683 1132
204 1747
734 971
479 1256
518 895
493 627
1911 1456
759 1182
118 637
630 26
97 55
538 1043
570 775
856 536
221 951
1433 1988
1731 227
1815 416
334 1162
1609 1535
1244 513
1316 500
284 95
1720 1414
1638 1410
1710 1959
1430 157
581 909
1021 310
1352 205
26 1579
782 1670
162 23
289 318
1121 1467
1222 424
378 1444
504 186
318 1700
448 1118
1224 576
1248 839
1991 75
1729 1572
1416 223
358 1475
1021 665
1354 795
1221 707
1836 1152
1380 229
1931 843
391 1482
604 568
105 87
1112 106
1917 371
985 810
1966 770
1447 725
991 1687
152 75
1917 1505
240 1156
57 953
1038 711
837 959
1980 1707
74 285
1756 201
1763 34
49 1044
510 126
1024 342
777 807
1577 1525
700 361
596 475
1046 1880
1753 1344
813 1141
371 1588
1272 607
1776 1499
705 199
1364 53
288 1908
412 829
519 718
1206 59
171 1814
1310 18
846 1715
311 1280
1037 1111
788 324
819 809
1832 270
265 413
262 1654
27 387
1854 1314
464 1199
220 1702
80 1602
1837 892
925 557
531 126
450 1648
666 1701
1795 260
1435 1418
264 851
1916 712
1367 394
917 745
1259 381
1014 1068
992 1419
1711 543
515 535
490 222
1962 1931
386 1725
1853 568
508 864
926 1877
1555 740
96 1785
135 1166
1798 624
1316 157
633 156
465 382
210 1965
1824 206
1851 84
1047 218
1257 1378
1859 548
1369 1794
1735 1210
626 149
1950 1323
1581 116
683 414
1621 1686
135 996
1750 513
1385 1673
796 1407
1172 680
1209 686
1298 1169
1291 82
774 1194
1820 1109
1675 91
1157 281
1630 42
1515 1158
1467 658
1561 502
487 1509
1147 299
1730 480
721 754
253 1904
1965 192
1078 1068
1632 135
187 1850
972 1143
1253 764
339 1703
292 626
1292 881
1034 182
436 758
1277 1587
1107 1607
165 634
544 1928
1814 1516
601 1415
1607 953
46 461
956 1682
505 1736
1204 310
962 928
1049 1720
510 1448
988 1930
492 735
917 1579
1004 1186
685 1086
1425 1361
849 14
322 364
1191 205
1907 1854
1514 942
618 334
1219 1202
68 73
1739 1740
1550 686
733 963
992 1218
346 280
647 1673
1034 1486
347 761
848 1057
1569 1749
1291 1150
885 182
1064 497
1611 681
518 457
531 1487
1625 382
1520 413
730 1263
1362 1920
437 236
1466 1319
1647 19
1600 1239
1831 534
675 620
574 886
1591 1994
1937 1724
1443 1989
553 818
413 1942
1699 643
749 25
1327 1046
1678 964
816 35
337 1295
291 290
1169 960
539 1168
1823 176
345 1959
335 965
968 1813
78 1622
1672 731
491 631
543 1262
1841 357
1260 276
1536 311
1067 1608
592 786
151 1098
270 1444
1636 18
1584 1721
633 657
1202 28
37 1919
1909 1866
937 799
599 231
1117 902
1063 43
1658 1226
1985 1867
104 548
1752 1587
1243 1677
1409 1654
100 1350
1687 565
187 1296
344 99
1588 388
1903 156
1394 711
1556 1981
1784 579
330 1552
132 154
911 989
1059 1739
1608 764
770 984
1237 355
1650 1334
796 631
467 1634
1825 544
1813 581
1712 1033
1893 384
397 1549
173 245
441 1661
314 924
295 663
963 1621
1923 1352
1619 633
189 164
1827 1845
1252 568
567 953
999 1044
1482 1677
287 1685
678 1496
719 151
1053 611
1491 880
1731 1291
1785 1631
1285 961
1750 1946
1503 476
577 1700
420 1959
975 1556
965 113
1898 506
330 241
1481 370
1642 312
839 1268
501 1077
841 1333
842 379
141 1988
10 1281
1679 1107
1045 847
724 627
1834 1103
1757 1831
621 1544
1091 977
432 1945
1320 1228
623 1325
473 1314
405 447
1884 1322
1787 1045
1453 363
1968 1252
1356 839
443 1742
1581 1666
1513 188
719 958
1658 220
1558 1369
890 1543
1776 761
698 1594
1465 411
823 936
1534 427
1022 933
805 1570
1068 1735
1904 1025
1006 589
740 1608
1540 617
1232 603
522 530
762 782
59 837
1101 1401
1616 1735
306 703
484 585
1323 12
1378 987
830 978
445 255
707 1375
525 1520
362 743
1707 1183
1328 1023
308 59
1593 1344
1800 1315
822 777
667 1289
82 1144
1333 1959
23 890
601 1027
1816 500
456 99
1196 769
474 94
1707 1331
736 912
671 1661
1689 405
1636 1182
1249 1894
1383 1187
1992 947
955 698
338 242
464 1668
1336 1146
627 1487
1155 485
146 564
192 1049
648 939
953 126
1291 359
843 1626
1433 427
888 1148
1974 325
342 1807
175 1210
365 1420
208 1932
1297 1322
538 1087
994 1962
88 1714
1014 35
1034 1298
61 1710
1601 249
589 776
960 318
1644 627
411 1094
180 80
1719 1793
1411 1523
684 892
147 366
1724 1909
1722 190
623 1139
548 743
787 501
195 644
960 410
1366 1828
1951 705
1306 453
711 1917
683 808
1689 972
1682 738
575 1681
68 1601
883 1705
1902 67
922 932
987 1999
1886 1720
1663 1854
1106 1297
767 394
781 1901
1331 1931
193 316
1275 1976
1541 1554
1075 1508
6 481
806 884
1811 1642
388 1366
1278 1069
724 675
567 216
986 972
917 1908
1097 1241
1170 1109
1915 1553
1565 77
415 1642
768 601
47 1842
95 449
74 537
109 856
20 976
1870 1880
252 1986
325 1677
365 966
801 1970
160 555
236 978
1226 1678
338 952
1445 784
845 860
1275 467
891 129
1624 1391
1175 1917
163 1178
1338 1329
304 392
516 1988
69 488
1659 471
743 1754
417 220
1264 550
613 592
1494 905
394 612
851 1677
157 1658
1431 894
1981 732
1296 1783
546 1940
667 540
1658 1112
1801 685
1773 1644
535 320
785 1652
1476 1672
1235 207
129 789
773 1473
850 1603
199 1963
1422 855
1197 944
0 1572
702 1905
1597 1210
311 1318
875 22
1422 906
1576 1425
1052 844
913 755
490 951
1665 1403
1307 1867
1755 146
1426 37
1815 393
1899 671
668 1933
1116 1878
425 1197
1848 1163
640 1567
1827 549
1954 257
1439 221
1887 1683
493 1378
706 1625
842 1270
1978 1475
1312 634
1040 1391
1546 1412
249 162
666 51
147 1940
1129 269
242 1577
1854 1055
760 473
1908 542
892 811
1505 1653
520 1917
757 876
222 1986
1665 1817
1960 664
1030 1920
1682 1164
1779 1650
1113 1262
1102 499
998 1737
763 588
1418 466
1923 1896
62 86
1928 1046
1185 1866
482 1675
1468 1353
521 1935
1869 328
143 1325
665 521
1996 1282
975 1571
1505 518
1460 792
716 1664
1233 1824
1313 1462
1460 1750
777 974
993 1054
759 1247
439 1375
1410 1866
165 154
814 1247
914 1688
764 1844
814 1944
368 1639
74 1854
217 1119
732 750
544 1023
199 1758
1600 476
1288 505
874 1177
652 1878
645 323
253 1285
1113 1826
938 151
18 1369
224 644
1609 1688
1018 1169
329 860
1881 931
655 1138
1034 502
989 1380
1332 1051
1897 1317
1742 767
598 246
1338 1695
370 839
507 1751
1540 86
1155 1200
750 1752
73 572
935 1860
1823 246
1842 1444
61 1811
1372 417
403 1420
483 1908
310 761
4 27
374 1834
190 271
1773 884
1305 324
769 271
1997 1
1353 842
249 1337
243 1213
1491 1683
586 252
176 1591
686 212
1661 63
1029 413
1671 1154
623 1793
554 364
468 475
1925 1626
1098 1776
321 751
1808 1703
89 828
1698 237
243 1133
1576 29
1451 1299
69 1888
1064 269
1546 1857
635 955
170 76
291 1513
702 872
1839 158
153 399
712 1363
169 1789
292 288
36 719
1134 1126
990 885
966 618
1382 839
1676 606
459 605
982 361
183 667
809 1599
1537 489
832 1081
1280 1482
1988 1783
1596 492
1061 1954
532 595
470 760
598 833
941 253
201 1719
1496 290
1703 750
1199 1
465 1964
1270 774
507 1183
1051 1518
1093 1402
1948 1856
414 322
1585 1476
963 1410
1463 369
257 1281
1877 1254
977 1119
2 1430
1967 73
1956 824
855 896
1545 1443
1972 352
693 444
1515 559
352 467
1335 1776
1348 105
1449 87
1799 1493
1578 1040
577 1244
165 664
1349 527
670 1692
1600 489
872 433
300 1465
1430 992
1198 520
1326 1529
1982 1312
760 1664
793 343
1431 1237
283 1967
1048 454
866 1385
54 1465
604 1308
1129 93
1544 38
1242 1550
1826 820
1442 1724
888 974
1321 1970
982 845
48 399
389 435
1534 627
6 1328
943 1377
337 687
910 1102
1995 323
1126 253
518 12
1702 1302
595 1377
949 1316
807 95
1695 728
946 435
704 173
1661 449
714 947
1081 1194
1139 1501
718 491
1306 155
1310 0
1556 1822
1780 601
84 105
1673 572
416 321
42 989
1345 778
421 1628
454 588
1356 9
315 711
1159 975
1385 1780
1273 929
5 206
557 937
1451 1652
1420 1365
739 728
1764 842
882 116
611 1823
118 528
235 1280
1935 892
1908 199
1890 296
163 875
1035 1151
1598 1204
1189 1387
825 806
686 364
1204 1886
205 1212
361 1358
1746 1380
654 1138
1737 25
430 652
601 1506
1585 1193
1771 54
776 1674
1441 1485
948 1215
1366 1841
887 976
1158 1918
1672 1071
1335 1958
7 522
704 1583
1239 906
375 1085
1118 1566
962 871
1714 468
557 697
193 1582
1009 1851
426 779
644 377
1320 1804
1161 1086
1885 1062
1762 1843
85 1944
1021 264
833 769
139 1378
1180 59
1160 1966
637 1988
679 1640
65 289
254 1039
617 532
290 713
407 210
1950 1812
281 1793
1308 1949
1516 912
557 248
1257 1914
1730 562
676 507
1484 1027
1182 1221
820 1213
27 12
837 327
173 1819
1575 1696
1896 277
595 995
902 1840
551 1805
673 212
1258 498
258 284
351 1732
1526 1717
886 1117
690 1842
768 754
1318 628
1586 1104
1988 1697
68 505
433 848
1510 1320
1216 139
1456 1703
1061 1364
385 43
1645 1102
1309 1119
1255 1689
429 1039
998 1176
1769 619
1955 978
1045 137
1775 1569
1237 161
774 417
580 1686
1180 1509
1846 1601
334 739
1220 1606
1488 479
1427 1465
704 779
451 1420
1622 1912
798 914
532 430
1368 1068
326 1758
905 1030
1124 756
477 706
1715 798
1511 1041
340 1901
1432 1385
741 278
1999 1587
309 1550
829 442
692 135
493 116
752 1168
1220 1738
1487 1
1533 1691
1357 708
1586 1921
163 1585
1499 1257
1543 1297
476 1053
1617 36
479 1806
434 833
170 1559
696 1192
401 1380
7 1871
106 665
304 987
516 1721
76 1214
1056 657
709 1945
1010 457
1562 1775
1853 1087
95 1720
226 188
1402 1194
1722 1581
932 527
1633 809
643 1215
1602 1912
504 212
452 1994
1813 1
359 348
809 780
323 1482
298 1986
1346 147
1643 1482
1582 1247
1826 608
1974 1875
1107 1696
1895 1601
674 1639
945 1337
1914 779
642 42
1648 1577
66 1547
1317 284
1916 1888
1280 706
272 1192
448 1943
1184 1694
627 351
237 1759
258 1816
1688 493
836 235
651 960
1060 81
360 1287
462 395
1258 566
1828 1231
416 1103
241 331
114 207
257 1939
1911 1691
1478 1437
281 881
1404 724
1987 1828
1295 1162
36 734
441 600
929 1224
511 725
1436 1606
1537 698
193 837
1298 1093
546 1934
572 644
1703 430
524 657
681 1888
478 1546
961 1321
1274 667
905 1011
245 1130
555 1967
1150 917
1583 1531
17 932
1785 1878
1001 51
442 1506
985 795
834 569
1119 336
1889 1830
190 228
1672 1354
556 1331
1134 1432
301 1672
1361 1437
1919 1715
1761 1912
382 1650
1684 1276
1860 418
1828 96
773 1997
1165 317
930 808
691 574
1902 1788
728 1175
889 1204
582 279
628 1756
1104 381
40 1497
624 634
75 1628
1321 1429
28 1237
1878 504
123 1356
439 240
808 818
1821 1939
1541 656
718 170
677 803
1866 775
654 385
679 1441
959 376
30 94
942 208
1947 1189
194 938
1188 1106
993 1317
1251 1707
1135 353
28 756
1720 414
1497 1653
1192 971
944 1503
1903 1606
725 1117
607 396
1020 1861
351 1424
1785 771
855 1242
1749 55
1668 985
1340 576
1774 136
688 1990
774 822
0 200
1008 526
1036 65
1058 592
893 687
1468 467
1177 980
952 489
266 1001
277 1097
1331 1134
310 364
884 1869
1640 64
192 1418
738 573
1750 995
1401 1698
769 1616
1455 260
105 1563
1701 958
1779 170
1440 951
1560 646
1129 1298
740 1214
637 1782
1402 923
851 1440
1340 1669
1941 665
860 1054
379 1157
1662 810
626 1793
1054 724
1846 1253
30 621
675 621
426 1652
733 583
1571 1704
1526 1757
1490 951
1767 713
1793 1267
1275 388
146 2
1890 744
1819 1735
1371 1579
698 785
1373 922
1573 553
1439 1616
1681 1146
370 1110
30 1131
846 126
218 1948
794 306
1339 757
1070 132
603 1708
725 619
1300 1019
902 1883
424 1766
669 324
1649 1756
815 293
1820 813
47 1034
786 1626
1 159
1875 1528
1452 302
726 1819
487 1901
46 638
1554 48
688 296
104 957
1061 1494
1920 1652
1233 1500
307 1303
1154 597
1279 494
41 1583
386 402
1545 310
1415 566
1151 642
1651 236
1019 275
960 935
446 731
433 915
1094 367
186 485
409 994
867 1753
1072 1422
1385 1923
235 393
1336 273
285 361
689 902
1427 184
1924 679
1778 1717
1729 296
215 1379
27 1754
588 255
1718 1657
1700 1908
1597 236
309 1678
1067 536
198 1370
1652 1850
646 679
1705 1315
886 300
1216 1751
1666 1029
1440 795
1389 1853
98 890
815 1329
27 220
471 468
858 411
1977 1263
1105 1164
1050 1902
1292 727
1794 222
789 463
1018 56
231 37
497 1142
357 24
695 331
1900 1959
1185 1991
628 1324
738 1341
1946 1629
61 936
1960 1212
807 757
450 698
1472 958
709 1198
1906 1741
964 1730
1415 226
1480 880
1209 1008
250 302
915 1266
1909 444
612 1963
1137 1365
1084 1637
45 136
373 1723
1324 1426
82 1505
585 347
1002 1811
1182 1892
1533 524
358 1594
230 1232
1044 958
403 976
3 1168
159 1126
1615 1246
1255 1388
128 1687
1104 1349
841 466
507 1305
463 867
1347 1472
931 1072
584 724
1970 1905
1859 3
1368 856
1889 1437
534 470
514 301
440 402
274 1936
947 551
655 600
222 1486
65 795
49 1128
1417 1836
861 1381
1566 1275
1474 49
1778 1006
1601 79
1153 302
1186 648
1177 1753
440 679
1026 1946
975 1222
1191 1813
256 1275
610 1918
107 799
1157 821
729 298
1341 297
379 1423
1432 1260
1176 18
782 578
695 879
1086 285
612 349
1910 771
1476 298
1811 1395
830 230
1546 1854
709 1039
1008 1900
1207 500
1883 443
1840 1192
140 106
883 567
994 344
1528 1222
1738 713
261 1106
1472 403
1049 1498
138 952
1504 1123
697 574
1697 488
1905 287
1975 333
1044 683
1922 545
75 235
1411 578
1331 393
63 1212
158 983
1522 964
363 1832
847 353
296 1429
16 1758
936 1224
1946 984
1943 1253
1290 235
1369 944
1786 535
1833 1340
1518 187
1370 135
1280 189
1963 1680
1403 786
1383 248
1871 1467
1254 312
23 1548
79 245
124 1885
1118 881
1453 459
691 254
672 1480
1228 1102
743 1181
1579 862
1130 1958
1551 186
1107 1715
973 1363
708 354
676 369
587 202
1135 268
155 824
1359 121
832 269
787 1073
1183 468
294 1781
702 1610
1498 1226
1340 126
13 710
413 569
876 290
380 1324
1179 671
1843 357
1460 995
808 1773
1455 860
804 1113
358 36
1087 298
1344 429
1954 958
427 539
1821 16
1998 196
40 731
1885 1772
630 733
529 1314
1149 865
1029 335
611 897
1933 57
1615 851
1801 803
1527 711
1803 1585
320 1228
1304 922
653 289
1233 475
67 1991
527 1901
90 591
1777 274
461 1911
940 779
1565 244
1015 1799
1142 1211
1119 1008
978 1976
734 772
1549 244
1009 70
1378 38
1958 188
343 398
1727 1433
467 1626
456 217
473 395
2 429
784 1494
634 1077
296 1981
377 1152
1265 903
1616 85
1767 59
1939 810
1516 1460
199 1456
969 1921
213 776
1007 1924
497 886
730 784
428 24
1818 1715
1475 1446
1740 122
714 1872
1606 778
76 470
387 614
1779 1019
610 686
1188 1297
1231 1435
1440 554
559 254
1755 979
81 979
1577 1530
951 1315
1646 859
1006 315
1242 331
1348 1819
865 1861
528 1856
609 855
924 1839
1305 1121
412 528
832 412
1721 1109
381 1419
873 788
197 652
1561 200
382 1774
91 1736
1368 364
932 1890
1115 1862
10 963
1080 1962
1063 1694
225 391
846 1089
1868 1134
1206 1532
1677 820
837 647
1830 582
551 912
259 772
1199 481
954 1599
780 1069
1462 853
108 619
1162 1933
1650 1614
800 1794
117 1976
609 881
730 1726
392 1610
848 1337
1922 1809
1603 259
13 1345
1627 1707
927 1894
1869 490
1350 1160
1838 389
976 0
948 669
1634 891
684 398
647 151
1859 371
1250 1432
361 679
1499 406
755 1422
707 1388
1327 1687
799 1576
1194 950
1001 311
