2200
148 1646
332 1883
2174 866
479 1160
906 5
557 1880
630 1297
2106 114
943 1008
1355 1627
514 1907
1673 274
979 2029
674 405
1432 1144
1993 880
1301 1108
2152 386
1136 169
444 1272
2055 111
1235 1390
218 874
645 1397
145 1319
162 1245
69 2155
1109 207
1523 2178
811 16
1701 974
655 2116
1937 34
1420 1405
1416 141
2061 626
1079 551
1949 1672
1408 1372
1223 1039
374 875
292 643
546 1063
867 551
1848 129
1637 648
280 1797
1153 1908
1105 2135
1464 649
1386 71
812 1109
1539 1551
779 500
1449 934
1373 1136
902 772
2138 738
2148 1693
1213 189
383 253
881 1999
518 103
1314 199
1628 1312
866 1982
142 750
204 1682
1460 630
813 1240
542 1400
924 569
1730 1443
1887 1144
1361 1257
2139 1778
1833 214
308 1061
2131 1215
256 527
1330 736
792 1463
368 1554
541 1425
1519 1303
1474 1172
1977 1891
29 853
1043 101
2156 1546
1469 76
1599 241
1279 1002
240 1258
326 476
11 801
1421 327
473 1526
2118 1583
801 1906
633 642
296 2188
127 1092
919 740
2167 2111
164 1454
1057 431
1364 1604
573 744
1749 143
1817 659
1186 1033
974 1528
785 527
1137 1543
1662 469
1173 1098
1821 1672
2047 1667
1956 804
608 2141
1160 1369
1198 329
2072 1442
325 1079
54 748
844 1156
145 1142
1533 1776
2080 1698
1768 1665
817 2043
2175 2031
713 411
1862 2154
620 1075
171 987
1497 1006
1637 66
1853 1222
1660 782
708 586
891 375
991 250
588 1436
1420 172
751 1655
1796 1183
1353 985
151 639
303 1391
844 1246
1459 886
355 1192
981 772
1785 871
7 2118
134 1391
127 1226
622 14
106 1073
1121 763
377 1797
1298 1560
1514 1322
1182 1743
1638 1884
666 949
141 262
1303 953
667 200
207 2072
1769 227
353 1453
1431 1536
745 771
1170 1776
1724 717
1755 1727
1795 1338
770 1027
2071 2015
1566 167
1341 933
6 1435
421 970
1520 1749
1082 2124
964 2058
162 1682
1780 529
462 1080
1662 82
922 170
1523 1604
1077 545
280 1359
203 216
899 1765
1055 1608
1973 1805
376 1463
1457 523
1065 2015
307 1604
2016 564
1497 44
1652 424
1268 1310
1075 746
1692 299
2157 180
576 1383
369 1943
444 729
395 2040
1276 713
528 2092
2089 248
654 2160
1776 582
561 925
2072 94
180 194
1949 684
1253 332
1328 1391
1094 630
257 1493
1538 1256
1154 2023
755 939
958 2074
1797 868
728 2012
248 489
128 64
1958 658
1713 294
1048 556
106 188
111 1995
1944 1270
630 619
1340 145
2014 103
1570 1728
553 1640
1948 1770
613 1031
796 483
760 1074
176 1438
442 474
1143 2044
455 621
1324 1724
1635 363
593 1162
1425 625
1253 1658
547 1046
1161 1482
1270 1460
689 1871
229 1869
135 507
1783 1695
131 1213
414 1820
1211 1131
562 1614
720 1993
1577 2126
1383 864
1039 1165
1928 725
1294 325
1249 108
205 2084
1178 1052
306 1205
769 1508
1414 1207
1600 788
2074 1468
2060 1291
1148 1129
464 844
348 1215
213 994
678 91
919 376
2153 1545
385 1995
1675 75
590 816
1785 1233
443 83
236 750
1013 950
1546 44
525 1513
1177 940
1942 2124
1900 1109
1763 1354
1189 1773
255 798
729 646
1687 506
319 1262
2099 1078
423 1020
1376 548
660 1499
1360 2028
1312 1694
760 5
1330 1542
847 562
672 1734
1266 838
87 1473
1320 741
645 780
427 959
1467 991
507 367
1731 1532
2064 1122
40 69
363 1739
625 1148
782 2149
1732 287
226 357
681 1910
2145 332
1655 549
475 640
150 811
618 627
1150 1372
560 916
2154 1021
322 906
610 837
751 769
1781 1782
1392 1605
317 1635
2069 633
643 998
914 1894
2028 2169
1913 1863
1707 1384
1820 934
1640 642
1579 2150
1226 659
1602 1706
157 1887
311 597
370 2149
1463 544
914 586
968 2148
1333 434
513 1832
435 1652
1966 723
2046 1831
763 2134
581 1048
1339 390
751 1759
351 1815
748 60
2107 1710
755 1398
669 1555
2050 1414
860 530
359 1936
1393 2091
28 1323
1720 1764
724 999
166 264
126 988
2048 1565
2123 1830
181 2015
2115 1879
849 592
7 788
1351 775
1116 693
398 229
1444 62
269 1818
547 886
1365 1139
1942 1979
1921 440
291 2082
289 2049
678 108
1389 548
1800 2154
897 1773
1396 2129
1109 1594
1513 1076
728 699
1386 843
1191 58
938 1387
1461 2067
1830 636
565 281
1701 1145
609 1430
1758 1245
1404 1143
1494 1028
949 1416
1164 408
1990 835
624 1688
1009 414
62 920
1025 1728
53 701
1677 604
2178 306
2148 16
1360 1337
1239 1615
1337 2051
1024 81
579 1175
199 1444
2086 876
589 825
2013 883
1237 1567
355 1728
65 628
874 1489
2006 1058
1749 1209
423 1900
366 2181
1987 1994
1525 1309
1901 673
906 1665
1604 314
2143 0
386 1913
1223 1131
481 599
519 475
1857 1665
1104 1591
587 76
1245 1539
827 937
2146 1477
1430 387
222 135
788 2
1113 1950
1673 1591
1618 229
1951 799
1503 1979
1579 1642
1882 1440
169 805
553 815
2092 1513
1549 1027
1926 816
1159 1485
803 1615
1681 1588
1263 1473
1027 659
1824 1263
580 1244
770 412
1620 850
1232 1836
439 617
1142 2148
40 2036
325 817
272 2177
324 2188
1744 1973
618 2029
944 349
1624 757
794 665
617 394
1604 2072
1894 1426
1680 242
768 972
26 985
2080 364
1538 1857
81 1772
1346 802
1040 2097
1333 1585
919 1420
1911 853
1947 1527
1 953
2047 730
393 482
822 1956
1592 1794
571 166
1170 1048
1300 1042
734 165
617 1836
1799 2134
1026 642
5 2123
1190 1839
452 893
2141 1861
115 635
432 802
1525 1611
452 1157
69 133
356 1006
1651 1438
643 2094
2068 248
1337 881
850 539
1335 1467
46 2013
1552 2105
883 1671
161 1602
304 42
697 1172
1829 805
1766 310
1090 1795
830 1083
1399 561
1087 526
296 886
1792 1198
144 943
1550 740
1152 228
640 1556
1606 1731
1553 446
2009 527
644 1694
456 1390
1437 1896
278 74
831 1503
217 1538
1277 445
705 2106
2147 2192
354 241
1997 1498
138 563
1301 183
984 1406
19 252
1933 522
545 1489
359 224
969 1105
1517 231
1750 1033
146 88
769 59
700 348
691 4
1508 1461
441 507
2161 1699
1555 1362
1973 914
1138 725
1732 833
75 1642
1356 690
416 2173
704 1038
179 920
1603 1251
1286 63
1520 1612
1108 952
430 1640
1021 677
64 589
1938 902
137 1742
2013 80
353 271
1397 466
1746 1457
949 32
719 2036
677 373
45 2196
1310 1921
1625 192
422 1650
1058 39
1878 2090
1196 205
63 2165
791 586
2049 1094
1610 821
1905 810
1812 332
674 594
875 304
402 208
1559 188
362 1343
775 28
41 360
1698 1331
693 2116
1945 1986
2147 1159
826 385
564 1395
2137 1122
1195 1441
397 2021
708 395
800 2136
1256 1241
114 323
901 1639
1332 1683
1311 1494
166 1377
1452 515
591 782
2186 1906
1468 1237
1929 1753
1700 525
100 509
2125 1395
305 1572
33 911
669 10
458 1948
1638 1723
2110 1554
710 849
1366 2143
204 16
1278 1151
1330 467
1614 1674
61 37
1314 437
2152 1740
110 1218
472 675
1028 1181
1920 464
1213 169
1250 1362
1631 618
1119 1052
966 933
1149 792
726 615
425 1179
969 1832
573 1177
1274 1896
1106 629
1349 2116
887 1438
529 1657
1844 1873
1669 1317
1625 293
405 2019
1614 1290
1147 2014
1526 1576
958 270
247 282
224 2182
1860 341
215 1610
1581 1895
1326 689
326 955
533 1571
254 406
1766 1987
1799 809
863 102
942 644
187 987
2116 1429
2112 212
1804 1586
1873 698
1034 532
1676 762
560 937
1021 1572
794 1124
847 1540
616 847
1151 472
1041 521
38 1579
1231 2186
1059 194
1996 1848
1665 1447
682 897
1909 419
2027 868
960 2159
434 1598
1967 991
1860 2058
2142 978
665 1202
375 29
175 435
123 280
1655 231
804 217
1535 1694
1873 1864
1800 1408
1025 1680
1861 1208
806 785
1265 683
161 1312
92 705
1665 2168
404 312
547 2185
1551 1255
1927 462
1029 1495
2160 852
436 1026
367 696
1790 1038
2110 1526
1647 152
277 875
814 393
1430 909
131 758
703 1384
2098 1366
1375 1428
344 1306
1752 1071
1925 677
1624 478
889 577
241 183
1 1456
1584 2054
2084 1697
1283 1591
1824 1087
671 2184
1821 1475
993 2174
760 2033
1338 402
1411 1982
460 1754
1158 1790
222 108
465 1995
1515 2087
108 853
1141 2098
1525 876
1744 1559
592 73
2128 162
808 1977
643 1579
750 635
549 850
1042 1564
496 2028
784 2086
1784 421
1871 1242
645 1307
1017 535
523 879
586 965
415 1282
168 1874
1849 816
733 509
1184 166
674 1237
42 2110
1299 1428
723 354
1102 1587
1527 1626
604 1404
1597 200
1949 1066
1858 1388
238 2055
324 648
1362 243
139 468
154 2021
75 1218
778 320
1157 1849
1571 549
2032 1293
1355 1016
1474 535
894 2193
778 1229
251 1725
1099 1628
1836 47
1659 1447
438 494
1745 134
224 1154
590 191
60 343
113 78
1148 2174
722 1110
512 405
389 528
248 1576
1271 1779
1332 367
51 561
533 1461
2184 1712
1481 954
1043 337
288 504
1215 1229
915 1952
1631 766
1260 808
1015 1603
1084 1476
559 2
297 1153
1423 192
436 1774
112 2163
1548 318
362 177
972 1181
1264 1599
154 1440
1354 1701
1289 1364
1370 1130
311 1703
1980 1646
1084 1192
589 1598
65 212
1316 540
72 1830
1664 1622
1180 2159
1612 379
1896 734
1130 1540
603 2121
398 2121
2100 569
1787 886
1719 1994
712 276
1754 1883
660 1659
626 2080
94 20
864 422
1777 1398
649 995
1703 2186
683 2
353 1141
2031 441
666 432
192 476
2084 1065
170 1212
2062 1793
1532 153
1925 1465
1562 2078
1275 1333
1002 177
160 1227
1207 973
950 137
2128 529
286 1665
1492 1665
2 666
902 1699
744 1349
1852 853
263 475
965 1029
402 825
1085 855
835 346
543 1162
1032 560
1719 1897
433 1258
386 1750
1932 1366
702 1815
730 896
210 1650
1042 1449
1078 1541
242 1487
1298 782
647 1210
1893 49
139 51
1587 126
355 128
1050 1233
629 591
785 1556
2130 1981
1294 1688
258 2089
874 1060
438 181
430 486
1666 442
1222 2062
87 274
148 106
1325 1862
1455 279
290 400
710 1766
1882 335
1627 2094
1592 1111
1153 1239
1459 254
1695 1168
1526 28
1946 292
1841 1195
220 1688
53 1883
1470 104
1972 2187
311 2006
855 1346
657 1061
70 1463
1953 2081
2093 1641
1403 1799
788 1387
1828 1559
515 1962
1271 1743
299 995
1923 167
286 1403
998 130
1455 1352
532 1071
578 1341
41 2082
2007 145
725 1662
1818 1689
1086 558
856 1733
2138 310
903 2103
2195 907
1772 1507
1010 348
601 1854
66 1954
2097 1288
587 81
2015 1252
1750 1516
757 1610
1596 761
1725 38
389 690
801 903
1897 578
892 1155
1053 188
2190 1044
1202 711
1053 823
951 1427
226 1045
1446 911
1062 61
2009 1741
1472 1481
350 1121
961 318
295 1887
621 1959
764 1777
152 1288
93 568
1051 2132
917 498
2188 1305
188 617
995 98
1563 1224
1379 1954
2180 860
1572 2114
1602 533
26 1734
1380 1266
2045 877
1504 1176
811 1944
1256 1778
1686 1277
1442 883
1854 631
799 1184
430 305
817 351
1095 1922
1327 280
1899 2128
868 529
265 2142
75 710
1407 1614
5 592
1606 879
1926 248
375 467
49 300
1813 1716
840 1903
813 1571
593 424
467 1418
498 88
1813 2024
1524 1985
1617 843
522 1457
1381 438
2099 965
1784 1878
651 2159
613 331
1726 2145
698 1279
2169 1248
1061 794
266 2095
747 1487
469 1534
289 1483
1461 2086
1514 698
1592 579
1163 818
1423 1241
137 130
1181 1157
1771 865
1371 169
522 987
1490 2025
237 1657
1372 1117
1333 1331
689 1382
1117 22
2082 2057
687 751
1507 1739
48 721
2076 1320
838 964
1186 371
157 1896
1205 8
1007 1568
304 961
1142 1807
89 162
556 548
1777 1861
1059 2126
371 858
1186 816
924 1711
59 2057
402 1786
1062 138
918 1928
1730 460
1398 1204
109 2
781 1109
1138 713
1097 313
495 1589
1371 1
1002 490
775 2151
10 420
1052 1721
989 314
1082 1789
31 1020
1854 1471
218 444
289 1509
2081 1431
1934 1130
938 1126
1715 2148
1580 912
1921 1841
1941 2187
474 529
1204 1857
864 340
1537 1515
119 1133
463 2088
1447 1435
1242 1868
1779 995
2140 1813
159 1076
1786 606
2127 2166
642 1220
1121 604
483 1950
1769 1892
1594 1407
2168 1735
895 1960
1451 749
1190 559
1393 725
514 1900
1102 1221
1025 5
2165 742
2192 1810
1524 1312
2146 1411
138 1645
582 842
1912 328
1118 11
1600 2169
1535 342
2023 468
1695 1627
2180 1653
325 1081
1866 1013
1482 2136
2150 347
699 781
1238 1557
233 348
470 1439
1145 1661
1372 600
1269 1036
382 1885
1086 290
975 1831
790 103
459 1302
431 2183
1743 754
939 584
39 1769
1668 1295
39 913
1114 831
178 152
850 501
759 1007
508 321
901 2032
316 1016
376 626
1203 2101
1376 1076
2160 1770
985 363
1407 838
1617 411
2182 1771
1980 1565
1710 1408
2014 770
1578 1719
896 1056
782 2124
768 1851
2012 1899
1484 1214
715 983
1587 1194
1616 1939
227 559
1248 1682
456 659
848 1236
1074 1661
1555 1205
521 1388
1901 1929
1136 465
797 577
314 362
1332 369
512 714
1410 1022
250 1531
301 298
1225 448
2171 1470
556 305
1791 2189
1270 614
1241 543
197 585
827 583
1882 1367
249 1041
1954 255
1162 2030
264 1369
1037 601
893 208
1570 1031
1325 1543
1336 577
742 190
363 2053
351 1677
1511 1062
209 2122
821 1831
85 338
955 366
2132 1294
887 614
1336 1905
696 483
1673 818
1953 512
526 492
980 1080
1220 173
1033 1154
1259 139
1467 1182
1168 1819
198 1762
2140 1034
432 2185
1369 355
1645 91
1660 1153
258 1806
502 585
1686 1182
599 61
2029 1429
1896 40
115 1118
1639 310
614 1941
13 528
1329 1965
469 319
1679 434
490 964
817 1828
1501 1831
726 1478
1454 432
907 1591
1730 1933
194 866
954 211
191 1526
1523 429
1487 2142
1693 1825
1151 719
1979 1019
1322 1990
517 817
1791 793
1743 761
872 782
2022 1300
13 358
646 1892
2150 1145
1387 2004
815 1624
134 207
404 2173
2042 264
1445 541
151 622
1502 574
287 922
602 759
148 1307
2192 1614
1114 2116
1812 962
909 2013
253 1323
1039 1713
652 351
1788 2171
1456 806
1255 433
451 914
488 1334
1879 2178
1102 22
453 1824
1986 2183
903 926
876 386
2179 1655
765 1711
452 397
732 522
1444 1051
857 1431
2068 575
1949 1191
1199 2111
1386 1644
283 1005
1480 223
1079 1271
81 956
548 1806
1495 484
310 623
1859 1155
730 1720
2061 383
978 967
1246 1499
208 112
1868 1656
245 1073
1497 1052
1205 1194
1004 944
1031 856
1044 470
1142 91
91 1315
496 2055
1445 1605
340 1030
2122 479
435 1775
1536 1625
1682 1794
2081 172
1197 1160
257 263
1281 1132
619 848
1805 663
871 179
1649 753
1051 777
1304 2182
1976 489
289 2165
1897 833
878 1546
794 217
2103 1871
663 884
1924 322
190 947
1964 449
1700 1771
71 593
215 659
1141 1714
2185 1745
1441 398
113 686
1296 2106
682 1922
399 2025
2039 687
1216 1711
1677 547
1288 818
1981 1056
2033 1401
2195 104
1839 1689
579 1154
2155 1955
434 2028
1803 1533
1063 1502
927 1539
343 1819
1479 1842
712 1358
386 1130
2159 1704
90 1042
1636 64
738 1544
1384 1617
300 1882
114 958
1709 1476
349 1186
1891 1520
1069 1824
45 1416
239 1601
1391 1013
1269 1845
956 1671
736 96
1687 992
986 387
1746 1012
1327 2138
1746 1284
1485 1051
1273 1466
671 1809
400 1347
413 1450
1806 1034
2134 65
1286 1597
564 1421
1443 618
294 172
454 207
1989 1292
1994 119
407 295
795 1349
2188 1570
1068 1692
1658 571
1980 1591
882 99
2065 1631
443 1067
212 1400
1477 466
450 2110
1877 119
221 1008
1030 605
2148 617
1101 86
782 744
2113 1942
141 254
1093 932
2034 1657
1842 1591
1281 26
1916 244
187 479
1166 66
1748 574
112 397
1947 796
1283 1420
2007 981
1576 570
413 1389
819 517
98 1614
1859 1355
1809 949
2172 886
19 778
1696 1283
2114 1563
2144 27
391 1958
680 1714
304 1165
1765 403
1880 1479
1010 1210
1854 1950
1249 477
688 610
400 2012
1478 1443
1567 541
1435 1586
1350 473
1469 1038
1575 1634
1590 77
918 1938
564 925
2060 346
1919 493
909 1788
1029 380
1560 555
1754 1609
134 852
908 1601
117 1882
1681 1075
1906 1738
133 929
1701 52
446 514
2146 1760
1367 1375
2113 303
1275 1788
73 384
1648 568
563 391
614 129
57 1098
1717 242
567 475
1447 955
558 948
268 1997
1334 1132
1518 1436
424 1033
358 2130
707 948
1194 902
2132 1681
2144 86
1794 207
1835 1506
65 1621
1835 737
699 1749
1301 1817
648 1811
1307 1325
396 1465
533 657
997 1708
2011 140
1869 6
1888 1335
802 803
797 1310
294 1778
901 1246
1634 300
126 2187
1741 280
1664 800
1230 1418
675 784
2129 365
584 109
1836 1616
345 771
1236 546
1276 1918
1319 1893
724 514
662 1550
981 1276
1369 1886
433 1468
301 2182
139 1540
599 507
94 1182
1858 446
635 75
1155 1816
507 2018
1399 1260
2104 1343
591 1125
1643 593
1630 796
16 688
2057 1962
1810 244
2129 1421
1550 334
1518 1370
1611 684
883 867
900 1602
399 377
1107 1104
1890 17
758 977
345 2134
1626 14
1620 1944
753 1864
2042 518
306 1938
2019 2144
1606 1788
474 1824
1332 918
1398 1095
2025 1254
1920 1716
1939 150
150 1761
410 2144
748 830
557 1220
1520 1138
800 2123
1831 1080
156 1050
153 595
8 2093
1921 1886
518 1516
2150 2011
137 1957
718 1915
1919 1604
1046 1656
1487 268
2147 284
282 1209
1802 1209
856 921
722 1005
2142 1824
1478 2115
1989 1999
864 1068
1490 884
768 944
714 1695
1174 2163
2053 1958
1090 1823
1100 1919
1160 1242
832 1008
458 1262
522 2108
477 852
817 47
2019 2020
997 2078
36 1633
1236 1186
171 731
2070 634
84 1013
975 1898
1852 136
1221 1500
1532 182
2066 800
659 1449
1115 2186
749 1474
1946 329
1175 737
1126 1872
1050 179
856 374
1087 204
1321 1004
1502 110
1285 1618
600 5
1721 169
1353 2071
1133 711
476 1417
1351 952
864 1100
2169 141
943 1821
920 322
1068 927
988 1439
2173 845
1957 1310
952 1212
1954 1757
1976 2033
700 971
124 1920
972 554
902 888
986 2148
275 312
318 461
1572 559
1390 1169
488 890
393 1176
1179 1551
1504 887
2197 30
2156 304
1694 961
685 1315
25 107
580 326
337 558
1250 1105
1057 879
235 1107
1574 1310
1953 1730
1577 1925
8 658
851 1869
1556 1319
1335 1570
1320 1885
1175 2023
577 1695
291 1525
149 238
1847 657
1757 1801
607 2148
295 1328
1177 1582
2146 353
344 758
43 1346
780 1514
490 2076
227 652
621 1931
100 1981
35 1052
1694 880
1924 1883
146 63
192 1574
719 482
2158 1734
264 234
370 553
308 2012
1833 403
1049 581
1885 231
1208 1913
1917 443
2106 1465
297 1604
2015 1487
1032 1330
1037 1734
1242 1126
609 2009
1930 343
1453 1987
1211 220
513 36
2007 1709
111 1241
385 1505
1049 1541
279 175
1725 982
101 1627
42 2044
953 1167
483 1145
1228 123
2126 1308
1279 1874
1329 377
1217 453
312 1561
1064 761
1433 2045
1070 1986
2102 1339
785 285
1712 928
745 1081
1483 2144
76 1125
888 1582
839 703
818 1423
656 1013
2006 791
205 1003
1491 1999
734 548
515 612
744 1069
1558 1951
441 396
690 247
902 755
1823 1249
121 22
1077 1232
975 497
1033 97
299 1095
427 922
142 2050
2092 1079
697 1638
631 729
1007 1316
1951 773
1146 1869
1422 1029
497 1866
74 857
1832 1225
2133 1933
1123 1255
933 2158
1998 1734
147 1877
503 1476
2193 896
60 828
1768 1600
81 646
1259 214
1442 712
1581 962
1149 164
2019 645
542 2114
2165 1999
1636 2002
223 1008
1130 417
113 1777
691 1793
1816 1953
1312 1462
2083 1542
598 1943
1469 1652
942 2140
938 437
125 1261
1377 995
846 226
1971 1036
468 1646
1547 1403
1083 1905
39 1705
378 381
2054 405
2003 1509
1991 1499
858 1369
1840 2141
1982 495
326 150
763 1421
431 1778
1363 452
1251 1485
27 1939
588 582
1878 903
1868 1406
682 838
1398 502
1490 418
2061 2087
96 535
1283 962
2040 2014
1300 62
1560 824
1483 1555
1967 325
193 1985
994 2005
888 1584
1300 1621
331 146
411 532
1012 923
613 209
1858 878
964 616
2067 2052
4 1403
1233 18
1141 2007
2151 186
481 1022
1484 1310
89 535
2074 1797
758 1868
1843 1864
895 1124
2174 1214
961 1555
1822 2122
1583 1873
1868 816
267 1113
872 234
1082 703
1510 105
1757 2030
1912 820
1273 54
544 842
301 1042
1577 2052
930 1520
227 1353
2111 814
2152 524
1999 1600
1356 420
627 256
1083 1173
780 1385
1590 1992
279 286
1917 2119
2016 740
114 617
570 108
2079 1925
1850 1864
1883 832
207 292
1487 331
346 469
885 876
229 2130
1184 983
2194 971
1661 1734
14 1482
419 591
505 884
1831 1384
2040 2170
85 1540
1797 1940
1167 656
2071 1956
1209 1272
1374 1044
1859 1132
1497 1558
1477 1451
242 464
350 1283
108 1607
1723 1886
838 593
440 954
1210 367
1340 1991
2154 299
2161 2150
1016 459
287 851
717 522
41 1821
330 913
370 430
1568 39
1879 817
1976 544
373 1152
1011 2137
1641 1351
1528 1378
1213 2039
484 1235
1671 1353
376 1575
2163 1730
1513 1103
152 2161
266 836
1684 1204
86 1144
390 933
1682 1759
1845 1276
1258 94
954 157
1596 1996
440 1078
607 346
1024 759
924 399
676 567
1582 632
926 1611
1911 1488
395 735
2150 2005
1279 313
1745 240
1852 246
1609 1980
240 1987
1149 761
1629 1126
1895 802
959 513
1642 1951
929 1976
990 702
638 822
1508 1520
1505 747
1686 267
551 2017
1356 33
1747 1134
323 1450
1189 323
1591 936
1493 612
1983 220
754 2056
1460 972
1293 433
947 952
1933 1549
2075 1247
731 534
1898 642
18 1742
1881 384
545 1017
1547 2107
1982 1455
944 1251
629 301
174 2115
1751 1857
1740 1532
830 1729
1950 641
365 1393
1487 1255
12 1119
357 457
381 851
1292 1050
155 45
1902 436
1101 1157
1978 396
834 1294
4 1930
1742 234
1429 2106
1162 1915
1422 787
296 686
420 670
658 356
231 930
638 1510
935 2144
1996 688
326 365
656 662
1614 713
2063 1269
886 711
1345 1276
1012 1135
465 1022
1522 246
1455 1985
1904 548
1454 1050
68 1239
2106 826
2054 606
1086 1071
2129 1352
1453 858
1035 1653
1103 488
2011 719
1139 2079
703 1422
1320 1151
1603 645
263 812
424 46
213 977
766 1015
260 176
558 555
548 1359
193 2054
407 871
851 1018
2190 751
651 416
2027 387
377 1349
1035 449
2095 570
1409 494
2083 2067
721 1453
125 709
1987 1381
475 289
974 950
912 617
160 900
1955 1950
1642 161
123 1199
236 1877
275 540
1566 1049
849 307
801 890
2130 807
270 268
33 984
635 1410
1905 289
565 854
1964 1622
1619 542
1434 204
3 1827
737 1927
746 461
1357 1900
390 845
604 491
1603 1980
346 100
1976 2134
1420 1943
1401 804
1373 1003
1126 396
1252 2190
1385 1509
151 2094
642 1147
1870 1434
830 1574
1103 733
16 554
707 1036
2109 1995
1244 1285
1385 1382
1660 2004
2032 632
116 1251
1182 267
1991 582
977 955
1468 1738
1156 1767
1621 1342
885 1413
60 346
1110 683
1783 2158
1696 721
193 2065
1666 219
1798 182
1119 1635
1656 1673
179 1393
1122 218
1811 1500
1714 51
970 113
981 1585
371 417
1537 1987
1931 1501
217 660
1275 1468
256 1864
1570 1169
1185 910
1157 343
747 1603
1061 894
1360 1072
1476 414
545 1768
1943 874
824 271
1654 848
1328 767
1127 1455
1186 833
1594 1424
1940 162
453 1528
1492 1025
1732 1373
1042 1700
907 418
1403 1959
1448 932
308 2023
1688 2189
1033 1183
164 1720
1904 1444
880 2198
626 1855
2105 266
1308 188
1529 739
2164 717
513 490
1462 1985
1294 419
208 526
710 1193
1922 1697
649 312
546 1622
1631 1513
1235 517
793 1977
501 398
1680 1616
686 1189
1209 549
238 612
732 1946
1745 120
2041 1476
1780 2024
835 97
492 1751
1364 1284
1621 329
1132 225
1401 1906
1051 1951
409 399
386 962
636 1609
1567 1905
2178 1691
1978 1632
713 147
1438 134
467 1189
1800 312
338 1214
845 1440
1419 319
2008 2072
1498 380
1984 384
55 1348
1853 1344
99 2019
1340 647
425 483
1767 307
1900 1626
1892 940
854 2080
513 1637
1623 1731
335 1013
1838 1134
1613 1233
459 288
541 870
1401 1355
553 2153
1955 1254
1234 2007
2014 1234
673 1551
1722 309
624 1248
211 1307
341 413
549 1729
2076 1589
192 1749
1324 1604
1358 1350
680 1168
1446 1760
829 234
1223 457
72 2085
1159 1783
1475 2038
1348 1025
793 1120
1517 1225
753 219
2021 784
210 97
1355 1258
2091 1973
574 1323
439 1557
1717 1383
2059 719
1698 2148
919 278
660 1782
1921 1696
566 967
178 2015
414 1914
1204 2050
847 425
904 957
1922 2178
451 243
1463 231
1708 1465
868 1891
1462 436
1428 2029
445 1134
578 161
1608 613
1185 2043
820 633
157 649
2197 140
240 1927
1540 229
1 1060
29 2128
582 817
1309 975
460 2193
244 1764
1892 110
268 417
334 102
1222 2094
1165 1030
467 206
1734 1000
128 1573
1674 2025
443 1013
1408 2157
13 1264
2005 1099
101 1431
2116 876
615 1649
105 144
319 618
1822 127
1957 427
1079 2152
880 775
180 158
798 1241
2065 863
1758 517
2031 144
1522 669
1345 1889
952 474
2179 347
1759 1187
1742 1220
1375 2011
922 970
1963 1766
1700 1154
1925 1351
1209 1039
2113 1368
1580 298
832 788
594 399
195 1529
418 781
1310 1992
399 786
1561 1367
688 1505
2089 1272
1137 700
374 1494
307 1785
2017 1716
1294 1763
529 981
1924 2105
929 1442
1964 738
1668 1361
1479 2165
653 2135
1692 1562
329 1179
304 1915
1697 1055
1610 1366
1579 1713
124 504
1004 1947
596 1892
2022 2082
900 1118
1073 1628
2114 329
1446 990
789 1898
658 174
1938 783
836 2153
1876 313
1374 1893
1197 2108
1368 1096
511 1624
33 925
1135 1797
2101 679
1914 1724
563 1778
526 542
2025 812
605 1867
552 838
1961 1635
488 86
1486 94
1670 198
823 1915
1451 951
670 1567
1531 1656
2158 1391
136 955
1406 1837
328 1227
2028 1086
1149 281
3 1521
78 147
1955 1634
1533 1227
2089 1952
1318 91
725 602
1689 615
884 1630
679 1657
365 221
897 383
2197 2
1063 82
1935 284
2083 441
702 1142
1015 1788
243 688
1622 1897
1839 1706
1511 1730
1945 1031
1876 144
1188 1785
1196 2009
1495 490
1437 352
1586 160
1187 150
532 292
731 1241
1411 108
1432 1503
922 1089
1291 1831
1970 1790
1491 558
2172 1876
243 1386
1527 942
896 1173
2160 698
1394 1889
556 33
2126 381
1774 526
351 990
1805 1621
780 1334
1038 1487
896 1717
1569 1901
967 94
764 743
1665 794
2091 13
501 1650
824 755
1946 98
1299 1075
1215 73
1197 1707
1058 1382
1041 697
1161 578
1457 1986
962 1612
1938 268
1163 10
182 1339
1606 728
1589 2074
1737 272
201 2152
1879 476
1864 1631
893 506
778 43
1211 270
901 719
2136 1402
1518 107
255 2051
277 62
865 1265
274 1518
1271 1854
1716 797
11 215
1906 2122
1723 504
546 50
1104 1662
1319 1799
852 1908
1163 1881
1449 1045
2100 1398
162 146
1495 1513
1642 1115
58 32
808 607
109 1712
530 866
1638 1405
797 128
639 351
1380 922
2192 702
298 1183
1556 1849
1859 218
173 1868
803 1215
2026 1286
805 1228
568 770
1506 2065
2103 1489
612 1447
770 80
72 565
129 2133
958 411
1346 725
322 309
1646 1676
1324 1789
2038 486
596 78
945 1075
230 736
342 1327
978 502
1789 533
1960 845
568 1801
2199 1110
1084 572
1069 804
867 1771
816 1139
936 1179
2112 101
2145 2031
31 997
416 1761
600 1816
321 1791
1508 1453
1105 289
1397 1487
347 1786
1628 1579
1941 438
297 754
1252 412
1821 1899
1048 89
617 1306
2034 1899
223 866
1972 368
1689 1266
1129 1662
355 348
183 1151
1252 2157
1479 1395
1428 50
510 2096
1109 560
527 1965
653 1307
2055 12
2116 785
433 1752
1303 2017
1716 484
311 462
1870 381
49 114
1622 17
1790 93
1419 1266
1936 95
1098 336
1790 391
1629 1100
996 2198
606 1617
1957 672
1373 815
1801 1097
2162 590
2042 1781
402 484
1417 358
1421 1210
1290 40
731 295
628 230
1913 363
34 658
163 1275
1752 990
2174 97
1712 939
465 969
479 1467
1842 1405
763 1813
176 2092
1624 774
910 695
519 817
2123 77
509 270
874 877
765 771
1254 1695
1635 2
816 342
1548 246
1721 1215
1709 1647
1333 179
1754 566
1671 1191
1015 538
140 622
711 858
260 67
499 932
1480 1650
1111 2143
1820 61
2026 813
2083 2114
82 1151
2135 1690
959 457
1720 1119
2126 1263
1443 1150
799 1293
105 441
1127 2095
381 276
525 1332
582 478
2043 1009
2069 2109
1289 295
1930 1099
2085 1251
1760 372
1199 801
1066 327
2090 1601
511 144
265 102
156 2035
1696 256
1268 675
946 563
1728 297
1095 89
277 898
1388 206
1193 1833
319 145
1063 1732
1910 1427
215 1347
403 253
1136 2036
21 310
994 682
842 1550
80 284
1363 77
1189 1459
339 369
1573 1004
1038 428
2015 1157
1593 1568
1573 1341
1599 2176
772 818
925 1631
1562 1782
1053 1588
336 409
253 1101
135 1666
1731 1522
750 218
265 1167
1510 1132
1895 507
186 1367
214 772
1595 1520
1593 1174
739 121
14 1933
579 681
1916 990
543 1652
698 1968
1474 2152
980 116
1803 1677
534 487
773 1343
1569 1066
41 1076
1865 18
1396 948
1649 440
1128 1624
1792 955
756 1738
1088 319
77 1409
462 1290
127 662
974 1708
787 90
441 1065
1501 1218
1305 1524
1612 693
96 1557
220 740
1563 916
521 1549
863 588
1394 1910
1968 644
271 620
121 2114
1391 2034
1538 1535
1695 213
1795 1997
426 2048
802 412
528 123
1022 1379
856 615
1322 1654
647 846
765 1515
1965 398
335 564
3 225
1539 1346
282 21
354 1107
657 1281
805 829
2018 1243
1541 1283
64 930
899 787
238 769
1207 52
1752 844
1334 1928
2072 1647
1855 729
1516 2132
861 1292
107 126
543 1805
1600 1696
292 1775
1819 601
1307 20
1078 357
1017 297
1581 1619
266 2161
1167 274
825 297
1417 11
104 962
237 127
265 1617
1075 1426
2138 1559
2072 63
2125 963
144 857
1997 1749
987 297
1421 1165
1623 1329
457 1810
52 263
691 835
1416 2163
37 467
1034 1826
2043 977
1733 870
52 1835
87 662
2108 2151
916 1126
1994 96
2171 1611
1513 50
1706 1999
346 724
580 729
1227 312
1997 1561
583 267
1210 2047
2171 2084
480 931
1301 451
1122 2092
1337 1955
762 166
918 1525
1423 503
1925 993
1783 1471
1792 1617
1816 1056
1184 2083
1285 51
1511 903
169 1828
254 1598
2108 478
2027 621
302 1158
1982 154
2175 1140
116 383
716 818
1657 1472
1796 693
1501 1235
1363 71
1741 1283
1777 1910
2065 1678
1408 368
150 236
1008 590
519 1585
1143 1893
1451 1269
1512 1147
1357 685
905 2149
1507 463
1972 1315
2184 976
2166 2090
1690 57
1701 415
508 494
30 2081
1349 844
1704 600
1176 636
1573 1662
1881 1719
314 144
1985 1066
2076 427
1277 1311
1923 274
129 1418
1980 1552
1651 333
638 1591
1663 2136
499 812
2007 1129
76 1738
2122 147
1243 1532
469 2009
1160 1513
621 1350
1123 354
1057 1536
517 1277
1503 1317
9 954
77 581
459 1967
2196 572
1025 274
269 582
165 1442
886 231
663 809
915 1
1988 1554
1041 1725
718 342
618 1254
1541 1865
1586 38
1540 317
911 792
516 382
90 1155
1191 1717
1555 596
509 558
176 463
170 657
833 1786
1296 12
1455 1122
867 1852
1589 1411
1314 1165
1543 1653
92 1206
1370 109
107 1773
1703 482
1543 307
486 753
1582 109
2038 764
253 1456
359 890
1253 1546
1238 1323
790 826
2000 461
1050 1120
129 45
1894 1924
1265 1745
52 494
1413 1655
712 205
1643 2104
939 930
694 254
1885 765
306 1523
1890 904
278 152
379 1421
339 553
697 1443
1905 417
2191 766
783 1267
1915 2146
1963 1917
101 431
1504 1895
89 1560
1837 907
1807 1323
146 183
1779 974
73 540
620 421
498 459
559 1224
1528 1102
267 1331
1944 115
1226 892
2138 25
1687 1959
1510 1750
1492 1800
1640 1373
418 2118
1713 2039
1690 1457
241 612
1243 1050
1244 2152
197 1635
1322 17
505 826
413 1132
737 929
1580 736
1933 1780
187 1677
1118 1086
1331 62
579 1022
1588 797
310 1507
113 2022
392 104
83 1096
1670 324
1543 1747
1420 1690
862 377
1774 345
865 1605
1039 864
2039 312
1891 2082
680 555
976 1742
246 1669
140 118
1145 733
384 634
735 2113
2149 1577
905 2140
872 1605
1071 139
749 1864
766 2053
1847 2068
995 1015
1067 834
162 954
1598 1307
1959 1920
1156 1132
1736 1665
466 1851
226 1076
2141 2007
1735 1239
810 865
1842 679
466 564
2106 2161
1637 1622
625 552
1057 986
855 50
786 1361
550 918
1544 908
692 822
280 97
1289 1753
838 1535
964 1021
1519 867
334 931
476 509
35 1976
709 300
1127 301
1667 273
1477 1512
1092 1421
852 1792
1553 1459
494 856
727 2127
1070 587
563 1102
1352 735
1414 1807
711 305
1022 1478
2111 2198
710 906
701 1865
1883 777
387 1144
1741 1771
1822 426
1948 1084
1697 211
1175 738
658 320
1468 1854
276 1294
67 224
518 1262
2032 206
973 651
859 710
373 1855
908 970
740 76
344 2136
2169 575
1619 932
833 1120
1776 1135
343 596
177 21
45 926
727 1133
44 560
1597 1396
706 362
1626 1519
980 962
1825 893
1778 378
468 682
1763 207
1817 494
1556 1440
563 1246
458 410
637 2052
1297 766
1683 403
436 6
1224 6
665 1841
687 1564
824 93
771 2180
1026 1153
1611 601
695 1542
2183 1294
839 1519
1091 1452
276 443
1715 307
341 1044
446 1564
1559 1737
679 1307
120 1284
1961 2132
2137 1953
64 1097
122 1019
312 988
155 1686
1405 1917
1307 1781
231 194
959 1245
538 84
1990 2108
764 1445
993 163
312 820
1986 1355
622 1147
1061 1217
229 1944
761 1542
1205 438
460 1630
454 1856
1938 408
336 655
1607 1612
826 1761
1113 236
1996 36
1269 1011
1886 328
1544 825
181 1247
1212 2150
2010 1579
1030 1347
599 1529
458 1237
136 1859
850 1018
1856 1748
767 455
1187 495
2088 618
1488 1115
1235 304
1042 1896
2030 99
675 1398
389 1159
1390 1478
1998 2099
56 34
1210 1666
953 1337
2136 911
992 1796
223 976
855 2030
742 885
1403 188
1458 2177
1807 2097
1983 1539
743 1633
2001 236
377 1006
2067 100
1081 2075
143 540
2188 735
619 673
237 141
327 420
1324 868
1658 1934
1739 1247
1713 1763
550 700
981 1827
252 1934
285 365
2051 1241
62 338
788 31
670 443
829 418
1907 310
887 30
1561 1771
1738 380
569 1325
385 1870
2160 761
1536 1305
1485 106
1844 572
866 2120
243 351
1498 944
485 927
694 41
1360 1629
842 1849
2107 245
1672 966
897 2004
281 1745
1426 1160
300 331
576 98
679 1601
198 241
1745 535
1150 784
1788 1572
1168 478
1756 188
1753 1509
1166 253
1934 395
205 117
1904 145
244 465
1856 1803
1368 1463
1526 7
852 1903
2043 114
1505 886
1437 1172
1871 1170
1122 1890
307 822
429 10
17 848
633 1892
2124 974
470 583
1023 1046
377 2121
387 572
504 150
536 588
1743 163
32 1697
1027 1651
188 1699
592 1460
1732 606
1557 1806
911 1922
772 1338
716 1023
243 633
951 2010
759 1487
1140 859
752 42
450 730
1688 100
1348 2173
21 1436
239 1771
552 545
1750 1476
577 156
1072 1507
2139 2172
1507 678
2153 1312
966 1551
1286 1674
1020 1466
897 2076
93 2068
84 380
81 1750
116 2010
2050 387
443 2013
473 1381
786 975
873 1992
2073 1206
1554 897
624 1557
1669 1204
1815 1357
320 1376
1684 2199
738 2136
1058 566
262 1303
327 571
554 415
1697 89
1884 593
1764 1801
1218 187
506 200
9 741
503 391
1440 131
299 494
2142 1778
88 610
732 1270
397 344
1178 1996
1214 1111
857 639
852 1232
1076 1874
1080 154
294 203
1663 796
1471 370
1279 134
1244 1408
47 689
1986 1910
1979 1753
453 1055
47 1624
803 298
415 2044
50 295
1589 647
285 386
1814 1482
1896 1569
1542 1732
1593 1543
1026 435
806 1654
432 2068
348 1322
541 7
16 138
333 1339
1206 1144
823 1508
903 1634
998 132
868 488
1083 225
1473 236
1112 1944
2141 1912
474 1883
1755 1215
2036 1969
1992 527
1877 2131
568 117
2128 437
1081 1309
1860 832
1037 1016
1855 1182
1143 958
870 1652
632 1968
58 1790
1583 314
1443 323
1569 728
1448 920
1258 564
930 1566
1135 1595
400 998
439 542
778 1953
368 557
1552 635
1323 527
659 1000
702 1470
1644 323
666 418
692 642
195 1987
1798 1606
676 275
79 1496
2143 731
482 1397
1198 2187
422 2199
421 813
1933 2001
423 203
1023 2011
1237 1657
37 434
1218 447
1736 1093
1484 1726
273 371
1278 760
447 1455
1793 1620
1313 1866
1317 1432
1144 1443
1036 1888
1610 322
1833 1674
2110 613
594 1808
1179 1589
1689 196
880 2046
1236 1026
216 503
1191 798
44 1215
1966 1838
1699 528
131 1929
971 1106
188 1333
1317 731
1820 324
200 1040
484 1000
1878 1010
1085 172
88 350
47 1208
111 525
2073 524
1133 128
725 1520
2100 1626
1172 1308
1159 1713
939 808
2002 845
1525 968
705 948
1902 1831
1005 1501
2066 832
176 1937
241 2001
1284 1097
218 602
640 177
1396 1175
1229 1265
1009 639
2155 2145
1118 756
1079 640
79 94
2174 1229
2170 1219
2198 1442
1998 651
237 1690
65 1453
634 771
198 104
1974 2029
537 2100
1931 1417
1714 334
2096 2081
309 1853
1733 1566
836 1554
1316 876
914 1956
2065 1094
1786 1600
1600 1055
1532 500
965 2109
1678 1255
703 682
345 1030
950 1859
1232 468
1218 2163
1502 45
1170 602
1963 2177
1779 1973
540 1130
1886 446
2013 340
14 1832
1098 1229
1006 308
720 689
478 1671
547 1943
983 1239
1440 330
1291 618
743 900
848 1520
1826 281
2055 1502
2032 730
95 0
407 1076
1133 1111
571 1919
112 805
1439 36
793 2174
1893 2183
1682 821
913 1099
2067 1161
950 122
1923 1212
1861 1587
656 1304
2183 703
1529 742
1841 630
1550 849
597 690
1199 2181
756 1059
1131 233
1110 1632
1202 940
2073 432
931 303
1751 1633
1987 1819
1347 1029
1153 1287
51 1479
1044 109
1981 1800
1413 1451
1977 1073
48 58
1574 1171
2009 1922
991 1912
109 1659
978 1947
572 1669
240 5
1681 1366
1798 1590
71 556
1308 2099
1604 1436
0 751
38 13
1815 2193
1704 69
437 713
1715 1503
554 1182
1782 1235
1035 2050
287 231
452 733
2198 73
263 318
730 1709
1910 1216
202 967
486 1092
1442 662
957 1290
375 292
934 383
572 1548
1449 129
1772 1627
477 751
307 2064
772 1492
586 488
706 1269
842 226
899 1469
336 1526
1975 2020
1363 153
188 1268
196 1804
404 979
1164 1611
233 2115
921 391
923 399
1132 26
1063 1216
178 1903
1065 761
2062 1417
1052 1396
2099 1741
29 1627
1195 231
1965 961
1305 1683
367 1257
684 213
1653 763
1509 544
828 243
1323 1115
1190 1614
1040 1231
1942 1703
2060 1047
1584 1079
2059 852
478 1592
1615 1113
585 1512
2139 1555
315 1116
1780 1097
1164 352
1744 372
1444 1422
1151 726
152 1536
1944 1897
1747 293
1501 872
1395 1281
319 795
1929 1097
1000 247
917 1290
122 597
1667 903
952 634
142 1547
348 103
784 1481
212 1744
185 191
1783 1104
1549 1787
1427 264
1688 1825
2143 560
1131 1094
100 560
285 318
890 856
727 469
2058 1359
1956 1448
238 45
1208 1598
1298 464
442 378
691 1397
406 919
2030 448
1364 1443
2045 1287
1110 1207
1898 483
583 1337
1452 1229
1934 469
1056 388
1534 2052
1806 959
1567 738
1749 1632
392 760
870 2032
564 617
2088 1417
1935 1143
1748 218
1728 614
1848 218
2044 581
444 1301
1607 708
1782 743
620 881
1605 2144
1917 1056
2162 998
85 873
1195 1653
1397 1411
854 1639
1245 2153
1291 563
189 444
1028 203
1785 220
429 2187
1436 1781
1809 515
55 2161
2187 2049
1603 2088
1936 1363
1407 806
189 2016
861 399
2009 898
1330 912
35 738
1409 1723
484 566
1006 371
1124 380
1012 485
2119 1214
2078 2102
1656 761
2104 1565
388 458
1846 1571
216 937
1384 453
1943 1463
31 2076
1415 336
588 1627
985 629
252 638
1669 543
143 1789
535 404
615 90
1290 10
1888 1451
741 262
1021 2060
126 513
537 1564
335 1182
28 400
1743 2012
2179 424
1887 47
1028 1178
268 226
1398 600
1762 1397
365 1326
58 102
1985 747
1148 1225
17 2191
174 58
1261 1245
1382 8
298 1531
858 53
653 1262
1071 1605
711 1661
561 1013
1312 650
509 1631
82 2042
232 978
2018 1549
1804 446
1426 38
1424 1677
438 1858
246 177
1305 423
1044 1925
1058 1986
361 1180
1488 369
714 486
1657 2145
2016 1572
1221 1159
969 1154
149 456
574 861
949 530
1130 98
1509 1983
1281 1598
1216 1874
2140 975
657 1265
132 831
1374 688
433 729
1151 1122
1429 1685
1020 245
465 1017
1527 139
741 2002
724 1904
1996 216
520 2087
1673 17
1704 1128
2005 1689
946 673
700 1124
1505 1672
1092 827
907 1804
256 1761
194 1746
196 1865
1221 1740
1219 1602
2 870
722 591
406 242
1751 396
1617 233
672 1886
2195 757
166 421
1766 1206
1488 1869
135 1327
2131 1317
1047 1635
1162 1145
1199 263
1681 1712
321 165
68 1328
1126 1275
1251 1851
1661 249
419 485
2031 1152
1021 1251
879 38
1605 390
663 1592
1406 947
1077 57
1583 1669
970 1024
1111 392
2175 116
357 1761
1877 1494
2187 777
1552 16
1390 1550
1181 507
815 591
2124 1551
1122 316
796 692
1167 1632
573 1345
963 254
993 473
676 2109
819 918
1272 1062
397 1072
1378 2145
1072 1350
1369 1917
1080 723
1008 1816
659 1182
396 1287
306 605
298 693
592 709
1014 1860
327 1165
448 83
1931 1499
2153 1067
1458 2055
1247 710
814 1442
2056 180
1630 1909
1717 2003
654 1465
1834 1777
1323 1301
2008 2102
935 408
428 1989
1166 1725
34 597
837 2068
1049 1992
448 1431
1901 1595
515 1503
349 1946
2132 1625
1975 1657
1260 50
253 2125
199 812
2135 589
890 1601
2094 1769
424 1279
619 1990
1826 1678
248 554
1946 1336
19 2170
1331 1878
1154 109
1566 1642
202 487
145 139
250 2191
1111 23
1753 1136
1457 350
959 1390
1651 1011
1829 1259
951 2191
1993 2118
701 1422
1230 1270
1105 1050
123 1949
382 1296
1707 1675
1173 967
1534 1093
369 1416
1257 1136
1647 1174
733 1686
1715 851
360 151
1027 959
1547 2068
566 460
503 1599
4 1714
1554 1910
1983 2158
2033 1176
2117 195
1171 1072
840 409
2112 1642
1365 1993
1388 513
886 493
1692 1546
1720 1371
1478 1041
1962 1421
28 1935
531 1597
2056 1852
1449 1604
333 2050
1722 1536
1031 1378
470 1248
1568 1742
1869 209
257 1782
2198 369
1097 1989
522 104
706 437
627 929
1169 1682
826 394
927 660
288 615
1846 303
248 1619
692 846
1519 1638
313 109
1727 553
962 1435
1225 1483
1327 123
10 1097
1702 2092
854 541
1575 762
1966 2
1102 1313
1830 693
1255 142
1325 1092
1395 849
771 1834
952 741
1908 906
34 184
598 834
1740 143
860 1690
174 880
449 1624
818 992
447 1695
302 1485
1340 1704
554 14
1733 1151
78 1143
1773 1246
1535 376
493 2080
501 1513
1540 1368
913 1831
1699 1772
2193 1567
1116 1195
1399 287
155 898
1222 883
1971 1385
999 1191
314 416
33 1462
279 1644
667 1253
1762 622
204 2001
988 1925
2000 1392
1306 1422
1399 975
1880 2099
158 2174
447 1908
689 86
234 1189
58 408
1968 1440
475 159
698 407
451 1625
372 440
575 399
95 2133
1941 1453
1530 1050
1404 975
89 77
1489 1550
2029 367
1762 1336
930 1410
871 727
2133 709
1335 912
618 1318
1351 1460
11 2135
1685 66
409 491
461 1969
884 1443
922 1476
2184 831
793 1783
370 590
1203 265
1231 3
664 1358
434 66
1647 2134
1774 2029
1666 1424
1905 19
1878 796
1144 1170
1192 1821
525 963
1572 713
1907 533
2034 972
1685 1034
511 2121
446 2175
568 884
2114 1688
322 444
2074 378
270 1051
1162 86
130 800
337 894
1125 663
2049 227
2058 784
2035 2077
933 1549
1872 1034
511 596
338 1886
22 1934
136 905
1761 2148
973 1460
1118 1823
1217 275
1870 1337
487 550
530 58
494 1864
1180 804
1143 2018
873 854
918 623
184 1262
189 863
217 1565
673 1100
1585 49
665 1374
1790 355
1403 567
1421 2131
634 950
651 1105
210 222
1274 813
1412 937
272 1203
182 893
718 1154
191 1939
420 708
1138 345
425 307
1697 224
138 293
1943 428
1748 117
2185 649
1378 233
589 2038
841 675
9 1610
957 1962
1969 1079
1940 497
1953 1059
1565 1072
1499 1527
700 1695
783 438
2058 233
96 2094
535 1912
1694 241
1505 1919
1077 1991
1890 1559
987 1132
617 1340
2040 1884
214 1834
325 735
766 2134
876 937
1719 1218
37 1440
1674 1296
212 2108
644 996
25 2124
1494 191
1645 467
1646 1715
380 594
800 1816
1284 1803
1722 1387
1295 782
1159 1998
1266 1901
381 52
1046 1422
1533 1605
530 1442
1413 1647
1056 1707
2087 974
1633 331
1 1086
1688 1319
230 100
12 770
914 1844
1039 1378
1146 1444
967 196
1781 1029
781 1147
1773 59
940 440
575 407
1830 234
689 1044
907 302
1802 613
1939 1086
1869 38
1591 301
219 624
1123 667
601 1914
1389 1398
946 1655
1882 971
2023 1130
984 1156
283 1729
885 590
1794 732
2025 1741
1093 1124
482 1307
944 725
1572 2045
207 2125
2000 11
416 545
569 975
893 1821
1359 147
2101 1765
1201 1187
360 2192
1414 601
410 167
1262 1883
2141 652
963 455
1676 1504
1419 1657
1462 69
2069 410
756 846
1800 527
2051 80
1771 999
1397 1671
698 1235
1459 1051
236 293
776 1607
1588 622
1789 1846
186 2124
754 616
4 716
1234 2068
2049 1178
635 303
1466 1110
2090 740
500 646
2006 1730
2087 1777
254 90
174 1592
1707 2189
2113 810
1032 1656
21 1269
607 89
26 1186
1960 107
1234 833
43 320
779 1189
1470 584
1475 735
729 1855
646 1516
1598 1009
2190 1344
2 1122
733 1648
18 1990
635 5
2024 1371
729 781
891 560
807 1311
159 1736
1781 528
848 1245
980 1820
997 1336
281 2118
191 541
1169 612
1902 1667
877 112
502 1177
1764 94
2192 1824
1814 1548
1937 1339
732 1296
1565 315
2081 524
797 1594
267 1211
1773 1691
934 2082
723 1969
1573 738
1726 1294
1645 1592
1612 1956
1427 1978
916 185
154 1505
189 1768
1962 579
1561 1212
24 1650
811 1911
1471 542
541 2074
1559 1492
249 1252
54 1287
828 1320
865 845
1096 1128
1716 21
982 181
1270 437
408 605
218 1748
661 927
59 1637
941 958
1840 164
1318 1588
820 2122
1219 1819
172 2147
1137 1898
380 1627
1899 1252
1759 512
1379 1590
1768 1681
2176 2186
1922 1342
1858 1878
61 2148
500 139
1273 1323
1991 1232
652 599
1808 1599
2153 1071
1992 1179
437 196
2156 1250
1846 1555
1275 690
537 429
1425 601
472 1122
2063 1758
232 1666
1799 517
397 14
495 86
382 1909
1475 1752
273 708
2196 1536
1311 1611
1371 1503
1224 1197
1434 202
74 67
1465 53
1141 660
1898 608
878 2162
2163 637
895 1835
1962 2096
1705 1099
849 1468
1113 685
1764 1581
373 672
379 332
1302 738
2185 1815
507 600
1575 1940
552 64
537 786
851 98
1429 1001
1867 12
668 113
733 1187
1775 2126
939 779
1629 1042
1718 808
1594 62
979 1037
1801 755
1686 610
1254 1304
109 1847
53 1213
414 165
2078 1414
121 302
677 909
1448 145
1899 2122
2102 1305
1296 1844
1004 852
1893 612
275 1589
1248 274
721 876
536 2158
383 584
1775 87
1161 279
1657 1525
80 1704
1541 982
284 1775
68 2053
1759 1934
1608 352
1636 770
384 1502
1881 268
1241 720
186 1272
1837 55
876 576
1588 1860
1229 1945
1490 1961
1626 1312
683 42
356 751
1817 2062
1807 1147
1059 1878
57 88
259 403
412 1377
1609 1532
1967 683
228 1636
894 104
1027 467
213 1498
1491 1570
750 101
1808 71
297 1511
1436 157
1090 2109
2191 801
748 153
374 1131
616 1957
177 540
1912 1834
550 516
1662 395
869 5
726 397
461 1249
1217 552
1272 563
1038 1741
1391 19
2039 2067
1101 1152
614 144
1705 2182
30 772
941 1032
1247 369
368 288
2071 1850
1961 481
1779 1984
1970 1379
2168 1968
175 288
1381 126
1476 127
2093 1510
1928 743
1754 1873
1496 231
111 888
228 272
2015 407
791 929
2085 59
696 1539
840 1129
1478 656
637 31
504 558
1071 1666
800 188
1450 2182
1341 1004
400 74
477 903
1481 929
1339 446
280 492
690 2025
321 84
1268 371
1120 870
1213 1566
2054 802
276 1048
1244 1951
1150 1404
159 1679
2050 139
1546 2143
42 97
1387 56
459 1996
1643 10
915 1139
1646 1305
1402 833
659 1933
1992 1087
337 1186
2186 1049
1898 1058
1056 2111
1698 765
779 362
548 1409
877 667
2064 2140
1565 1779
716 1976
350 791
472 1467
1812 1946
439 682
771 868
270 154
963 956
2151 129
1958 1368
514 1658
979 1343
500 895
1174 1101
173 2009
2108 930
1377 561
1514 806
784 703
91 1607
1666 336
749 1392
181 1230
1628 136
818 1051
442 500
1739 463
1961 80
809 169
1578 1855
1359 1861
1935 1904
623 1026
912 498
828 1804
1183 953
2022 1006
1388 1710
1226 297
2111 357
363 488
1076 644
1066 1333
1866 1279
317 1975
810 768
2108 1105
1437 2155
1054 762
1302 2086
1121 1463
999 1272
908 1094
24 157
1913 507
792 571
1409 1513
1179 375
1900 813
1546 1419
1936 840
2070 269
1864 425
1010 518
747 1221
93 213
1220 1154
83 878
261 512
810 1635
1691 1289
1017 934
616 740
751 1720
1867 1407
877 1191
655 786
154 1323
1624 1088
167 2027
182 1447
167 629
282 703
2134 2127
86 1557
348 823
1329 359
578 1737
2149 1467
395 584
1607 2028
133 1274
2077 463
1518 145
1280 805
1016 2027
2082 218
598 446
1379 711
783 846
1797 90
1530 2140
2085 1988
1175 1643
2028 326
473 503
90 443
717 237
1417 832
1936 2065
474 1476
611 549
1729 1934
505 1705
607 1675
1206 556
1918 286
2024 1219
1382 1964
1295 2018
1913 1735
1513 930
1861 1205
1394 922
945 2014
872 1408
1292 1156
1973 413
1935 1292
1091 1215
520 2010
1576 767
1680 1260
48 1611
1378 1391
1472 272
1656 1076
1385 1174
396 543
1011 1719
1280 688
1354 304
1838 1520
1995 1234
1786 1278
99 1224
631 857
1361 179
332 1977
1321 1452
1200 684
1805 1040
222 1704
2189 2174
232 491
1280 1677
1759 195
246 681
862 1903
478 88
1879 901
1456 1057
1542 1522
1737 2048
28 75
471 23
1537 1875
2132 1757
1064 72
623 1271
1206 1858
1653 718
634 2199
2057 884
175 944
1137 341
931 789
1415 510
744 1191
1590 1130
1108 768
260 774
639 1233
1078 1380
1022 2153
1500 2035
1435 157
1043 1481
364 2068
92 1348
1654 1324
1246 2143
1295 1181
405 1072
1770 1838
1634 1982
205 838
463 2156
1453 811
590 52
1865 744
1585 2156
1454 75
1803 1652
1200 1155
1085 443
1620 396
2080 1072
562 1834
156 559
1439 1142
164 1803
1187 630
315 1712
838 361
1041 1784
1052 1128
895 2180
1526 1065
1067 583
343 1979
69 596
1481 989
61 1489
97 599
1471 1382
2011 1380
1809 1128
2035 921
527 713
741 1587
388 798
685 588
1148 1936
615 1886
2080 1582
1611 971
1564 1627
100 1141
1911 1169
1586 1584
274 2000
2003 724
989 1421
242 181
869 1031
1857 236
1641 1522
102 2091
685 476
1089 1482
2178 1634
815 1641
293 1621
991 1866
245 521
91 1124
1334 1238
765 1242
2084 2097
1756 474
1827 90
1139 58
661 1300
1728 1833
107 1077
1799 2033
342 1307
1252 638
1500 118
1047 1452
843 1118
388 1306
1571 845
1808 536
1991 1273
1493 1016
628 155
1839 146
158 320
825 177
1818 1713
208 126
1126 789
1308 695
1154 1223
1516 127
928 294
200 421
9 420
1956 1559
905 2176
104 946
1233 1499
11 2143
1843 759
833 1203
1738 1561
531 2117
1804 2129
1438 1612
20 828
1439 1736
1731 1279
654 2043
1448 1380
904 1209
1178 1868
1908 1042
1035 2135
906 1628
36 372
422 1311
504 1627
341 791
489 1632
1258 710
1067 891
300 1662
1207 1212
943 392
221 732
1660 583
1470 625
123 1377
480 526
1811 1402
1240 664
2121 1503
1801 854
1819 1866
1053 362
2020 1177
844 1306
1230 92
56 1998
1319 1177
668 1088
361 1895
1311 432
403 247
219 975
540 1153
50 1292
2183 322
168 106
247 2030
2002 1322
735 1952
1649 948
704 779
2086 733
406 1630
472 60
809 62
2002 1709
1632 1178
1514 896
1969 542
567 879
293 1119
2130 1686
1342 645
1499 981
877 1865
1034 199
1683 2176
726 1949
1196 257
119 2138
497 54
10 140
1019 552
720 708
1827 397
1266 1696
1917 669
1406 1979
2119 1404
574 324
2164 1659
1339 1645
22 2003
672 1205
1696 2024
690 826
593 882
292 1744
812 752
805 2042
1465 531
335 2008
499 1775
366 1342
1602 917
1874 1990
1761 2178
629 218
340 44
584 607
278 1415
375 528
857 194
112 1651
612 1517
697 167
2005 333
920 1965
2088 1597
199 1649
816 629
0 2019
1539 1453
290 504
226 870
986 703
168 1585
500 395
401 1391
1841 310
1491 1524
409 412
1957 1583
18 95
271 435
524 343
966 1435
1099 1898
1161 1591
957 110
2176 1581
1384 518
1909 1609
66 1835
1473 1105
1121 1504
471 2040
1236 935
1851 323
1023 77
1698 2173
1903 1626
1338 2031
1707 2132
171 93
1554 944
853 1464
1483 977
873 2066
2118 1402
1781 1465
575 1605
1114 1421
2114 1322
1304 47
1628 1795
957 555
1565 1541
1927 1015
1247 712
1278 565
1212 1808
0 204
642 1601
2104 146
468 1628
1405 1905
1372 648
752 1142
1756 978
527 100
431 196
420 669
2124 1487
2119 470
1344 1970
1890 274
531 1625
354 1316
940 408
597 1053
775 2075
305 1833
1001 1504
1999 1964
1584 2169
881 1297
1793 1515
259 1619
1787 69
1383 2193
1291 1317
263 522
1822 1663
32 80
1128 1142
960 2187
341 1977
2169 398
1228 333
2086 1107
989 869
309 337
97 1848
996 53
1863 2180
1578 1940
706 1384
342 155
1950 1431
1173 690
1462 1242
327 140
1026 446
1515 467
261 479
282 1034
587 1783
834 657
2092 1113
562 1663
1930 1461
1284 2027
403 1658
1545 379
43 240
2170 1328
2189 1060
60 1703
1146 1263
1116 448
1468 1640
1230 1950
591 950
222 1057
88 1758
1040 902
892 1168
187 1291
412 1102
1607 404
1353 1678
1418 10
391 327
2048 305
1844 1964
1814 33
1894 315
214 2050
1238 1862
1001 2167
2158 755
777 1229
1716 2103
858 289
971 426
63 1468
834 598
1817 1798
961 281
678 594
177 1652
1235 377
1912 1455
669 678
1107 1941
612 968
1845 337
1105 1016
1542 1968
1306 1543
380 1274
1753 1589
1718 1072
1372 1331
804 1731
1884 2020
362 216
767 926
983 340
569 293
1591 306
1815 961
945 53
2133 160
1171 305
1476 1245
724 1081
328 1940
415 1563
815 1444
1494 213
812 1663
2091 496
1106 1031
761 851
806 37
1977 915
2053 2125
520 311
1775 1195
225 299
360 671
1168 251
2157 639
1428 861
1183 937
95 1276
1639 1944
779 1379
1543 262
97 1286
1531 199
611 1979
1343 1925
135 1708
139 1258
29 1006
816 1779
1351 174
1480 589
804 1943
1656 727
703 1442
1915 489
364 2156
1087 165
1196 1442
93 2104
1557 41
846 704
2022 12
1304 103
1201 1976
67 1659
1595 491
1596 2170
738 1772
1664 1377
1664 827
258 1841
2198 1861
1749 1958
668 871
1813 1997
664 1783
555 1054
1447 445
663 211
843 335
1835 457
1431 116
244 1758
1402 1818
1125 1222
1767 125
1584 43
636 480
670 1321
308 1839
1347 684
2023 845
916 1620
199 2061
1615 1776
52 1666
1094 287
1612 2125
536 961
2173 433
606 600
584 50
1494 421
955 481
220 1985
787 1116
2012 968
1251 151
1714 382
915 371
501 369
529 1769
1355 1394
941 316
86 1104
2184 1890
1156 1415
1076 42
1329 1070
1810 1392
125 547
595 1082
1075 566
1154 1210
448 1226
664 2104
1266 1433
1690 1930
354 1677
230 96
121 1719
1974 1341
1200 1924
471 145
30 2108
1638 653
417 148
2061 718
836 945
2096 1659
235 390
988 1826
777 1130
1794 1215
179 120
71 1958
1442 2030
695 1535
313 1708
1245 2001
1818 1121
366 2125
1993 736
2177 1081
525 698
1659 1401
1952 903
2037 139
2196 955
67 1735
1705 1557
331 996
463 1055
1793 408
305 1128
892 858
394 1117
1489 1594
1597 1428
538 550
1725 853
551 489
644 1714
709 1651
193 2071
649 94
125 2150
1214 595
372 938
715 742
1205 1384
1168 660
767 1210
361 622
1069 1439
1959 1172
294 889
1220 1838
1387 1247
762 1258
861 593
1527 343
1853 570
1516 457
1832 1366
1974 1326
1948 2194
1300 1558
624 1539
1147 1902
1787 2049
843 1707
408 154
2066 1862
1530 1256
1920 2079
415 1554
50 2162
1336 2197
1297 78
687 1083
1545 1790
137 714
2134 579
903 1360
773 978
512 1006
581 285
985 11
173 1171
357 1261
1014 2178
2062 1597
551 603
996 1966
972 2183
1103 1812
2017 1241
1830 656
115 1531
735 781
391 470
1795 1575
1727 1610
1498 665
699 768
1927 682
1172 509
1848 2102
441 1798
1354 718
1634 885
1128 3
1515 685
352 96
1549 1365
130 989
773 1354
1926 173
1427 777
361 1515
1679 1155
1145 1030
1644 1210
1866 210
1000 303
383 1793
1894 397
103 866
944 403
1857 518
739 1175
1730 1296
1874 452
2051 1869
805 2041
1460 1163
1587 914
1304 428
1911 1189
2012 1192
303 1335
632 923
1019 1561
2073 485
1965 1419
2063 993
1641 440
1683 1163
206 1629
133 1641
2012 503
791 290
1625 1237
971 2136
802 646
776 850
2187 1094
855 1340
320 1328
1653 1821
917 1651
363 1198
99 373
1958 1379
1412 1225
988 1713
1315 742
418 1421
1189 2193
1292 1111
846 757
44 783
1499 1920
1650 2080
1939 456
784 1224
1076 632
1306 441
1350 1666
1004 136
2033 1232
965 1342
1884 1658
648 1412
1968 292
542 1622
705 656
1331 379
464 927
96 2108
2095 2082
23 529
30 1793
1326 1397
1436 2089
995 1695
1776 36
862 1177
21 1835
1457 746
1029 1862
666 206
634 1561
1875 791
545 481
1608 323
1918 362
613 1403
184 2072
565 1071
1903 835
990 425
444 1141
1808 1229
956 298
1169 559
837 1155
1107 1241
614 1549
1677 2026
502 42
1575 1400
163 509
2176 1991
555 1660
150 142
1722 1934
1239 117
261 1216
493 77
2193 2196
1445 264
1516 1472
1108 858
1950 1972
739 2193
930 1292
316 1345
1458 1450
857 1276
1256 808
151 1416
730 622
358 1068
2063 150
594 554
1216 170
1362 244
1264 1028
1003 1406
68 1374
2044 2133
1647 1057
1334 2182
1711 1624
312 422
1633 2182
1657 188
1848 604
802 1480
1100 1527
1288 1714
110 1214
1165 195
1843 249
639 1097
283 1033
709 601
923 655
880 1681
1000 791
1591 1218
1164 2133
1467 1268
546 595
1519 187
686 1419
2166 2098
933 1941
1030 2098
874 297
2034 801
926 703
683 2031
247 637
1605 457
1212 822
1049 1517
1932 1400
1297 1961
1152 2037
1582 1919
670 642
274 162
1767 1473
561 472
781 972
1401 521
1090 1394
20 1697
427 2092
1663 982
1517 670
603 1402
2161 2002
86 34
788 439
1842 1271
516 1957
236 523
1336 1632
1130 2179
1386 1324
576 427
249 2146
1007 1179
310 701
1618 2081
46 2111
1284 260
1377 1434
1758 631
2008 1386
963 567
1486 403
1257 926
1341 505
1467 1574
2109 828
836 301
1165 456
1736 1256
1498 1962
2194 865
837 1401
1404 430
610 154
271 468
523 768
1621 2060
161 1767
1727 173
831 1338
298 1343
1251 537
1795 1310
941 1516
1843 1041
1464 1007
2104 1930
1054 572
2098 403
2126 1791
929 272
49 2041
1877 582
82 2107
7 1954
23 1850
413 2076
1125 690
1019 83
435 406
1417 2139
2037 2027
463 1689
1242 1190
73 1991
1706 631
2115 594
701 339
1644 1325
1248 153
555 2178
605 2059
34 1422
358 1368
1528 1801
2037 760
2079 1399
937 476
1144 977
1342 1608
250 204
177 1912
1383 109
1142 246
1568 709
2194 1734
234 1135
153 1021
2021 147
273 58
107 633
757 805
1325 339
1856 821
648 1367
486 653
688 219
577 1761
1174 1126
149 104
2105 1044
1542 2161
1348 493
381 2151
2121 275
1422 432
1970 450
2173 2165
752 492
1742 226
2180 876
182 776
1888 333
840 799
2091 187
80 458
1188 178
462 1237
1426 1439
928 2103
1693 1307
695 239
1536 1573
549 1142
889 179
1598 1983
1268 2168
2134 1827
520 1801
103 41
1823 156
480 1305
684 167
656 539
1216 2191
117 1593
428 1329
881 1436
425 2064
920 1581
597 703
333 1703
1509 259
2172 365
1392 209
758 1568
141 372
909 324
619 1873
672 1680
57 1639
209 376
1120 997
1222 920
1223 499
2033 1768
891 1881
1595 84
122 1437
1443 789
789 1076
737 829
104 1603
1975 1859
2187 1827
323 405
1515 1528
2133 148
1571 548
860 1681
1064 1948
2148 1491
1679 1453
573 623
1956 2190
893 891
1432 1876
1488 20
1765 874
967 1509
1833 333
544 2195
601 546
268 1170
35 412
967 1954
1506 1385
1966 1022
349 1905
54 735
42 735
274 581
1211 2055
261 1319
1841 1419
863 1243
845 1864
1446 813
936 277
147 1115
725 1204
1562 1724
558 57
768 1036
702 1951
431 1747
1078 202
1060 1959
884 922
1617 1449
1450 1616
378 1685
1098 167
487 1312
1373 422
1381 1473
1524 1203
658 540
921 421
1676 1752
85 366
372 1034
1679 4
1885 1762
1741 1928
807 1955
1645 246
929 1234
1124 1981
879 1921
2093 1775
1343 131
884 1517
811 629
2103 256
1259 1103
175 1187
913 1599
2120 1034
2177 1844
161 1169
358 1755
49 1580
910 372
83 1700
1503 11
660 1527
1414 1635
356 953
78 1444
451 1682
892 508
987 1299
2092 1846
757 94
1876 88
1918 1119
1115 1235
743 679
1952 1502
1106 1733
742 895
845 513
132 935
1086 162
1828 583
180 983
1870 2087
1241 239
1531 1437
1669 910
1524 1173
869 1115
1055 337
1675 1269
233 1363
1964 374
1018 763
1014 827
1178 2079
1693 1803
1770 329
285 2068
1392 61
1396 429
608 378
1262 960
1551 382
480 1837
1630 1109
1875 1063
1110 899
1834 1398
2000 1870
1465 653
2041 947
1997 821
940 97
1194 1221
351 1883
1995 1115
1875 1017
1288 1937
475 2105
1003 1843
1825 238
1702 311
737 777
1136 133
132 826
99 1577
317 674
2131 429
1088 1033
1520 1031
746 1306
807 147
1895 1294
767 1791
1183 1911
331 1479
1866 2027
1944 673
394 637
1271 2020
1928 1361
1868 2025
106 1155
694 345
1139 0
1375 2061
829 196
1245 1962
510 1829
1650 592
1418 47
191 1389
275 1880
508 2037
54 1467
2036 1603
822 1719
211 709
409 2098
1172 1563
1395 1327
528 1029
1177 1092
382 1107
640 27
954 698
776 216
1985 1184
496 2176
1691 1160
2199 2195
625 2083
1723 1413
602 2158
196 103
1500 483
2066 831
1923 2104
2135 1686
124 229
1553 270
508 727
1837 1018
1337 1046
1441 455
2115 1307
169 1832
1982 1430
655 1334
1724 1608
61 2
1358 472
505 965
2030 1524
1060 13
1509 2044
1237 1104
76 1336
1345 492
114 1708
347 1280
1287 1197
1838 1679
194 1410
799 1714
438 2098
786 1740
1260 1406
1038 667
339 2098
515 2170
538 738
1472 1940
688 558
879 1665
1855 1595
7 2045
1441 2173
197 1823
1493 869
871 56
1184 2196
314 591
2127 1169
570 698
1988 711
1344 2106
973 1744
1883 1251
865 837
1902 889
729 361
539 1581
1811 512
1377 85
10 427
1306 1973
1744 2153
79 148
1461 1961
457 1970
662 1947
809 1766
1020 283
1748 871
806 1447
835 1676
357 669
66 1828
1588 854
419 836
764 268
577 272
2167 2186
1221 815
899 1814
1338 2171
1619 497
1013 1751
499 57
1140 326
273 122
586 879
2176 1883
637 153
309 279
942 1156
593 150
1554 1178
1097 1920
947 1694
1400 1004
983 497
471 900
1127 675
136 567
1577 2036
485 286
1410 661
1031 812
780 1799
1702 406
369 733
1402 1839
759 1412
861 571
2199 919
445 388
342 844
368 1302
1853 1192
1034 1452
316 1904
190 768
2082 858
17 277
1249 1979
1157 180
1280 1485
2003 911
826 1141
321 383
796 1606
110 1587
622 1829
1616 20
684 854
1831 1417
230 1289
197 1897
1874 1247
628 124
440 2109
203 1824
968 526
1521 1824
2143 1300
24 1681
699 1695
2046 1058
2052 440
2127 2082
860 1712
429 1481
514 2116
20 467
202 979
1990 1852
1960 2149
1237 154
1228 1745
1348 1552
1895 1569
1618 1637
426 835
1796 779
932 1112
599 802
1005 2107
1075 932
1303 2124
1536 825
1096 979
1737 2106
401 454
761 981
712 641
1910 1340
167 1912
1737 1326
762 513
1851 65
485 1381
1578 1242
662 2148
2078 105
560 1771
1678 302
1358 1631
281 2067
558 496
1726 1032
1024 692
215 1678
172 1488
1297 4
1438 1777
775 92
863 651
1569 2089
1098 991
1299 1993
1655 310
492 195
494 224
1080 472
202 1552
687 341
1711 1363
233 1631
912 794
1293 1364
1867 577
645 1035
1368 1689
2084 147
56 2031
881 1842
405 1093
1585 1393
1881 1540
1171 110
1757 1699
241 351
677 379
1954 1535
946 839
2124 45
1860 759
1544 376
723 1700
1019 1973
891 1055
1432 919
0 853
534 1265
1661 2015
2089 2170
2024 1318
352 2041
713 1045
365 1355
1234 2065
1785 239
2056 119
2016 2161
790 810
1263 357
1113 1217
990 1020
1347 71
417 1999
652 988
977 445
2107 992
1368 1626
1874 2018
352 1491
2186 1467
1564 1106
228 1686
718 1772
1958 1161
1755 1351
1545 203
982 143
2175 1737
22 44
1969 144
372 1312
1873 1622
1200 1382
1129 2025
1281 899
592 1057
1289 1323
2181 1776
1400 1421
1067 992
1963 279
1218 1642
25 1808
783 1320
682 1390
2064 1186
1633 246
1303 1464
284 177
1708 1173
171 2145
1290 1305
1942 1827
574 1316
1950 2199
2147 1018
610 1918
745 1927
1255 863
1482 1935
2121 2176
1202 5
1239 1101
2031 634
1238 1747
982 856
719 1412
436 1582
1032 196
2075 1466
813 201
1167 1145
1383 596
2186 168
1074 178
1751 205
349 2196
1705 2178
440 649
1676 982
1037 1143
1703 1237
798 2103
318 177
1384 1418
519 850
1984 1081
2099 405
716 350
1094 439
94 566
1326 2002
906 2073
2037 889
982 228
493 831
461 2009
760 707
1652 1484
2195 1323
1134 1903
127 357
1734 364
1533 1784
2105 1248
69 1192
1321 534
2005 264
214 54
1486 979
586 1405
255 1665
890 1420
1637 1821
2025 636
740 270
434 110
994 1159
1352 2176
734 2140
1644 427
1723 644
535 574
829 625
2128 613
1665 1486
1352 783
571 1826
1054 531
2024 167
1375 300
1827 2074
1914 1905
1674 1408
1419 1877
209 633
2001 991
219 1183
252 127
846 1304
27 2052
429 508
1185 2011
1309 785
339 37
1792 310
1940 393
1594 1620
1476 467
269 346
1277 2
1045 1896
1173 573
383 1124
437 1553
2120 1949
808 2061
255 640
1675 2197
1081 1942
1062 160
1687 2110
1084 1554
740 618
667 274
936 379
965 192
803 173
1293 91
1599 1786
1653 664
2010 1371
578 1763
1747 1886
37 1473
904 859
628 1545
391 302
320 303
678 1712
1001 1158
421 1839
879 1741
1699 900
1298 860
108 1680
1794 2013
1711 298
1362 1263
1620 782
1760 2149
1630 1890
1104 1848
1864 209
1471 1001
2079 1889
641 961
1994 154
1537 1868
2057 475
1558 968
998 1344
854 1479
2145 1929
992 829
1346 1136
2155 477
973 176
148 1008
1231 1585
554 1720
839 753
1889 287
2188 1775
1932 1602
1965 2072
1344 1748
1250 1692
1250 1808
652 139
1529 733
1984 1233
2059 290
1659 31
1152 1446
117 571
457 520
950 81
1926 577
964 799
118 124
426 220
1044 1693
493 1049
1095 824
1654 1374
1045 1891
1036 1080
1229 2192
1793 424
1641 2180
828 1503
1710 766
1571 1121
1758 92
868 1155
1024 2099
328 873
229 598
1987 1723
235 1386
378 1872
118 27
633 1908
330 284
1818 775
681 2153
1773 1741
997 2045
690 872
1708 74
896 1440
411 1481
71 1408
1557 503
1138 331
839 1139
2046 642
753 1033
1947 842
424 631
1272 1503
534 1655
1558 809
1267 1636
934 66
600 880
389 1779
1229 2034
1147 547
958 1284
633 1336
1622 1678
1875 1279
1865 746
497 678
1346 932
1365 1275
1424 1405
8 1505
1512 176
1315 917
2098 1724
260 57
2103 1280
1177 300
1195 1778
1307 239
1103 703
1590 1649
1919 129
1257 532
2071 616
101 1998
935 1852
1225 335
1710 1488
966 2158
1356 518
1738 1268
1061 203
77 178
2125 1516
990 1381
927 2034
794 914
1239 1640
787 196
1959 86
1134 2064
103 680
1155 1444
387 468
1485 1215
1165 616
1948 1271
2164 1085
671 2021
591 1052
935 1825
2111 1661
138 1550
183 125
562 1455
928 1023
681 1570
567 1306
390 1457
748 1465
48 1854
1892 1541
1541 995
1887 1688
947 26
870 718
1940 956
956 365
1951 1460
302 2062
1592 1720
2052 2109
98 213
937 1293
1945 548
2075 503
1055 828
1285 1439
1259 414
1469 1000
1828 1381
785 279
40 366
1615 304
870 395
1080 1679
640 2164
1937 2069
457 1995
650 1460
1241 1637
1489 932
103 2002
318 507
1864 965
1999 572
1436 2010
2101 1864
290 985
1710 71
1242 472
2117 1900
147 1819
1295 721
913 858
770 47
1253 1199
657 1761
972 769
2157 333
1255 226
246 653
934 671
220 295
638 1346
662 739
962 1428
1636 710
898 1919
484 988
882 1830
1672 1429
739 1674
1955 607
1282 166
1477 738
596 1211
1872 1943
1313 48
1761 519
374 1322
1532 1624
1862 1324
1405 2023
1441 2171
251 2165
1760 1153
1072 1151
2043 478
889 1211
2011 2177
395 376
165 1320
570 110
875 2053
1183 1791
1022 1852
491 1480
971 1557
334 1281
882 323
447 145
1345 1904
1632 1372
1862 1081
1821 1900
1548 833
1458 736
70 169
380 2048
1104 766
1907 1415
1261 1990
284 963
1978 406
467 2193
18 82
1273 1213
287 1525
523 1371
130 1293
686 1610
763 780
320 813
379 21
2172 452
1724 195
178 1558
736 1823
942 1550
867 443
2122 645
623 934
2162 1794
2162 757
1314 1155
1073 1121
1968 2084
1847 1311
553 64
637 1343
975 1569
924 325
379 1499
272 1887
932 245
1988 6
173 1815
647 1656
1510 1531
639 1531
417 1944
144 1269
1339 624
360 886
1691 1148
288 1753
408 253
1863 1900
841 1940
1613 1473
1350 495
1261 27
1099 1490
2003 542
1299 192
1243 394
159 1530
866 20
717 392
1891 737
2158 882
583 1113
1971 159
62 2012
932 1044
352 1831
792 1667
2090 702
1282 1188
598 1941
1046 1631
970 715
1512 15
1609 1492
1805 2005
119 570
393 685
1929 672
1440 866
1193 1324
140 1514
680 299
715 1318
1427 413
1739 1370
143 1603
1828 626
221 380
1493 1216
572 613
1886 580
1713 1381
1219 1060
1485 745
242 1120
1990 838
1107 489
1836 373
317 2140
1934 92
1326 394
581 1050
873 1678
1649 1651
746 609
1677 1771
1761 868
118 849
559 1362
2097 730
853 994
777 1869
460 1096
209 502
843 876
356 1268
910 493
110 984
1111 1046
1560 962
979 2195
310 1988
160 51
216 1738
1974 707
887 1186
1435 1658
210 81
1391 1438
1029 577
1155 1095
1836 839
1889 682
2090 1190
72 1856
736 703
1806 1915
1762 23
1065 2188
1091 1575
1405 1441
344 900
1312 1293
1639 217
228 298
1652 1743
998 1126
1728 899
421 2155
1407 1603
407 2017
84 751
1310 1509
1718 645
523 312
506 1472
152 554
315 75
2018 886
1431 699
1729 609
2 1516
184 813
281 1486
1765 1361
1028 1746
318 2032
731 1810
1727 110
116 1355
530 2043
1036 368
992 724
595 2044
1775 1434
721 188
1257 180
636 666
1158 1346
183 287
1706 1204
2157 694
476 1690
403 82
795 343
479 110
83 2127
1496 88
1464 288
1408 1676
1089 1881
509 33
211 1463
1670 122
1893 1060
251 507
1256 1536
1480 1870
2057 1340
1954 187
1597 909
1796 2121
832 1890
1376 1508
56 41
445 1921
1574 1552
1323 1264
1430 1
1771 1883
583 363
482 1817
1869 185
532 1306
2052 322
999 554
1639 806
1711 1111
1030 510
878 1182
2191 613
1691 1631
2079 764
2182 1129
1119 656
1550 909
1675 2023
417 1979
2048 1950
827 353
954 1297
1856 1795
334 1266
1176 1001
1564 1708
1267 1201
1248 1017
1791 2061
1768 415
675 1232
2006 727
1231 6
1450 815
923 1392
1835 141
15 1467
88 1484
757 721
1585 174
498 1914
15 1591
254 1614
548 773
1559 853
1152 1834
1889 335
582 717
1777 352
1232 297
650 2025
1766 519
194 1713
1048 1890
1361 554
1204 615
132 1818
180 1340
1249 1386
2041 713
330 570
477 902
1240 1427
406 1916
1153 560
649 1548
993 1886
539 155
2035 1080
754 204
316 332
1975 454
1317 278
483 302
769 1237
2086 1970
1411 1473
1342 1867
2159 214
1855 68
1317 182
1763 947
1225 92
245 82
1981 730
673 732
1466 2015
1576 1342
1616 1003
916 1034
2074 1004
1765 801
1147 1843
536 1613
2120 400
87 541
585 1742
2164 466
814 817
2190 1813
1134 344
225 2018
1424 237
482 557
299 1636
695 1654
538 2059
367 378
2075 1835
1891 1820
615 1214
1909 969
878 122
350 910
1232 419
1819 265
13 1099
985 1216
332 1809
1347 299
115 363
1433 121
1425 330
57 291
108 56
1387 1658
549 88
1452 1713
2152 1423
1031 2183
1475 158
701 352
955 835
153 1393
1367 976
102 1417
741 382
303 1821
931 1937
2040 1158
1872 2030
1729 494
1703 1082
1521 1044
198 1861
1667 1370
773 1394
2004 1522
1262 404
540 107
1658 2138
142 1437
1803 587
759 1334
704 821
1849 187
2140 1557
1450 2146
338 1764
696 665
1158 1365
1601 545
384 290
1463 1661
931 1217
1769 1648
32 517
943 1285
1264 1160
1054 475
411 1369
1003 1062
1829 1298
1412 2037
749 1454
1609 100
1305 956
1065 554
1158 1985
156 519
1772 688
53 1550
1109 1956
1140 179
1718 163
882 1958
684 408
1943 782
1945 315
181 885
2173 417
2151 690
404 2037
1204 1314
889 1324
497 288
2078 1758
1060 1930
12 1404
401 1132
2064 387
1045 754
1452 1208
1283 1776
437 1098
442 1249
717 824
1539 2043
886 849
91 2088
1604 1915
1530 240
948 261
1282 1660
1082 1530
23 866
796 1483
1845 1986
655 2007
772 958
2149 2043
859 957
1074 1409
422 1583
293 1872
1960 116
1717 54
262 1387
1908 2120
1454 1669
491 1260
2194 1366
1863 45
468 2183
1506 687
1285 1755
2029 1494
190 2053
1538 655
73 182
1043 907
1871 480
1815 1953
79 1486
1112 1392
461 1443
1558 963
1706 1274
455 116
1632 596
808 1784
646 97
8 1154
740 922
1734 2151
707 984
1566 205
1429 2164
1495 1367
1182 1456
1390 1250
1094 1289
2096 1121
157 2065
1367 1264
2069 1672
1425 605
636 1455
603 648
693 2168
524 1402
1731 1654
2155 965
130 1373
2151 1108
2018 547
1316 541
561 461
2136 1975
556 830
412 2091
790 1084
1873 1456
1896 297
989 1686
1473 1783
1499 1338
927 378
1315 2002
2139 1838
823 1767
646 617
653 1731
1262 1317
2021 100
1668 587
213 655
462 1619
2082 1436
1447 723
821 1726
968 1576
2183 2108
824 813
2055 1553
1224 1746
2026 1776
169 608
1089 596
1212 2095
1247 190
286 2154
2145 688
1068 1191
95 1767
454 1136
1367 240
647 1315
469 1813
82 1223
1320 771
1782 1148
761 777
758 2167
1851 1075
2002 1650
62 1838
1735 233
1171 292
673 626
5 1634
1576 120
951 2031
1379 1110
453 1635
1000 290
1180 176
1753 19
25 1922
551 445
1010 332
799 388
1511 594
2038 1186
1712 2145
890 145
1371 257
1170 985
623 1720
1254 1988
1179 785
410 891
820 1909
192 1233
1625 1395
2189 810
539 771
1240 2025
1073 2164
2070 987
36 1055
609 46
367 1998
489 1554
129 2015
245 2174
510 697
1389 505
446 1473
566 269
283 974
1466 358
2036 227
677 1584
2053 495
478 737
1757 1363
347 1720
517 812
1001 593
1502 2064
610 107
756 1578
1310 1029
385 1984
427 468
841 1860
1089 1184
105 125
1561 722
1439 10
571 1471
74 981
2180 2134
1176 743
2107 130
1270 1926
84 473
70 1979
580 1207
925 552
212 1181
781 1823
185 377
833 924
1611 314
259 616
777 1531
1120 642
1959 1725
776 80
969 533
1778 115
1145 824
498 822
821 1262
485 1354
1622 2169
1060 173
1579 1770
529 1556
217 160
976 665
1992 315
201 855
1338 1340
296 1966
641 660
1778 715
345 477
1264 1611
445 1927
1685 916
1845 1557
448 389
1986 1656
527 1638
36 1292
630 1195
1626 557
1431 1180
1258 675
923 1759
1486 1890
769 419
925 342
1482 486
661 1225
1979 118
1798 616
1601 1520
269 601
734 1232
1125 753
1908 119
378 827
669 1151
1534 1234
59 1225
1048 1131
1132 130
1726 806
609 1367
2125 971
147 616
1293 1947
1460 386
911 1295
992 2029
771 2017
685 10
1369 157
774 1019
46 1289
643 101
1989 2147
1194 1280
601 1665
50 827
834 197
1507 1331
557 1866
1789 175
203 2061
1695 450
120 1524
898 1957
2001 2102
1529 1906
1534 699
1309 1009
1123 1675
1883 662
506 54
1824 1024
1635 1107
1015 888
1265 19
708 1187
821 1913
883 128
1302 1629
1547 2104
225 605
1734 749
76 524
801 1259
426 374
1646 1555
449 1543
2027 737
490 1689
2019 384
196 440
392 1551
1496 2039
1459 713
2159 306
1826 1758
51 2185
1694 223
956 113
1721 265
1381 52
1017 776
742 1206
1610 341
231 1776
789 2177
1789 357
419 646
259 1964
412 1189
752 1472
6 894
126 1278
1011 1401
428 1753
279 1010
1867 645
141 9
1203 335
1770 613
1829 2139
120 1210
1376 838
1880 1105
2181 897
2181 388
1013 1366
1131 331
605 1024
791 456
399 849
683 537
1930 1841
2177 2101
850 1887
1003 1391
709 456
144 1437
266 841
859 2128
185 515
170 533
46 296
1328 1026
862 488
977 105
1672 1969
1013 997
1640 1975
693 438
1752 1777
1192 989
1699 878
595 239
449 1798
1413 766
888 1013
1465 685
495 767
418 2054
1409 2140
491 785
1563 602
450 397
976 197
1570 632
94 1512
401 1412
1555 1975
1433 1699
1503 1464
1989 1456
481 1149
970 812
128 1775
910 1285
510 497
1708 1838
227 288
681 1501
1056 676
324 858
224 1430
978 1465
264 1111
1422 1317
1684 112
1825 1666
1736 1752
24 1475
1642 1179
1011 1069
1627 2170
256 1074
1806 733
1782 870
1402 1934
1693 434
1331 2067
744 1582
490 1694
650 151
1287 1886
1393 1578
1072 1042
1116 1763
2021 482
1318 1011
1135 154
411 2094
2170 1356
704 933
362 1857
1134 2005
408 1421
45 885
539 2193
1117 765
276 1860
787 942
201 397
1994 262
1562 339
810 1183
270 99
225 391
567 731
774 1548
2088 1825
44 1539
1434 1095
512 1482
47 165
936 1287
1682 1577
1428 1757
1903 115
63 2019
2168 819
626 1347
715 1311
1838 997
2044 748
676 1418
853 1349
798 1865
1246 2130
1659 1178
1016 1588
851 659
105 1631
721 1313
1176 782
2199 993
1473 1917
27 1046
1674 1968
43 1138
1816 1887
1915 1681
290 742
1809 677
1918 1791
1263 1950
1131 829
722 1482
1438 2040
416 502
70 2032
905 1269
1374 447
1193 1627
168 357
329 967
1655 1880
602 1953
908 669
1819 1091
313 1277
651 1848
1282 200
315 1646
1615 1611
1382 1499
2130 44
336 496
630 1179
1354 1184
869 268
1456 54
487 1208
2167 287
1589 1176
953 384
723 1455
960 779
398 411
120 1919
262 217
1424 253
1008 354
921 376
2087 73
2102 1997
727 752
2121 1189
483 228
876 288
2156 1278
1366 160
2112 387
1358 1946
98 1086
627 2104
371 2001
1433 754
1504 16
1742 1717
455 2077
1415 592
1861 1865
714 2027
1595 621
1802 1841
1928 2145
885 566
1002 1998
1844 2141
1901 340
1349 1954
1260 181
252 122
584 869
118 770
1670 142
2122 988
1172 975
1985 680
90 217
1328 1603
2137 592
2058 498
629 509
807 580
1207 1430
1947 2003
394 1540
1133 1680
117 1606
516 1292
1274 1938
1014 296
1219 1546
1906 1649
925 618
631 330
1349 1366
1810 2181
1690 1113
566 722
250 1525
898 1434
492 614
641 925
1227 533
589 2176
948 1901
405 444
1214 972
1210 772
671 1577
1418 1891
616 2035
654 1785
1971 1627
414 1567
305 1532
1395 1699
1892 103
1906 2197
1876 1425
1290 341
1119 714
1385 1375
450 1713
1430 1769
1217 2033
271 5
823 131
1865 2097
1774 454
991 252
940 2111
1812 1949
1370 2025
1807 2163
1192 1994
1496 337
1267 127
2042 779
1820 1933
186 1331
163 1849
2010 298
1885 1668
608 2124
1999 286
1132 1600
1920 1158
1187 1329
932 1973
2047 1945
612 1578
1287 984
2094 1918
1746 1210
774 154
1872 436
1724 1044
494 1194
1709 1904
1319 1261
521 442
330 858
2144 1420
2059 989
2095 1540
1970 651
343 1999
2098 1215
1747 978
1353 782
1393 1994
2177 1703
999 245
1362 2133
1209 426
302 670
1233 190
1047 1609
920 452
1198 1637
1088 923
631 182
1055 92
1863 386
244 345
1847 1463
2096 1494
1169 2062
1939 937
1816 1066
1008 1750
831 1458
98 1472
1382 1167
1091 1026
819 2033
435 485
521 1801
12 736
278 2029
2167 1182
1277 2094
1016 179
2045 1019
1738 1583
1112 177
371 415
825 1055
1095 501
1327 29
329 1824
1629 777
1276 445
1667 1349
755 369
2115 560
2017 304
2097 947
6 2173
1365 955
1287 1985
1400 1511
1092 8
337 914
1033 389
960 989
2168 587
1100 574
2036 1380
364 209
1788 1540
234 227
249 2081
1613 727
900 1681
534 228
2102 1312
606 78
489 570
1932 1996
1411 1367
535 593
359 306
1995 1029
2041 735
1444 1436
2159 1564
984 614
2026 2022
97 1245
2008 7
1580 1843
1160 1303
572 951
859 1214
74 1114
2101 2094
1124 436
195 1942
1380 1384
798 2132
809 1941
291 585
2129 846
1313 788
1180 862
1400 261
1344 1729
258 225
542 1536
1903 1064
454 878
164 1592
1634 871
831 713
974 143
1586 2143
32 373
883 283
1640 1189
2046 1450
1889 1133
2105 164
984 1053
78 1887
1623 1106
2182 1041
1521 1545
604 1562
1984 551
1156 48
686 451
1931 653
1780 422
346 994
2054 1387
600 1340
340 1829
1206 851
1846 234
1910 2128
1549 1764
124 964
1886 323
165 1730
575 1195
1995 1618
288 1327
1776 1322
2077 1784
1342 1882
795 2192
1601 335
1563 260
2014 1476
912 1562
926 1966
470 1663
449 2070
2117 2103
976 1711
1523 754
848 217
507 2048
1802 139
17 209
1668 417
31 740
122 422
1840 956
2196 1138
820 117
473 1701
1416 1180
1643 2028
650 1534
183 1060
594 464
1546 1939
1648 1868
1068 712
569 1167
1551 1210
1801 1688
165 671
977 1953
1269 1781
720 1990
1045 2132
1850 604
1070 2022
369 2085
6 751
2085 1292
1492 4
1366 1075
1627 2021
1897 1417
1228 1240
540 772
1464 1359
1909 1338
1059 1039
1052 706
1416 1884
825 455
1106 1890
1203 1123
565 1591
1088 2191
2062 907
1415 1858
987 2162
814 565
1787 896
2068 1099
293 342
392 1543
711 932
1201 1375
1201 1642
1663 1496
1972 1617
1598 953
792 1604
338 61
428 1219
1322 285
1272 1666
2056 1032
1352 2143
1952 1010
303 1147
247 1706
585 708
1922 1073
576 861
1755 1458
955 1389
1096 1207
1050 1634
1548 69
455 254
324 2079
819 1976
948 780
1733 415
64 1328
622 1304
1786 1905
239 2183
495 608
532 1888
719 1008
206 1970
1227 450
904 247
1652 1614
291 1707
644 83
1596 439
1357 567
543 2127
705 1360
641 310
2191 177
1839 641
2142 236
1108 449
1849 536
1278 1674
476 1819
1720 856
257 1282
928 225
1114 91
1069 738
27 217
190 1139
524 913
2182 1416
1916 974
2004 734
588 160
1608 1557
1601 974
1522 478
1445 815
2049 1028
2178 452
526 496
1388 1697
1456 1580
1174 520
456 1080
1092 387
160 722
608 29
1680 709
1046 2017
1951 797
1553 1728
762 359
858 1018
1101 952
2119 749
2039 876
1208 1379
2197 1211
1545 508
518 2081
552 610
1302 1800
1619 1197
208 25
894 365
1834 2176
1208 1374
1973 156
555 1864
491 1890
23 802
2161 1650
596 350
605 1344
2067 1680
2020 1859
1202 51
754 1491
2109 616
581 642
1593 2178
1739 44
1560 1234
1651 1667
2028 1425
1006 1136
2154 189
933 1396
262 1822
714 124
140 492
1074 1791
1286 1123
1479 716
1605 1826
1740 973
2095 220
1832 340
1009 300
1357 1069
1188 903
251 373
398 1705
1557 1274
51 1387
1129 414
1002 377
1012 972
632 1726
1769 721
1599 322
232 944
201 594
1719 806
909 903
66 347
1246 865
1648 1955
544 1968
692 723
708 356
604 593
1791 435
1071 1631
550 1758
1404 679
1567 635
2013 164
1047 156
1254 2171
432 1811
300 52
393 809
632 1880
1633 16
1066 2086
2165 329
185 1187
620 1182
1085 1610
1834 999
1564 1302
2045 1404
847 1973
301 1673
1224 332
2179 1784
1826 205
2131 678
2060 766
1823 952
235 550
1924 1224
1316 543
1364 207
313 1661
1535 201
795 1763
2185 980
1500 1848
1648 1627
1263 931
1823 1407
1100 146
1343 2109
875 1447
1684 2050
128 1455
1689 734
430 1487
611 1135
1288 92
1185 721
1440 595
667 927
323 1290
1343 239
1124 541
267 1243
597 4
2094 1906
1215 1531
59 337
1813 724
502 325
223 1314
1517 879
1760 127
1919 264
1784 2038
570 1435
830 1134
1418 1959
2047 1778
1831 661
146 154
1020 1406
875 267
323 1692
1750 605
1193 1335
207 833
1662 1981
1135 693
1451 1654
1735 328
487 175
145 722
264 1343
2137 295
1181 1614
2117 932
1115 349
1952 1112
962 1611
1650 477
2076 90
2189 1701
1582 1911
1350 1325
1318 664
937 1567
849 1504
841 151
1623 357
1544 43
423 1080
1568 696
1602 1939
1729 1049
1712 997
1188 1723
211 1426
1824 55
1857 767
1120 1137
203 23
1852 1243
745 2156
216 831
1988 880
1005 1117
1552 1205
625 953
668 866
16 619
871 2122
911 49
384 934
284 476
921 1150
835 81
983 1241
466 1838
420 2185
158 2030
559 418
179 549
1613 810
75 1357
1506 325
1704 72
1146 935
3 1329
827 696
224 1301
1192 988
77 2149
557 2009
2081 2083
1412 947
1837 83
1850 998
675 1295
200 897
1678 1724
735 1404
479 2116
1811 1699
1556 89
347 1598
812 468
786 446
2038 1452
1540 311
1700 1483
1040 1024
464 736
866 780
1198 1925
1683 83
163 1526
1489 1886
489 1131
38 1490
277 226
595 1443
1977 826
587 2054
1157 1901
2136 2102
1685 1146
292 1645
1658 1982
994 872
14 1993
1618 850
38 344
106 697
1190 1639
331 2175
2094 1257
1671 1831
1423 659
844 1661
1916 584
1023 2019
488 333
2181 1020
5 750
2097 1215
309 254
1461 876
206 1546
1099 1011
1854 1215
153 815
1435 94
937 130
728 504
167 967
898 1117
329 1944
1129 1311
1979 371
1191 1035
2109 1677
295 139
1788 1801
2093 602
853 1574
1214 714
1981 295
818 835
2030 674
149 2142
1512 913
466 378
373 340
2052 2113
1276 1891
2051 649
1394 594
456 759
366 1081
504 488
1632 1401
1066 380
1265 767
1117 1156
837 2122
804 1796
1671 801
2171 589
679 2195
1804 565
2100 1320
1144 1842
1472 1438
1887 1294
1832 902
2001 771
590 1407
1897 1410
813 1050
1521 1708
464 1739
822 2085
1182 632
1335 1523
1197 1127
1810 1442
526 1571
492 787
172 494
1361 826
1714 715
1426 1168
1243 554
1093 1534
1470 2076
1389 581
1581 2024
1062 1989
204 1910
1587 1259
516 775
1888 1364
143 1024
1880 100
1466 670
707 1147
2120 1725
2149 180
1709 51
949 525
2116 2052
2004 2170
63 1839
1117 2022
1150 1155
1483 369
40 2043
1296 308
92 1828
961 293
1166 689
410 1173
1941 158
2010 2172
1531 1137
1770 1303
664 1574
1654 1145
1993 772
2050 2194
396 1626
1899 442
340 1688
603 1869
1678 1413
694 509
1763 845
1904 1068
1627 729
2004 1541
1410 2
842 726
1962 958
1315 402
750 928
585 762
219 1860
328 1742
1522 1212
1884 1672
2193 437
184 1361
948 1121
166 291
2154 286
1083 1773
996 1226
926 1316
1929 1149
1220 2072
661 1953
1018 690
1233 1127
1849 1916
1721 1022
2127 1558
2020 496
696 667
2053 1387
1778 1244
2048 1057
2118 1877
1735 937
1005 1495
15 665
1392 1995
1635 1605
822 1164
486 1736
15 1095
1097 1120
496 1444
231 1449
602 1729
1825 1395
2070 2035
747 563
894 499
2135 1053
1631 257
2035 83
133 32
1267 627
2163 1342
272 1107
774 1256
119 380
170 1432
286 1629
503 75
1112 16
1484 1301
1311 271
20 2146
736 306
531 484
1915 1897
239 1679
206 487
1725 1747
1308 990
1914 385
104 31
2123 614
1115 1146
67 1924
953 1898
2029 2138
2110 1148
2077 1681
200 633
353 1514
1692 657
544 251
388 817
1093 1900
1434 1778
1827 1394
1018 1670
648 240
621 176
221 955
1215 1628
1967 201
1850 499
1862 1587
1983 1086
1482 2034
1978 610
295 961
1309 1752
1927 658
606 956
713 2096
1139 647
364 22
481 1319
1840 964
665 132
22 1965
131 744
506 1216
938 1913
995 367
1140 100
1226 358
1292 579
1313 466
2077 147
1240 358
2068 799
1087 1477
2165 1246
1378 738
1771 1379
2023 237
2170 1695
2044 28
1227 709
1907 1625
1814 1666
1784 1075
1051 1632
1380 1940
2017 782
743 287
1583 695
789 2173
1508 2104
1914 212
1481 276
1574 410
1096 1314
1274 297
1261 358
1767 1919
102 1664
1070 839
333 1962
390 1288
172 726
1650 1165
1064 1100
560 1224
1341 116
376 322
2166 1615
766 1473
1463 1536
55 1657
627 794
517 2054
1018 487
1661 1212
1764 629
332 2174
1756 343
832 403
524 103
642 1451
1621 1807
1321 664
888 501
55 394
39 1796
1006 139
1366 79
611 899
1900 954
26 1447
674 1228
1551 555
195 1477
845 1807
528 1734
2163 738
1672 696
2144 309
986 887
1359 935
1081 338
2123 1358
945 1266
1194 470
19 383
1772 294
738 105
1702 1527
626 381
2166 858
1616 1301
533 1342
968 1581
2118 340
394 1818
1871 1332
782 1785
80 1345
2087 836
1036 875
1474 906
102 910
1410 1401
158 1335
1370 289
322 2059
1740 1900
1969 733
917 1407
1998 2072
1453 697
1359 488
1406 1713
1128 760
728 557
693 1571
1009 1391
387 1887
155 43
1073 601
1614 422
900 1000
1797 740
1007 2157
1528 419
746 831
947 1245
234 1754
1163 571
2020 356
1851 1394
1181 1130
1155 331
753 129
134 971
755 375
1937 1975
