2400
1965 49
884 1071
596 2165
1468 1105
1226 1457
977 1655
1930 1957
2224 1723
249 1887
1696 1192
1689 2119
1514 1394
1170 2065
1465 2227
1821 686
1657 1261
1189 1609
2089 1980
757 1525
2322 462
1376 173
316 799
1434 698
1174 1963
2003 892
1636 669
1503 832
824 801
477 104
1931 1410
1814 1699
556 1986
103 1579
1240 1661
249 959
2240 310
483 2139
1719 1699
602 1776
955 452
2076 97
1525 407
1500 1021
1794 998
232 451
2032 1208
126 343
1964 297
1564 173
1671 1524
177 1125
690 657
883 58
532 1512
911 1121
1459 1816
1998 1097
1401 206
385 643
427 534
778 328
754 329
717 13
2304 1215
605 2127
2131 1390
1967 1728
397 539
2011 1416
2214 639
232 183
319 1746
215 1377
439 5
1321 1077
1172 1014
798 717
1410 204
542 942
569 2116
2256 1183
691 2104
1632 1435
2276 1135
2053 1781
1891 1902
918 1410
1536 221
1924 818
706 760
1474 1516
633 1221
1531 1011
2062 993
1019 217
1558 2342
1794 1520
1624 347
1679 1079
1720 2013
631 552
1426 1203
741 239
144 1626
221 1708
2186 594
175 485
2008 1236
1094 262
1413 568
344 442
959 1377
1617 104
645 128
1261 899
1539 1664
1318 617
1517 531
1254 465
1635 922
1114 800
1463 347
1280 1737
508 1303
1266 2268
928 1518
1016 1483
1239 2237
74 383
1224 85
2344 555
814 2255
902 971
2289 473
1915 2051
988 1420
297 1062
255 206
1529 702
998 1431
273 1804
1972 2033
1264 602
1090 1072
1878 1649
1416 438
2010 1009
290 1115
1576 1207
191 674
385 944
2254 414
759 187
1444 2112
2335 1909
1323 1366
398 51
2274 1570
1289 1912
817 375
375 1366
272 2050
1753 2218
271 1331
1509 1781
1550 1308
1441 1186
1399 2257
734 2048
1945 1513
358 483
2027 985
360 620
1598 1256
49 344
1781 971
2066 1533
1244 2111
1364 94
237 1019
1501 0
2384 2298
1658 957
418 625
177 879
164 1064
2261 719
638 921
510 2025
298 155
2087 1334
282 1715
1966 1438
461 1421
627 1855
1079 73
874 1106
1567 1102
1998 1823
871 2201
2160 1028
800 1640
2006 1624
810 2032
2103 531
1165 400
2319 545
223 1003
1078 160
1953 540
1283 1993
2063 786
1732 713
1628 1544
388 1214
923 2140
1087 1725
2254 260
940 1102
2226 159
1716 762
2391 1049
1353 1115
363 2125
1746 168
2040 1920
51 1058
659 1137
500 845
469 1628
2205 1625
1114 1411
2003 2147
65 2015
301 1824
1384 1013
1682 50
576 1042
124 254
559 2149
290 2190
1944 1999
995 913
241 1623
121 1222
1107 1227
1026 460
549 1047
1570 1923
1232 755
916 1900
1757 1032
479 1849
18 1667
1148 2252
999 1161
1372 578
442 1656
5 1745
2018 2107
998 1237
2223 614
609 1791
776 1881
1083 1554
377 1099
1538 776
701 1947
2097 385
889 1881
861 1905
79 2375
2315 1899
2354 1687
778 916
648 751
980 288
1592 672
750 1942
894 1766
1759 801
899 609
2199 59
1071 1394
2337 695
2136 876
1842 1878
2173 846
1324 987
1920 1952
1542 1489
1108 1613
655 33
362 1378
563 428
496 2043
1270 914
86 1888
1610 1783
2348 208
804 216
1875 1305
1668 1937
233 1244
1006 607
1184 1137
854 123
477 2328
616 1786
461 2246
1714 2172
1691 161
564 2199
1219 663
2338 1111
65 938
184 2321
1736 587
2323 1992
906 806
947 382
1148 383
1598 73
2376 1
715 1657
1615 850
283 1847
508 739
236 1254
835 1027
1663 73
98 105
1495 65
1265 556
506 283
2003 1653
1623 692
1937 115
1708 1061
2140 240
1174 1686
2381 364
681 2229
219 287
1145 513
2069 711
1286 420
397 2220
54 970
2212 403
1362 654
1958 2107
37 2319
909 23
1215 1750
2398 1986
1933 368
79 765
1348 1999
893 1790
317 1889
1527 403
222 1658
305 1118
943 1114
360 1356
803 354
88 902
1802 2351
1883 614
999 56
630 1951
1554 2044
1895 2055
2071 450
55 331
857 1271
1703 1207
13 1171
787 1884
134 2349
546 285
482 469
905 1171
606 1100
1532 1951
934 1195
690 160
1196 1652
1877 367
443 39
2157 104
772 1627
2303 605
2227 1584
734 183
2099 899
531 1375
201 403
1172 583
2181 1591
1333 913
1054 2060
1230 1169
397 1249
698 762
95 349
1071 645
394 142
2308 1477
1375 805
2320 806
330 1048
2137 1980
2044 707
892 68
1930 1243
1493 1743
1025 1362
761 2310
1702 1873
115 1074
980 1519
528 2086
505 851
1296 2078
1097 1068
144 865
830 1917
1534 2354
682 1450
707 2295
1615 816
2 2074
1108 99
1989 216
47 1051
1183 244
15 1722
1244 1170
384 2345
898 1740
2039 1425
815 513
590 602
2092 698
975 2142
116 2039
624 450
1408 1826
517 2385
1091 535
1080 1809
1808 1501
1788 925
506 1746
1273 1378
962 202
375 2002
1865 1076
41 441
1992 90
1175 1368
1250 561
794 398
1674 1695
1378 1870
2012 1662
1103 76
1234 1203
1767 1230
371 1492
2237 1667
547 1962
372 968
403 644
849 47
934 235
2148 1710
1469 1361
134 1046
769 999
2358 674
1024 340
843 1097
551 374
856 2393
1387 285
2091 156
1990 724
66 112
889 1341
2360 2339
1545 1880
2016 1534
489 1496
265 334
1958 629
90 2335
2055 119
1365 1717
2321 2350
1916 1252
1421 758
1578 1069
1904 1723
498 2162
1786 1129
384 1891
57 489
2110 1237
408 453
788 1358
575 822
1028 2399
988 1898
893 453
277 1637
229 1494
894 1761
1729 1088
1004 1703
185 2331
1647 473
713 1322
427 612
730 409
889 2195
1990 329
1065 1869
128 990
987 1580
2339 1640
117 30
1147 2366
1816 1302
2249 263
1713 781
832 538
1105 1272
1021 2121
1909 1352
1586 2045
1037 1625
991 879
2220 1225
646 1308
1390 470
369 1285
252 1513
1477 693
1495 392
1137 2180
2378 2077
580 1973
39 535
131 366
64 293
1571 1384
613 352
1032 2301
1624 822
2264 166
1917 386
1213 302
2043 1655
180 1942
2135 1317
1517 548
1910 898
1462 1712
1770 2211
750 1197
583 2344
1681 1742
1 483
988 76
751 199
480 197
2156 264
1485 1977
278 1670
573 869
1666 820
1170 1665
1196 621
1258 1330
757 2226
1157 1766
1419 486
2008 1322
1188 718
908 2095
1165 162
2194 600
850 1992
634 1387
2396 642
1054 2312
1762 806
1233 162
769 278
202 1265
2369 79
724 2156
1404 1317
405 879
1616 2312
460 1964
90 194
933 975
1961 593
1522 1732
1554 380
160 596
1795 2217
1027 319
1192 2176
1353 554
777 1240
1030 1465
356 799
297 1580
374 311
336 941
1848 1660
1406 1434
1785 1686
844 2339
1358 1223
1995 1612
922 504
503 181
1573 838
99 349
1048 333
1366 935
1979 2360
1577 550
2026 790
619 599
687 259
2097 1085
1461 2209
2101 1868
1028 1968
2233 2259
700 2045
2123 1151
2135 576
1035 2152
1144 103
1952 1521
1126 165
80 1652
52 1268
9 558
977 1596
1500 2065
1674 1779
2145 1824
2343 894
865 1646
1378 1401
2025 477
295 1730
152 399
2098 917
1443 509
393 174
1147 960
1911 245
1829 2083
459 1166
263 1402
1723 1002
635 1779
1543 1862
2302 750
2295 1808
1123 2323
1696 1285
2041 1806
2278 2298
535 562
1954 2150
75 605
905 176
275 2132
2386 1542
1739 2205
1690 464
1713 963
50 727
379 562
1855 379
213 2319
1352 1457
2207 1599
2104 2267
2130 703
1113 777
881 587
1319 4
104 1535
162 2331
1101 185
696 774
1336 1954
522 1030
499 432
146 1587
2270 1654
1877 970
1990 2308
225 101
680 1473
1602 24
1677 280
2157 46
1301 300
686 111
564 1594
1727 1029
357 842
1237 433
1671 1884
1527 1105
1860 1987
612 1443
216 2062
2273 2030
2389 1782
155 2267
1980 1742
87 2029
1652 126
1839 648
2384 40
1970 1464
337 498
777 620
1651 1450
128 809
2361 437
2146 1124
862 613
2026 1058
190 25
1909 2067
1921 1111
840 1172
737 199
1741 925
189 633
597 1310
521 180
236 2014
448 144
1532 44
1999 1653
845 1096
1752 1918
885 1705
101 640
70 820
1910 1886
511 2331
1712 714
12 2342
1113 200
368 787
931 1940
2222 2384
1812 1528
1714 973
663 581
657 369
2048 269
878 134
79 2036
2109 145
2349 1500
1 558
1486 494
1866 2191
1658 1262
1641 1224
775 927
459 2205
2294 112
1292 635
364 844
1886 1583
234 861
1929 1596
2323 1647
205 432
985 2294
876 1473
313 2382
800 824
666 1979
1498 701
2089 207
1377 2023
1214 903
2012 891
1011 910
434 111
1744 1523
1563 1744
903 80
253 391
1861 454
139 60
1142 2251
1602 5
718 2155
2019 229
1461 893
1682 2395
2045 1703
994 171
1836 2058
1381 567
432 969
1320 1667
1731 1137
1981 1463
1317 2267
1759 1075
1764 1998
1811 2381
2075 1784
1204 1932
632 1659
192 894
1804 1427
1661 334
1825 125
925 186
413 1460
1801 1773
402 28
1327 295
1020 2155
2207 744
761 593
1628 248
1729 1948
1212 1128
11 1271
521 1755
163 407
2390 1836
1786 2196
2317 1573
322 2121
2221 246
406 1713
1121 2142
678 2221
977 2131
2344 1782
224 1965
1607 1235
216 172
1307 2016
398 466
706 22
460 1055
1050 582
2347 1451
2102 477
2063 818
153 415
274 166
2297 1173
1166 1554
2064 2074
981 899
811 1306
1855 1737
1928 1491
1762 956
30 2049
442 1318
721 219
2095 1989
916 149
1823 2147
1799 314
89 307
2296 65
202 580
1013 548
310 2024
1693 911
1259 884
974 80
751 20
1247 600
2227 1912
1311 260
0 1587
1194 2258
2008 887
2144 1550
1658 1380
340 444
502 2329
627 1662
649 2268
875 2274
1616 717
381 886
1052 1679
1549 909
1407 1767
2292 593
2287 602
1830 1013
118 603
347 1089
635 236
1256 169
1359 1336
1587 1688
111 182
1077 1408
2366 1565
926 1720
1699 2040
1182 45
284 158
1544 2117
1195 1929
998 1606
49 2238
641 1115
1451 1324
1708 611
1663 1530
362 55
1229 2307
882 2003
1596 1928
407 187
1952 1472
716 1775
1187 1105
2086 1711
702 75
230 431
186 724
1030 1168
743 2257
615 1019
2159 2186
1955 299
140 1294
909 1786
77 2253
141 255
1963 1278
2334 1270
198 211
1879 1215
185 1480
1203 432
1961 2263
1908 2018
697 1652
1639 1314
2365 629
769 327
1204 625
670 199
13 2346
200 1751
66 958
1459 2025
1162 2010
387 2368
233 967
1072 1793
1459 1197
612 1737
296 685
1515 419
1008 2282
2118 1950
351 2120
16 2281
2055 194
241 2184
1760 528
1339 1180
1193 2134
967 2156
2009 1796
508 2275
538 928
1201 2181
860 367
2176 2374
820 628
1567 957
14 1472
112 823
2204 839
1260 206
22 362
1862 192
788 1939
1936 915
126 2135
1706 294
2314 327
631 59
1520 1778
1443 654
774 1838
680 990
2212 566
1811 1294
924 2303
10 2109
114 738
1699 1782
1384 310
659 815
451 1509
1392 1795
2385 1546
183 2096
1004 831
983 14
1726 2001
605 1571
1640 1415
1245 2100
813 661
2262 2133
1457 138
2079 1086
915 397
1602 1317
72 887
801 1529
416 858
690 850
1617 447
1804 964
1307 1523
67 1972
1615 62
1035 1602
66 2062
227 566
807 933
1382 2366
677 2098
1049 1765
2015 610
2250 1496
392 2332
569 124
1699 1615
667 1196
1924 829
409 2278
390 2378
364 1245
1458 1190
1334 1533
507 1798
1457 773
245 1768
1743 1926
1016 2058
528 1581
900 456
2140 1512
1826 638
796 1953
482 928
1388 744
1927 1734
226 1592
2258 1765
1129 1522
1807 1631
506 497
1242 355
1265 510
196 535
819 950
395 1031
1133 1863
226 1920
842 995
912 796
991 1069
888 188
2269 2025
1630 1753
1342 1082
1577 2132
1219 799
2115 135
2244 163
534 589
314 145
1714 1791
2048 665
1385 609
443 1949
1344 1541
507 415
45 1500
339 1890
1218 1339
664 976
919 933
720 1305
307 1658
2195 1203
1212 433
662 758
790 2310
1110 25
1974 2259
652 122
345 361
443 45
2146 1102
774 1050
183 651
1183 1934
1331 339
2006 649
1621 949
1891 903
862 2354
2148 176
1352 1232
481 322
1594 930
2077 231
1807 1266
21 564
1275 2268
206 947
53 605
971 1084
1738 1277
389 1851
1665 2207
2066 144
2021 290
2002 951
1190 1741
1416 799
797 1036
2199 1788
279 1701
415 1601
639 838
89 1423
1977 1712
2270 2136
466 1394
2273 2144
5 418
1536 296
182 208
512 81
243 2123
97 163
2385 467
877 921
671 173
2091 1951
1298 2340
38 735
1217 119
1456 614
1748 1027
1055 986
2063 1621
1357 1224
486 1143
1528 1467
2201 736
110 824
1806 1336
2067 151
953 1564
668 255
989 750
2249 125
1439 1586
494 737
811 1081
2361 2373
762 1203
695 1195
779 1174
207 1803
74 2263
1991 640
1863 180
516 621
1454 1698
2226 2125
1607 61
2100 48
614 1003
1461 224
2132 2151
2138 2389
486 590
115 558
820 2391
870 2375
2099 204
2313 301
2147 562
2145 386
1783 434
2152 991
1780 743
2256 327
1589 1730
630 2335
1449 851
2142 931
932 150
1424 294
1002 1185
1138 1438
635 2305
52 2157
829 78
859 1332
1263 839
1031 2248
1692 1579
1978 316
333 1445
377 196
1399 1410
1034 98
2000 913
33 370
463 2169
208 1449
310 19
614 2145
1385 1871
705 817
1471 1865
247 122
8 1878
1099 2351
1383 407
85 2200
2193 533
576 1582
1673 179
233 304
2317 2085
298 2001
1215 231
509 1607
1354 682
493 1582
1033 1625
398 2391
1598 1808
1795 1008
1433 1689
1346 343
1986 1211
1041 1466
324 1393
2221 2389
238 177
792 1346
1277 584
1211 542
529 1247
263 1477
244 621
11 1305
2187 2292
1563 552
1614 1709
1029 1437
990 1151
1890 431
624 986
2 948
558 406
956 1039
1811 419
364 1057
1340 1965
2348 213
912 583
866 46
1119 1221
1866 1814
1237 1128
1168 1831
1202 773
245 2105
1015 2330
914 1237
1699 576
1426 1853
534 588
2384 2088
1667 1436
1458 1401
1738 1322
70 1287
235 1574
1345 530
1623 433
521 20
1231 799
2001 2372
938 881
1124 961
2069 728
2063 1360
1433 1626
2 944
611 1763
35 2140
705 127
780 1940
1425 1917
2185 2174
872 877
959 1002
875 391
1410 2255
1140 899
1881 718
500 480
762 1489
1437 1820
2299 772
1705 979
1207 425
1962 2151
6 582
101 1475
189 373
492 2244
302 1140
437 2313
444 1351
2334 809
2126 281
339 95
459 1018
1610 1264
2350 692
336 1839
936 943
54 1264
1144 1541
4 818
1560 984
394 1170
2330 1658
1931 2361
1862 1715
501 948
655 1776
705 2157
827 2356
2179 1333
862 2171
1650 2144
1589 2059
2114 822
1803 629
1168 1229
48 719
2141 62
1408 165
1535 2293
2050 2063
1861 2095
59 2201
2054 1432
1175 1933
2021 1556
2158 978
2341 2225
1648 2309
1351 1255
76 1052
544 552
1205 246
1484 369
721 1168
1942 1003
1329 800
1468 1856
1722 614
458 824
2294 1807
1736 1655
1591 204
1528 850
1085 1326
239 97
1455 316
75 1415
805 1363
466 1958
86 863
719 481
551 617
925 1304
1265 1970
1021 2207
1727 1757
1286 2140
426 1622
518 1380
1832 1199
2138 1281
1430 69
1255 170
1068 1304
2130 2078
1561 1868
491 1703
1968 328
1715 1135
9 1875
1158 2004
1673 2125
2298 776
608 1198
2119 2355
1017 728
2310 1285
1626 1311
1622 2283
1135 1623
1787 1119
1043 340
1059 210
562 755
1518 1317
2197 975
2218 821
1406 1103
1371 1221
197 678
2179 2246
939 1220
203 1930
1235 403
843 1679
432 1611
370 1645
1841 940
1318 2103
1288 1623
2049 2290
2343 1668
1571 2262
1079 526
904 1729
108 602
1158 2112
1948 189
435 881
694 95
1015 272
1728 1135
1733 580
712 1788
1117 306
142 1966
1367 2077
1149 537
837 105
2093 2064
307 1367
625 643
631 1343
1887 1714
1548 1122
884 1771
1205 123
2233 1228
2224 173
1392 580
702 864
1644 774
1309 1868
2016 1640
1519 1279
1597 24
832 825
1320 1579
2347 2291
2371 2292
1136 1288
1712 2381
1749 18
794 2149
310 244
1574 933
1536 1778
1856 1674
1964 73
586 570
1095 2319
1224 919
968 47
625 103
1412 1099
1309 2070
1915 2039
2146 561
406 1312
1594 2103
61 922
1694 367
1096 970
1255 299
141 1097
1664 2160
2040 2348
2076 45
1768 1867
1980 1244
315 2076
2382 1891
260 326
1941 1005
2213 1458
1706 620
521 1727
1729 1739
273 1075
335 753
1866 2305
1447 793
978 1562
46 439
2002 1663
2263 1910
1109 1695
1091 2049
1707 706
2297 1666
1047 19
2281 2198
552 1132
2160 1569
942 2167
30 1220
2143 739
306 1870
408 2380
654 2041
91 973
2191 466
2158 2267
146 1627
1695 114
1934 1809
1673 161
2331 2006
2286 2258
2003 1323
399 1127
308 135
902 1164
2342 1701
2293 1202
1363 99
1119 2208
117 1365
209 185
1124 709
1332 1828
1847 1946
2042 859
152 2006
1265 1558
1641 2074
1390 1867
768 1836
1599 1357
2120 1747
706 382
113 1625
385 1789
2078 611
610 1450
1373 663
394 1718
2139 1464
389 1294
798 974
415 1828
1635 263
1707 1550
1554 203
2138 385
1509 1234
2078 648
1738 1312
709 2249
492 1351
577 598
1619 1804
1963 1118
2184 324
1760 1650
1840 631
2274 96
1074 31
1816 201
1450 571
1748 1964
582 1290
1111 707
1470 266
342 2217
1451 1317
452 579
1928 668
167 832
1895 308
1209 359
673 839
95 1656
525 812
1091 1940
2308 1022
460 434
1126 1893
2118 1097
1969 1181
502 1592
1782 1699
1766 1989
1900 558
1063 1261
799 1612
1984 1317
1380 6
1313 657
1547 1498
1830 1592
1734 1855
857 1258
834 609
1409 1696
1279 490
1656 181
1297 591
2104 2356
2364 636
1390 456
2064 176
1633 292
495 1154
2364 1349
1188 2339
615 378
448 86
231 999
871 1787
286 163
1558 755
1610 731
937 1992
1428 254
744 669
390 4
1584 520
796 308
2132 1360
111 2160
1160 952
387 2037
1391 103
2261 625
299 1150
1628 728
2171 870
2342 764
640 1855
355 1784
1477 1943
2377 2281
1290 2118
2052 673
1041 1385
413 2280
1082 2200
1315 2039
1641 90
984 355
897 1560
1803 5
1416 2032
938 80
940 1150
561 164
2068 521
465 1842
187 1502
1979 957
2048 1757
954 407
297 1939
414 2318
2215 556
1294 131
759 1634
1407 2281
2144 1905
1508 1423
1405 623
1340 2158
63 36
291 2043
1814 440
2320 417
253 462
658 2384
82 445
1780 1669
2202 1772
1312 1554
2155 72
1153 1336
637 2206
1638 664
1361 496
245 82
1603 2255
243 157
845 1585
1421 936
1186 565
1170 2033
1652 1456
1118 1023
453 486
2374 298
1629 41
308 866
396 1699
1252 611
2284 2332
1047 1646
1701 941
935 751
431 1924
1308 1329
823 1497
2005 1907
2270 765
1927 502
2372 2146
985 2153
838 726
1575 841
1404 586
289 1459
2229 2389
240 258
1361 1209
805 1753
708 1746
660 1571
1053 2314
936 1500
1510 2110
1342 2136
1637 2296
2007 76
1811 1444
327 1426
651 1723
103 2367
161 1821
620 1977
214 1197
735 695
1157 2090
1429 353
1153 2079
78 1852
2391 1547
1668 831
2116 1108
131 36
2235 480
1701 798
683 930
2011 921
641 1226
492 1083
404 1655
1533 1220
1583 1992
1026 548
1696 1171
2265 1531
991 1148
967 881
1423 2244
2223 1643
538 16
2239 717
1439 1787
437 477
1440 1456
344 2155
962 516
1416 1185
570 923
982 1839
1647 838
564 252
1987 86
709 2265
844 2153
2219 384
2297 1682
644 2095
2034 185
542 815
588 652
1628 1319
1677 1835
1038 119
1680 1639
251 978
333 2224
1373 1673
1894 2298
1238 1052
3 1691
1502 410
1634 1399
870 310
1283 1346
1479 732
269 1876
838 1503
1250 1316
1717 799
1473 1221
304 95
1648 611
1271 131
811 276
2027 1501
1015 363
1572 208
280 810
32 248
1093 2323
1475 1072
685 1672
104 1489
2346 749
1225 1817
529 343
1295 605
1226 1399
194 969
1057 2187
256 2246
1142 361
1779 521
645 1282
1661 2207
839 1333
1850 773
1743 908
1666 1671
316 1230
1837 2346
72 1076
1398 450
1778 231
178 1333
2060 450
658 405
840 1157
2105 1942
1220 2251
1148 2323
1657 136
478 1589
2245 481
1190 307
2116 2050
503 1014
478 106
927 1898
1905 458
1898 648
1216 1472
2104 181
1662 2068
577 616
263 1562
2168 1163
853 388
234 2001
665 502
1393 47
945 1925
806 885
1387 1719
1675 2257
1077 133
1306 763
1005 669
1141 2185
1372 1760
1070 1706
1526 2303
1771 808
2155 2005
1460 880
1411 1871
785 2132
1267 1136
1609 1954
1551 512
1491 1370
722 1291
246 1749
1460 577
1404 1906
667 410
769 2349
983 1480
1012 462
408 1540
99 2147
276 1472
2292 2360
312 803
2083 1496
1597 1258
1545 1722
1745 1118
1856 462
1579 927
114 274
1542 550
2194 514
2306 87
1257 1326
840 1655
685 504
1427 443
696 1229
526 53
169 1993
1775 616
915 1090
229 491
2208 54
1172 2392
302 1762
1080 1234
272 2078
592 635
1716 1707
1862 1311
620 772
1380 856
799 933
2301 215
719 1624
1951 794
90 355
1249 1841
425 102
1570 2163
714 2348
1070 1032
1801 323
94 727
2328 1818
1419 755
2095 511
106 185
1185 468
634 1497
456 154
1213 1247
2045 1054
1847 900
72 1675
1754 2148
1422 2175
1553 38
1802 936
1109 595
392 1745
910 792
1880 148
2100 1761
501 1518
1709 659
2078 42
1491 1377
548 1401
1181 369
967 972
1197 1765
1584 1508
405 1027
1621 216
1067 863
898 2387
1535 889
1793 2042
752 206
323 389
576 187
307 777
830 2011
804 1651
1753 447
2387 897
684 1612
60 549
713 180
1849 1349
2297 1053
2052 2353
1478 52
1833 2342
1787 590
1934 49
990 504
1784 529
1474 154
716 599
972 1440
1420 1432
1956 939
352 1775
246 14
1749 559
621 1989
1632 1206
182 2101
274 1419
783 1995
2327 818
1645 1185
11 1796
1833 1951
2183 892
248 806
1770 202
986 2106
996 2086
50 78
2019 33
1655 1518
2195 1757
2242 2372
457 924
921 720
1865 169
610 741
419 2049
1417 1452
1432 1071
748 798
228 1821
1881 1980
2018 1531
287 845
550 545
2078 623
994 768
855 1829
802 159
1607 1545
1742 2230
85 11
2279 1915
1180 1668
509 1824
1786 1706
451 871
1799 1188
1003 1582
1309 688
1496 1261
2246 494
1533 1417
1906 1764
1273 1402
417 2129
506 2305
2176 92
1843 271
2373 2073
653 1188
490 1740
2268 1619
883 2158
1569 500
1424 506
428 2217
2316 100
1889 248
524 2129
791 434
1910 1480
958 1999
1402 215
2233 959
156 853
2115 1252
1581 1606
582 1248
2303 2135
1037 2382
767 1232
2190 1843
464 1364
1889 2386
912 2010
999 2143
376 1668
2080 2257
2118 1092
1580 1139
1448 1657
2164 381
1992 1365
2228 1990
309 2322
822 1419
1497 715
1106 36
1003 1113
1532 881
583 163
1814 1213
1088 1452
536 1569
388 1908
1525 191
859 541
619 1529
51 447
2266 664
739 2312
470 1770
1244 2325
1913 1587
1764 264
2368 259
616 2063
1504 1459
5 2118
1608 57
87 1539
796 863
1396 1792
1316 771
1598 1234
1269 698
2349 1776
526 1874
1255 1651
212 346
342 280
228 2110
1159 1462
510 2226
14 2335
1125 173
1435 2241
76 1368
1157 285
1142 1256
148 1867
787 219
1152 2090
955 1126
2130 1656
336 917
350 559
1314 1451
1361 1028
1356 159
252 1313
1001 1288
920 1146
301 56
1670 1173
2200 954
1601 188
1411 1026
1899 513
2038 1525
1095 623
2134 2375
1466 2378
2086 2153
553 57
2303 2389
789 2205
338 1920
380 1158
2321 1596
1300 1758
1932 883
294 387
128 1686
50 1058
958 287
1868 491
1310 526
1100 2024
1102 503
92 1310
105 405
546 2069
2241 2398
383 134
1075 1982
2310 823
376 587
1487 683
1480 594
1651 534
425 1662
399 586
2134 71
2304 866
920 1843
2392 324
2255 1625
1155 312
1139 220
581 2154
1620 2098
2087 1259
376 1433
752 266
421 1036
1344 1188
819 1483
1440 2147
67 939
1122 2294
2298 2186
1822 317
503 455
1366 2212
1221 1896
512 1231
1105 877
2099 722
1670 486
1547 146
641 1950
1365 1992
289 1793
1962 1375
1657 1847
1139 559
1288 1869
597 972
138 1489
2000 790
191 906
1614 1823
612 1809
1382 938
2363 188
1908 114
2312 1158
473 2131
224 2376
1130 1145
2164 2300
1531 821
1377 901
429 697
1818 92
685 12
688 2015
2272 661
422 1977
171 965
1896 932
1709 519
2116 2120
1902 1798
679 777
899 1928
1426 66
1686 1146
350 1079
179 1160
1206 2050
2234 1638
334 1698
1163 2014
121 1392
2025 1826
93 1144
765 408
994 66
1460 1329
1652 1156
372 2080
2244 641
2254 1385
1336 859
1446 2278
211 1168
353 799
1414 827
555 1489
2205 717
1489 321
1207 332
1295 1417
1845 1732
1464 1418
262 215
2343 745
1534 7
1771 2131
587 2022
1442 1321
683 1299
1412 189
513 1233
754 1673
493 2382
445 63
2010 471
1379 1705
763 1074
770 2209
472 795
1354 411
2329 2149
2051 1383
1250 987
1304 362
1007 496
1917 2262
2370 2288
790 2215
151 1052
2000 388
248 512
1135 448
2248 702
956 887
1270 508
1393 1031
2354 660
1831 256
1129 2049
1177 662
1611 1854
1472 2062
2127 827
1264 1434
1240 1933
990 1466
1792 209
1949 738
1073 2299
396 427
1472 2253
777 2123
268 2257
1575 2035
885 605
2070 1451
1511 719
312 1264
7 632
111 1810
1897 1785
271 1146
1423 1914
326 383
1055 2071
2313 288
1350 2185
145 796
1180 1875
2280 1489
1592 568
361 469
353 1104
1034 422
1705 1152
41 24
1076 1691
1745 1313
2034 660
2098 1520
784 1731
1084 1810
1027 1018
1983 1477
1776 1813
2253 2369
1367 873
1632 1380
2015 1505
935 1520
1221 1655
1513 811
1190 79
1136 1818
1770 846
305 1455
390 2308
2191 1975
16 1875
1881 2371
455 284
581 610
1222 1983
447 1997
440 1206
1967 1752
1560 1153
931 2047
638 1268
1302 2028
1154 179
1733 973
826 1495
2029 179
1023 1110
1171 1905
625 1294
2200 1537
115 1312
1093 106
653 421
976 2391
2385 962
1323 1568
1791 873
2039 1434
494 762
1086 306
898 1020
1403 2047
854 469
1682 2104
1451 2177
45 1599
2165 895
81 2215
846 1548
1092 2319
836 280
365 1585
663 2345
1955 369
629 31
284 2040
167 1087
133 1773
225 960
328 887
2162 73
1647 432
1018 1827
825 1304
590 146
1649 2054
1720 713
316 1000
80 2224
1879 88
2376 385
1123 1808
1343 1643
2086 1044
1683 2138
2065 564
1979 393
1648 358
879 1591
1396 519
1747 1857
1438 470
712 370
755 2250
1025 177
2139 1968
287 155
763 2190
1948 415
656 1772
782 421
2340 364
1053 827
1784 395
1864 1290
2133 926
2353 1295
192 154
1600 1555
2169 2332
746 1789
307 1084
1501 1998
100 1456
2293 375
1155 372
1980 2120
1370 453
1450 2131
249 238
2103 1096
1102 2210
704 219
1913 547
822 149
535 917
414 384
2388 1218
1576 1107
471 160
216 1498
1111 804
960 1531
82 2075
2185 1036
1976 795
2332 1195
838 1939
56 1221
2164 76
102 1849
1618 768
2284 541
146 801
575 1564
2295 146
1813 5
2153 1993
2196 1965
2332 850
1871 2286
695 254
1759 679
171 593
1688 922
1963 1044
2358 1677
1997 2269
886 213
607 1539
1038 854
903 1658
2106 1019
1846 1404
1310 1198
1134 292
735 194
1740 1693
2203 677
1438 1783
2179 1994
1722 1086
2336 1702
2097 2157
1505 2226
2008 796
2271 1380
2141 1494
1526 728
2057 1544
2032 2372
766 1728
1502 2391
508 1823
1542 903
1088 978
856 968
646 309
384 1149
266 1953
1012 1745
174 2044
423 2348
1933 517
1835 1062
2220 450
2033 200
2390 837
849 468
365 611
954 52
1381 1566
958 943
411 1341
92 799
1409 1508
1296 510
1022 442
1720 213
1235 26
472 1078
441 1007
2240 1126
1166 455
1466 1765
2329 1788
268 133
878 866
550 2206
1934 156
1558 554
2236 885
195 1331
286 2175
532 1067
737 568
1109 2089
494 1873
2182 1183
1580 544
1116 706
601 1924
775 330
14 1180
1142 1457
993 2223
1813 1300
1247 632
1638 1474
1341 1294
1585 2321
1663 612
833 764
1853 629
191 269
1471 460
2073 1908
743 319
1198 1122
1880 1345
1232 686
337 2207
946 1252
2258 927
640 2296
2149 2355
656 562
1321 83
2294 2102
1351 2085
901 776
2171 681
2001 1718
1403 3
319 816
655 939
1523 1327
671 1066
131 1794
1291 876
42 1315
1441 1938
1758 1641
1885 244
1943 1269
693 798
1055 2314
2214 1077
484 1137
1329 1897
96 1507
2040 1639
1997 760
1672 667
1563 2384
1413 1295
1875 2298
1058 774
1833 164
173 1614
151 1913
2048 203
1620 541
1453 950
1128 2295
406 1956
2251 425
111 2244
544 701
1560 2156
1608 1826
1776 474
919 1343
1470 2093
562 1271
379 1898
880 1956
1865 769
287 1128
528 2177
1230 703
475 2187
1476 1422
220 1427
267 738
1171 1692
890 637
1900 504
1178 590
2022 862
897 296
1418 1433
972 228
1499 2206
578 1810
40 2219
727 336
361 274
1883 1792
87 1803
1995 1672
120 2285
688 289
2090 1759
812 1592
64 1475
1010 1455
1871 2356
599 1035
1557 1614
1310 145
240 47
2245 1393
832 1526
1919 1048
1616 1791
945 872
1501 1953
2153 2079
432 193
2023 1794
570 2195
363 67
923 42
1374 668
839 2036
1121 1889
530 749
2366 286
1823 139
1926 2110
1108 955
344 1416
813 1555
1258 1841
1613 490
1769 2239
753 664
1625 1185
882 432
2206 1779
1238 1207
1984 1010
1506 1978
1624 1355
28 1377
1621 1607
2325 349
2000 503
1732 572
2166 2004
1552 623
813 103
1996 2337
805 1865
841 1631
1900 552
656 716
165 1141
1237 550
2203 1799
284 2100
1376 1788
259 1074
467 1332
10 1723
1989 687
1591 1572
1505 1007
2004 1753
458 263
909 1799
2397 921
722 79
2252 647
150 687
138 1128
1214 1797
1261 1388
1199 502
1400 904
941 1848
2180 760
1718 197
950 1230
1570 2354
133 1770
351 42
320 2213
1403 51
731 726
1318 1351
1200 944
1675 717
1605 727
2331 194
1551 594
717 2086
1588 1927
182 575
1584 230
970 2
591 1028
2027 2338
466 380
642 233
331 2210
91 301
831 1919
2292 1184
1143 936
1795 394
417 2164
484 1398
1025 1734
1208 2065
671 765
2128 726
957 1061
1894 109
1076 1411
944 1528
666 108
557 1243
1903 641
1206 2148
338 2381
1349 185
489 1631
962 692
2263 683
1488 1073
1817 587
1756 1
664 830
701 98
2105 2172
62 1668
1744 1579
657 456
28 21
1374 1297
732 776
1697 2287
1853 2087
1645 630
859 909
771 1793
2346 170
587 1446
106 568
437 549
595 1521
1740 550
975 2068
646 1162
1387 806
1412 131
165 1179
858 697
2311 2126
700 2355
1252 1948
1496 2374
1736 1125
1336 1749
1301 2190
2075 1915
1277 2146
1327 1471
1763 691
672 1887
1650 2213
776 855
1295 1312
1857 2150
1299 1546
1234 2086
1716 466
1328 211
767 2286
1038 470
2246 2291
2341 709
1375 2104
566 2084
490 887
1507 1098
2200 1447
1644 1499
1864 1633
363 860
1873 128
573 1767
1102 602
486 2246
2319 402
1569 766
2261 2350
1331 484
771 70
17 1768
2250 1132
708 969
1808 757
1815 877
588 620
1629 2111
1016 1580
1106 1033
759 1728
1559 76
1553 40
2080 1139
2196 991
1302 2188
2038 1975
1664 1895
58 405
2363 1020
2346 387
1029 1833
1185 934
318 1091
177 1417
226 1201
1809 1027
542 1193
1684 1359
1150 979
670 1207
2358 1130
1785 2144
130 1497
1044 2256
1573 1803
888 527
773 2283
693 230
1918 2071
166 1582
926 504
237 906
1840 391
2127 864
1359 2064
1541 2250
2333 808
1427 1261
1060 2097
120 508
875 1399
675 459
1379 2220
293 1694
1942 1920
436 1594
480 685
359 577
889 1748
676 61
539 2028
2352 482
1944 1596
454 1601
1231 772
242 2035
1593 873
2256 1017
1004 61
1313 1885
857 261
1800 826
1847 676
2316 1549
1960 1053
1856 819
2367 2116
985 1505
965 1670
1985 199
1286 884
1881 602
2393 1034
951 799
2231 1156
1261 1682
633 2332
1657 2023
379 203
1888 936
663 1918
1410 766
1447 1764
619 1108
104 320
2394 1602
591 1692
2042 1286
1675 914
1490 985
473 1500
78 1447
1588 1797
2019 337
1293 152
1519 204
1068 348
571 216
2383 2329
255 2272
1477 2228
1065 1493
1264 1419
1633 637
39 1162
1562 763
1029 1428
1932 1138
1936 762
426 1303
1171 2106
1343 1170
1978 50
1595 1737
1523 1726
1721 64
930 1633
1291 2151
475 236
1278 1867
1363 222
1178 1533
1834 369
955 598
601 1452
871 2349
1562 638
949 152
749 2378
466 105
1794 1608
439 266
1704 2011
2121 92
863 866
1548 1492
2026 1683
679 222
1676 897
469 342
1606 1643
1368 854
1992 2111
1578 415
2341 749
494 160
912 1582
873 1007
607 1979
1570 709
1443 336
2237 1052
1530 1144
242 735
40 2227
2294 1088
2209 1694
2152 2090
188 1188
443 743
2163 1594
1440 2291
1084 136
457 536
1395 2166
828 1709
1236 482
1846 96
2057 723
25 580
2380 1756
674 2192
73 272
861 210
2253 1479
1058 975
1589 2240
313 1428
1630 680
922 332
1837 1680
1349 1033
907 1454
1162 1468
819 28
1991 851
211 794
803 657
326 1922
1831 1639
1769 1780
515 800
2281 508
1221 1960
1656 1114
359 1810
297 1438
1384 1915
2101 476
613 962
113 1908
358 599
2304 55
1599 2165
386 1959
132 2230
828 1435
470 291
132 2094
718 348
327 1504
1350 727
193 887
2174 120
701 1502
1967 2226
1832 2217
846 708
906 1882
2166 447
282 334
1248 528
2081 1634
1144 449
1358 1251
2211 696
316 2175
2230 1191
1352 447
1532 1693
583 864
371 1182
157 1486
1162 150
205 1012
1296 2034
1134 2192
808 1257
491 144
1590 1608
881 2303
2123 210
1666 2023
2397 1005
1513 2109
659 1654
286 1155
1944 2000
1965 126
2079 1939
1665 815
1546 471
2365 1672
995 713
1974 552
487 146
868 1918
606 1081
425 586
997 858
1076 473
1483 1047
422 2317
456 1300
668 2113
1627 1389
325 162
1119 965
1872 1163
1429 1284
214 2061
851 1179
974 1356
1505 1405
2240 1520
1120 1484
985 1193
278 2057
2058 1267
188 827
1839 598
1037 1416
311 2158
815 1001
183 1473
1342 1859
267 1959
1511 1071
1099 793
2122 615
2065 1101
71 913
1121 1336
293 650
1238 1706
720 1185
1046 195
1836 782
662 1456
914 1732
1543 230
1559 337
217 1100
2278 284
2307 1455
2001 515
957 746
993 294
927 1931
354 1595
160 1209
1422 1508
452 478
104 1934
476 1083
250 1377
1351 1905
1731 1760
456 1556
204 1412
1396 2108
2074 115
793 1861
1008 2174
12 1930
1549 1041
1984 434
1586 1691
892 691
2337 805
667 1260
2225 901
429 712
1457 390
323 1015
2033 1719
792 1347
1002 1672
1956 1333
1408 1963
403 221
1386 1421
886 1356
1786 1066
2136 1951
833 1186
2124 1271
1274 50
1973 2256
895 266
1711 1543
2266 2326
1364 438
201 2119
832 2181
1626 15
674 1303
2378 1314
831 448
2037 1258
444 65
1988 394
1938 1907
593 600
866 371
1845 10
1240 777
703 1564
1401 1030
641 43
1146 1486
78 1941
1634 2273
441 1662
2247 1634
1061 169
1623 2165
673 680
1312 561
1085 858
610 1044
1513 1402
474 1997
22 2226
2125 91
712 796
1772 1930
317 315
1184 143
236 318
1335 832
729 1629
451 2039
1636 1733
2065 325
2109 2373
2053 2044
1294 376
1846 115
2176 65
1782 1226
888 943
2363 559
1593 913
1214 395
640 1610
1000 301
773 76
2352 1369
1665 1360
709 316
420 1737
446 1875
1735 1982
1818 946
1943 205
1733 2327
453 1075
2305 1392
1568 2016
2132 476
116 69
676 59
1691 936
1839 426
855 2395
2285 1900
2131 1841
1252 1784
961 31
1728 1589
510 1421
1149 657
1693 1099
951 1478
823 258
958 1302
2229 1617
2044 427
168 1361
2293 1223
1595 1833
653 1182
251 432
1208 1784
725 1937
438 1167
1213 1488
9 1419
24 428
1939 2328
1064 1514
1611 1416
1314 461
549 876
265 1068
391 2162
899 693
1515 1483
921 819
392 2216
1036 140
1480 1089
581 1819
2113 1906
42 313
148 1990
472 2346
32 602
1320 709
1760 2376
1143 204
856 992
878 863
932 619
1608 1212
1090 1950
689 1611
911 76
345 1756
61 737
2208 1989
3 1337
393 1550
2336 173
785 2015
603 645
715 799
1896 2262
693 1719
2112 1272
169 1964
231 902
421 2236
1218 2168
261 990
904 1244
381 880
360 1810
1403 1923
1851 2046
2364 1299
1058 1905
630 511
337 511
389 1507
1269 1556
1138 833
891 413
170 2271
408 1229
2277 221
1394 2014
420 2387
1257 358
102 994
541 2013
1386 1503
995 770
1576 212
532 493
239 1
1886 881
1860 263
1165 223
2014 921
580 250
402 2237
1131 431
1506 1558
450 1739
1306 118
1686 2156
1928 1461
381 485
2386 254
2055 2214
1921 2294
744 1334
1249 2217
755 1028
1707 628
1635 1925
1996 1692
1583 763
539 537
154 2320
1165 271
1775 1731
1876 245
839 560
522 965
1040 1882
629 920
2221 866
238 1286
3 2273
31 2354
310 1435
110 665
1256 1758
2389 566
449 1514
710 1840
1011 510
524 2090
283 2271
1808 1529
2230 67
2270 2230
68 562
2302 180
969 1391
1631 1714
2248 2134
700 1017
1817 2264
1966 2048
920 646
1761 2287
1856 1088
1907 2285
2177 2329
753 1055
1510 893
913 1256
1718 638
309 1980
647 1447
589 1675
258 614
1193 1210
199 435
2059 2238
333 458
2275 2049
2386 1992
1260 2076
558 1871
2044 543
965 1348
1401 1589
2375 406
1725 1526
2190 1333
1709 2333
2338 324
2388 31
968 1781
1976 1712
1316 804
2065 953
686 2139
1281 889
1695 1546
982 550
1246 888
1838 2328
1743 2243
2014 2377
1639 451
1655 2072
1701 84
96 1069
304 709
65 968
1537 920
410 753
368 979
2046 405
260 2250
578 958
2194 2336
1854 1867
1685 1808
965 1199
2026 678
920 380
1966 972
1534 2229
2327 398
1187 1225
1089 1859
21 2224
1276 935
1611 1718
1455 1922
1692 1774
1710 1535
1494 48
1195 1534
451 401
1723 159
980 615
1908 38
1546 1316
691 2251
1588 806
500 321
33 458
2222 1975
1518 1198
1027 865
1982 437
2365 1766
741 1325
544 426
2271 1300
1107 1941
1819 2391
1085 2157
593 485
693 2038
2011 1759
288 663
1421 2082
1982 2114
1446 407
1757 575
1471 444
1732 1268
2043 770
109 1115
1689 693
318 1868
1079 1681
1892 832
575 815
73 669
1795 562
930 2266
424 752
771 2040
950 673
644 1176
208 492
666 1236
1888 1852
2109 1819
1514 258
2229 898
1069 1313
1636 870
622 2216
1782 1879
94 477
1344 206
2020 1531
2070 1727
1434 1292
354 240
855 1626
812 956
1289 93
348 634
127 2097
240 1139
248 3
664 473
1334 721
2317 344
482 1765
797 459
914 261
2399 709
2276 1981
1455 1653
340 443
1893 1124
1276 2237
1132 29
2178 757
930 525
2092 1573
1233 1715
643 1936
171 427
697 580
830 412
1359 1986
1446 453
1867 2370
2256 423
281 184
270 997
293 1197
173 1499
1990 1089
2155 2016
1088 1262
604 303
1884 2078
2024 2151
713 2079
2130 2050
148 1785
784 815
1669 2014
118 2276
2072 1129
1797 447
2142 2101
491 255
1587 1175
2095 1378
1136 1185
1254 1826
2031 2056
1338 738
1134 684
1479 1517
463 2336
1012 50
34 2272
305 1593
1884 689
1593 911
1490 1507
621 2040
222 2375
723 2175
256 781
139 1096
1135 1888
383 1237
2225 476
866 347
2357 1333
1787 1084
391 1083
57 1870
853 1132
1953 1680
548 365
2138 116
627 1762
46 200
62 1272
1082 2103
816 140
959 1353
631 2099
2333 363
2247 710
1822 1479
1453 1327
2190 2014
60 1186
1223 2149
303 1456
1766 1198
1414 2206
2381 1349
567 1707
1594 39
665 963
1838 1421
1301 67
1985 885
2375 2331
1408 2101
882 644
350 1689
135 1086
382 987
2331 678
1269 652
1411 1546
217 705
891 1650
2345 513
215 798
579 672
1765 636
728 2376
123 829
1101 1918
1081 468
1949 2254
1864 1179
716 815
2162 869
515 1275
2030 5
636 1261
1345 976
1454 2320
141 2140
471 1876
187 1020
2028 317
1266 1661
545 713
417 329
34 1680
2156 112
192 225
1940 1842
502 754
1498 465
785 2316
1740 2159
1108 1550
1728 408
817 1382
736 1289
1169 741
215 1141
665 1963
629 2216
2017 533
1073 1949
1742 2328
1540 725
514 62
447 2062
1368 783
109 241
155 1598
715 1628
1138 2203
378 1529
1173 1208
956 375
2197 196
218 1901
1117 400
330 1591
1337 2317
973 2182
1395 484
2159 1362
966 341
1240 1259
1700 63
178 1159
37 271
401 1735
1512 2170
2094 1218
358 228
1529 1523
226 2080
1612 1092
1968 1690
1587 973
2197 1470
312 213
551 235
1003 860
2238 895
642 653
107 312
2287 1013
238 122
2335 1034
2174 540
1996 184
40 1685
982 573
599 1294
2211 1415
21 568
1476 478
1671 2375
647 2173
1516 2132
2188 366
209 25
978 1856
1526 1367
1958 144
1101 1681
530 221
742 1343
2036 1458
1112 2100
668 2009
1244 19
1340 1385
1191 656
1568 740
1789 997
262 1152
780 1759
1887 282
690 793
1249 690
593 333
1114 1762
1888 1061
1777 568
1693 17
908 216
1150 1193
1078 2134
179 1962
946 1495
582 1536
1040 898
1100 1383
1537 86
2114 225
764 2075
2080 644
195 58
738 2101
8 882
1019 514
1605 1973
1785 1543
767 175
436 1976
1176 1795
1790 1281
416 1088
346 53
1631 255
1825 566
1074 69
2229 1578
1445 1928
781 1239
797 862
1812 2067
1564 936
2259 526
1115 1130
1321 397
2227 983
1285 1792
277 1197
276 2069
266 865
2037 1035
426 1893
589 1510
675 2028
498 38
507 260
922 1699
908 1909
1552 2099
581 873
513 2045
864 2323
1262 179
323 1144
252 1176
17 703
504 1794
1081 186
943 2092
724 299
2355 896
783 2035
1913 1053
717 2135
1514 1834
1802 414
99 2236
1263 624
1983 2062
1812 982
2282 836
1415 888
2058 583
1798 2357
346 1893
1151 1591
446 550
1462 141
1995 1112
1790 2385
1225 1977
2204 544
223 2212
1935 311
1535 2272
1394 1390
283 516
1231 1456
1116 1026
1133 1214
540 124
572 773
848 1216
1188 1856
1376 846
640 793
1124 1253
646 1788
1332 1520
1235 562
831 1557
976 401
1829 2173
970 1098
944 784
2178 1606
1757 1735
2235 1209
1705 735
248 738
1467 80
1352 1876
1694 533
837 1363
703 2010
1726 188
734 1803
485 916
1409 1636
2204 101
554 855
913 1722
1872 2398
1731 34
1135 568
2309 1435
2011 403
2314 985
134 1058
283 2349
519 1344
449 1629
829 265
1781 1342
1287 2062
1268 55
1036 2286
1858 285
374 2142
1357 1465
2186 1261
1520 1631
1224 1712
628 971
1178 1497
210 2240
560 2101
1872 493
321 148
2165 1365
1227 2153
2009 1887
1414 1888
966 253
1591 153
1919 937
1592 2139
335 175
499 1415
412 296
1447 55
462 1384
1400 13
56 1669
259 479
513 1013
1978 879
2260 140
546 2036
180 2144
1268 558
150 1096
1906 231
1613 2329
2311 1731
628 893
2092 1364
113 761
2014 246
1536 1633
392 487
1184 93
614 583
2039 1983
1246 1643
1737 2339
258 2172
258 2241
772 158
287 525
1539 1901
378 2349
679 104
1936 1244
1668 2312
2257 1238
599 6
1924 1962
964 121
2234 2131
1658 234
1955 596
1961 935
262 1663
2364 467
1324 1169
26 1169
1932 2367
1763 1622
438 1028
973 740
86 2385
1258 2387
2324 386
865 2141
130 685
725 1152
2095 2193
1700 396
2305 2083
252 2019
290 2121
2295 88
2305 282
615 958
1841 739
419 1707
329 1540
1211 2048
1427 1988
1774 1713
1262 1030
35 1185
1978 1413
42 1730
1177 1826
162 656
1366 1780
1546 2345
36 1204
2061 516
783 2177
1436 488
1346 1658
1128 2367
2185 1107
1838 1110
2188 1502
1653 1350
1516 2011
658 429
1781 2154
2001 659
135 1310
678 2232
531 115
2244 1941
53 269
753 1397
1745 451
463 1411
1577 613
401 219
170 2167
2371 421
324 100
88 2168
331 1749
992 1094
320 2068
618 1490
801 625
2124 1412
2137 453
373 539
1362 510
1353 383
629 1858
720 1503
49 0
1302 2324
1885 1206
1753 703
1840 332
2171 1679
2220 500
337 1421
1939 36
2070 51
82 314
907 1815
925 1219
1442 1492
1081 1469
1619 1049
1422 807
1418 760
1511 1014
1883 1090
715 1632
2111 86
1939 1693
413 1078
281 829
1405 712
181 1192
294 784
2283 2365
1667 2214
669 1614
1902 140
995 2397
1573 1931
1928 1972
2360 1856
2380 429
2320 2066
1045 2107
1878 255
604 1901
2357 681
339 1816
295 673
402 1568
1723 1751
960 1639
721 282
433 357
1847 867
569 846
442 2030
1033 1314
1191 981
934 1664
1118 2264
1916 1583
918 1098
883 685
1680 1344
1129 2197
2159 1141
1586 1149
820 1624
1530 1304
791 730
768 1197
1659 1598
332 265
1291 203
561 1327
1709 56
2191 2150
2207 439
1797 1653
311 812
411 1152
1360 1963
1922 2028
2038 2134
418 712
1838 1357
1009 2297
382 900
1775 1547
2194 288
923 1234
1662 289
1821 1908
254 108
824 1675
362 42
1064 1684
1264 705
2265 745
405 528
497 1183
2133 675
533 1799
929 2000
351 1213
1620 0
1510 265
424 813
258 194
1883 680
2379 1736
2085 386
637 806
483 1821
2189 2025
592 2353
2381 2309
2289 225
881 414
2028 974
192 57
129 757
1731 24
2269 1558
1335 492
57 125
959 333
276 1882
1132 1919
2102 1394
348 999
24 913
1017 21
1840 1863
1109 1114
1772 1703
2330 2385
1275 133
83 1081
707 30
2271 1299
1402 1764
2362 981
416 884
233 326
1998 963
1808 1831
741 397
1419 942
1065 838
747 1928
1468 1236
1586 1262
1951 1016
236 1654
1022 1309
457 255
1266 1147
1161 392
2255 1434
2020 892
1582 1650
2383 1996
1474 491
403 623
1469 816
747 2074
1674 1605
1181 1693
743 2297
704 1907
770 2393
591 1757
549 2298
95 294
2332 1445
527 889
45 533
174 1298
556 867
694 593
797 335
868 1395
1335 1699
1192 351
1787 1910
1583 912
1398 934
2041 128
423 1252
790 1321
1858 492
1768 2220
230 1443
1519 504
1924 404
1848 1977
1479 1353
229 1529
1821 2317
2265 2391
1849 1899
2143 1685
1746 2306
2028 299
1442 337
660 1304
1845 1186
1042 632
1783 1309
207 618
2251 977
46 1712
1303 168
218 1052
2050 601
330 1733
208 61
2129 82
876 66
2134 509
1755 386
826 1884
1379 707
36 127
61 446
1039 1471
1341 1712
980 763
485 1880
410 473
971 352
1161 81
676 1535
1877 1175
647 1233
1283 1055
1221 374
211 414
284 1979
207 763
1359 957
1600 1200
884 77
1724 849
1048 1296
1278 926
1157 186
2337 2264
663 1013
754 1837
176 147
1098 2306
126 600
1677 2397
1438 1567
273 1505
1715 2245
1356 2377
617 390
1872 2095
1125 1131
1175 1107
34 1691
1882 298
1045 559
1075 1848
1220 461
1078 656
1762 1595
1463 1952
1380 1907
2275 1755
997 1887
1214 941
1637 2169
549 2226
2335 5
748 1649
473 700
2360 2365
164 1035
1904 880
2062 2391
1437 563
81 1550
465 323
707 2293
779 1821
1676 1068
886 2106
2367 2089
873 2125
1482 225
1223 1446
1606 1963
1046 2011
1156 554
1299 2225
159 15
669 505
834 97
775 2029
892 11
278 909
1358 1656
1105 936
1267 554
2350 1017
1825 1479
204 1358
2064 1672
1083 237
1444 1974
2396 786
1272 74
295 1597
1602 2082
1565 2032
1676 1055
1622 1984
1304 274
227 158
527 1464
1222 1728
839 389
2214 86
1903 212
979 1106
13 2145
1033 1419
1857 1660
1581 2359
858 223
2274 1183
932 360
1530 1788
1090 969
2172 1859
598 1291
1073 2345
948 504
609 1955
1052 1799
1901 2142
618 571
1510 169
1229 2276
933 1857
1111 1797
2218 472
1629 974
55 1550
1045 18
91 1422
1315 1180
1039 1946
903 598
1117 2362
1999 532
992 2017
1433 702
2286 1268
2351 2320
1070 2082
1316 2122
2298 394
1568 1825
1863 2395
2122 1431
469 1783
1796 1680
1663 2000
1211 123
270 1996
2242 1359
64 356
1112 1976
523 1922
2220 252
1933 1703
1528 2077
1784 657
1956 1425
1334 621
1053 2133
1923 222
269 1258
2017 1490
1202 885
1449 416
945 293
1122 1972
596 1036
1544 1145
1955 524
944 1126
500 926
415 269
26 2181
84 1889
215 1698
781 1242
1989 862
1060 295
850 1981
1032 1406
1854 1864
1588 1925
1725 2341
412 2362
2191 1475
567 1549
969 2019
2389 392
584 428
795 1112
1210 1802
1432 985
1378 1834
1201 2325
1754 1670
369 1563
1219 618
2199 38
288 563
2031 1106
1249 790
888 1741
896 2061
1578 133
849 1487
1050 527
1991 355
1262 28
1773 18
2255 413
276 234
1348 1736
1045 694
172 1746
620 1061
1696 1229
2193 1071
601 107
1147 187
1642 1153
2204 1304
1096 1252
1700 2169
321 23
1003 1207
2315 1776
608 1318
696 1018
1348 1435
1839 1088
308 727
485 1498
1688 518
285 1661
1027 840
1884 1599
661 1520
624 252
810 1660
120 1880
1337 1167
1841 624
279 1841
2262 1047
336 1174
1106 1207
1342 707
845 672
416 1816
2392 1263
383 2088
1370 1847
1160 515
557 201
2231 786
949 521
1002 8
373 1772
566 1104
1970 1678
80 104
485 1934
1287 459
1524 1847
1090 1438
571 1141
1627 1034
2282 1558
1914 1978
745 1935
2334 2310
1543 1554
367 2090
2163 639
1539 1871
566 1852
2077 913
2324 513
1137 2285
1289 1452
1844 868
635 1032
1089 880
2196 544
1164 1310
1754 1067
1435 1786
44 561
377 1216
85 1422
2160 1493
1104 807
1201 1114
1950 2330
2225 1827
848 1907
1279 309
488 1313
2057 1862
2037 1407
2129 846
239 1984
1285 88
928 1794
371 632
1330 1504
1467 1475
489 1220
670 1971
763 2191
643 2124
684 1183
1252 378
1597 978
836 893
1331 768
574 1431
212 1660
161 351
274 159
896 1661
1561 839
670 195
254 898
1069 803
964 1773
1182 379
144 1513
1233 1896
230 2008
2101 1628
880 1590
652 1868
1293 96
261 2244
2242 1798
1954 2384
1566 1856
166 1138
373 117
77 1775
2171 562
430 1258
1215 1091
1938 958
1065 973
196 1799
1187 707
722 2010
1401 2141
1603 2050
374 1199
1901 1653
1295 1581
26 460
383 288
24 1796
1554 588
2298 1997
947 783
2103 1436
1618 1863
871 2132
2195 1715
623 178
1382 2177
537 1442
1859 299
41 438
183 981
1680 1483
1194 676
2209 560
51 1251
1368 1174
1280 478
1111 1917
1257 697
974 1669
1486 1883
674 493
591 714
1888 1603
1491 1577
1212 507
14 1592
222 2378
2024 651
806 1582
1278 519
1569 358
2371 2050
2359 1673
2167 2086
758 123
1994 207
1134 1617
459 1320
919 884
1855 1289
463 1246
642 860
332 1038
1502 828
83 1112
345 422
2045 500
12 571
1360 937
1128 1540
118 1914
571 2077
2356 2200
828 232
1962 1404
738 1285
55 172
1537 2372
1168 1885
816 615
2314 1403
1631 154
25 1876
1963 289
1826 1025
1605 1969
2182 488
1326 1698
809 735
333 77
681 565
2359 2037
1012 1715
1538 1875
2295 970
2231 1786
1005 1771
733 800
329 1466
20 1863
1341 1953
1415 958
1143 1795
609 1405
1305 1002
2103 1009
166 21
76 186
849 115
696 754
147 1915
1440 2244
1664 87
2206 521
725 1276
306 1379
1075 1652
1305 411
649 882
1024 1362
220 773
2110 1677
1067 936
1462 2117
1860 1958
2336 1013
475 760
1034 2360
145 2109
1612 801
505 1565
2355 684
2300 2344
44 1176
1869 734
890 855
410 2262
600 820
2107 1324
2094 1307
1804 832
768 1950
613 2046
853 814
190 2179
843 558
1925 64
2328 1129
321 752
559 1245
1266 2026
1651 887
1256 1246
154 2113
2084 162
158 1728
250 2192
1127 268
67 1328
388 375
1649 1808
1360 1646
1436 1507
1909 903
874 12
438 1445
835 1971
483 1003
2035 1409
2219 192
69 509
2029 1875
907 1439
2205 878
196 1759
1347 2033
1443 1520
541 864
677 1908
1507 549
952 270
168 1730
27 805
654 288
1814 761
529 420
2049 2145
697 1817
714 973
1669 258
2338 1784
2114 314
1407 1356
823 1411
1000 2172
23 2041
1481 259
1035 608
379 349
1870 1321
1964 347
1490 887
1049 804
2389 374
122 1694
157 347
1520 186
1476 809
1679 387
2173 2065
349 2056
806 792
1947 241
25 1580
431 828
1712 2218
1002 965
913 1744
154 746
1415 831
2164 570
97 857
23 2280
1690 751
2290 2262
119 494
1470 1379
224 2028
1768 1748
2215 2079
1205 1510
400 1833
1695 490
2280 850
1809 1211
1788 1454
1217 2175
2073 252
1013 570
1893 525
2369 822
932 1235
590 173
1746 1751
2383 1639
171 650
559 1714
1521 219
2147 1700
2072 1896
127 1612
842 2127
594 35
1765 1865
2047 631
160 958
2387 2074
1290 784
1087 1819
568 360
265 573
1525 1743
1766 1238
1463 1584
1950 1867
465 2385
1432 2047
280 1647
13 1683
993 896
555 227
29 1887
243 1038
465 1422
29 799
1821 878
331 2172
2351 2052
52 1028
375 1578
1659 1717
1188 663
2224 125
1921 2077
153 1265
1956 891
98 278
1805 1256
1032 782
1355 1998
1345 750
1777 1414
1760 1944
432 2047
194 2058
826 641
1254 660
757 2343
988 1994
2249 1353
732 694
2183 641
603 395
804 1764
2162 1269
1819 2115
1895 355
1987 1811
2056 2363
1813 272
511 615
859 710
2264 792
1712 822
1307 135
1773 697
1648 397
1527 1754
1051 1630
1406 170
2328 1451
1148 1497
2174 31
989 1512
1064 331
893 2150
1362 400
1853 1472
2354 1340
1389 65
1691 1347
314 1271
346 10
108 1954
2399 675
1179 1247
1645 933
1971 510
758 275
809 1732
1711 478
887 2160
1154 1727
1263 510
1486 15
4 2289
1686 482
468 1270
2162 817
1799 1806
18 935
1047 1760
948 1337
757 834
119 1675
1454 1468
1974 208
407 1624
585 2332
522 1380
1484 1540
1323 2370
2007 2025
2072 1524
265 1471
956 357
2041 378
108 1140
565 1288
210 998
137 1626
2106 394
1743 2226
1339 870
1112 963
876 1587
955 2324
2288 2212
1590 1412
1858 1595
1020 1236
179 1931
1384 69
1465 1451
863 556
391 1786
623 1904
15 2012
2184 2135
639 1051
2002 235
2023 894
504 841
3 2136
456 527
1606 1483
2351 88
83 1531
100 1770
1338 785
1242 1875
2309 331
1327 363
434 1620
1203 1988
1870 1074
1081 1138
1176 1236
34 1279
232 2301
1850 2048
2205 1482
1925 873
5 2219
560 1
1763 1812
1140 623
123 1580
361 408
660 715
812 2078
169 1881
458 2011
2379 270
2046 1030
377 1167
75 2359
1425 2103
1744 148
2119 176
1689 2311
748 797
444 1227
1930 1925
2261 1652
31 2385
1842 2179
1948 2307
1634 2130
1063 1540
2309 1332
2281 2238
906 1595
1609 913
146 1591
376 2156
1959 137
448 429
1993 789
751 2173
915 2289
136 1840
1056 275
2255 1239
1882 1674
2028 1586
1066 1886
0 1792
178 620
84 943
1828 355
940 181
2311 2024
2106 1234
689 795
1793 1930
293 1768
1494 1899
672 778
194 650
1449 1659
902 363
1559 1799
669 1404
1767 561
1404 1531
524 1814
2083 1433
364 696
767 1784
1834 416
1844 1976
1857 720
434 2004
1450 1906
1835 755
1548 555
2166 2314
1072 1128
41 528
1248 926
1199 1497
2273 793
2398 2388
370 2038
2356 231
110 1493
1747 378
101 2274
800 2198
1019 2333
2212 723
738 1939
1519 1893
1201 937
1915 2395
1892 1416
683 341
272 130
778 2150
1128 532
1043 304
756 2382
126 1187
725 1497
1268 1444
1806 379
335 1742
1943 858
1603 1189
412 684
1382 153
1959 477
206 1104
987 2070
81 1046
1801 1377
1018 569
2241 2130
299 2287
789 1007
1212 1237
1730 352
1060 1778
1471 1825
2017 2073
847 130
984 2051
1694 1141
2198 1056
2044 1534
39 1159
197 163
1284 1788
1826 375
2390 808
1013 1176
1064 275
1706 1513
841 641
1104 1772
1162 667
669 1778
239 639
1331 512
186 2081
943 1644
1395 287
594 1803
1299 2112
493 1876
681 1417
340 1152
1711 321
1836 1384
795 581
624 1218
1581 1542
1172 2234
2168 857
953 467
1183 2067
164 2020
123 2225
750 259
1918 1200
608 1986
2121 2059
1758 1807
1977 490
657 1558
1235 702
140 2152
550 896
1133 1761
481 772
1697 1963
649 1075
637 250
394 762
2217 962
1685 244
1234 1402
260 878
190 1729
1005 1780
623 1602
1935 826
1904 2083
327 686
682 746
966 743
1125 748
952 1658
2073 1389
199 196
139 2398
1159 1772
2360 1790
430 1256
255 1403
860 778
71 2249
626 2379
343 592
6 1040
1452 2357
718 1561
1600 2315
895 2014
600 2196
446 579
1812 2267
1364 433
570 405
245 1752
860 1473
1827 10
1237 42
2100 225
865 980
691 233
1945 1625
1868 1529
58 52
1180 1779
569 2101
933 1653
380 1556
946 925
1449 130
1902 1640
2086 1038
2268 144
536 797
796 72
1813 2054
1259 2096
19 1249
1917 1194
570 541
917 283
1456 1386
2087 1505
1368 207
1581 1281
1863 2257
1007 1558
163 112
1655 1922
2386 2257
596 589
1727 1485
1922 1075
639 1112
1757 69
1207 1884
1725 765
1388 724
387 702
2005 2154
1026 545
2056 2301
562 2367
473 1339
1624 794
1052 2264
1454 633
2309 2006
475 1545
861 1356
579 2218
563 2301
811 37
2126 1200
129 1536
200 1305
537 1297
2174 2349
818 1498
1206 2367
1674 598
1968 793
135 285
699 625
294 903
964 93
1047 220
742 2347
953 1296
1518 2264
1937 1217
710 2170
1466 2299
1050 89
49 1639
362 1916
1243 399
1277 75
535 914
29 2353
1817 1289
2266 957
957 1584
1071 1238
1556 1265
2152 78
1228 255
1843 1299
1538 2195
2052 2392
393 113
1585 146
2060 1723
1625 462
188 1322
550 2210
210 2345
1524 1393
831 1493
189 364
628 47
411 1407
2235 2012
1058 233
630 826
2101 2346
2245 760
539 1898
2161 1433
699 1021
1200 1712
2061 1007
38 115
1186 1843
401 1682
2285 1056
2372 2247
954 140
1008 1239
1305 1620
2283 2390
2317 280
2165 2010
692 1
1373 452
1975 2284
2290 1905
2398 1272
348 1094
965 1442
2259 919
460 2382
1329 1852
524 2063
186 249
78 799
1682 2216
728 1011
905 1749
1280 1919
2107 1387
552 120
961 1255
2013 686
1875 1026
1622 917
2037 621
681 329
334 2249
1518 2342
1672 1560
617 1680
2359 1270
760 43
31 1928
1739 1343
1260 758
1424 2220
1871 14
960 1151
1216 436
177 543
801 239
802 1117
1859 1545
2268 1877
1734 1016
2243 760
2302 357
2207 704
1698 1140
225 2234
1926 1100
1006 1026
1565 1222
900 1457
1390 698
675 1910
917 485
1169 1370
1683 766
2368 1127
758 61
644 2240
1407 558
129 1876
682 231
1687 1029
1820 306
1780 1522
1751 385
772 379
1069 1050
589 2239
1492 1882
261 853
476 402
1710 434
1721 1209
869 1148
2265 648
525 1263
684 409
1272 2019
1257 530
2241 1267
587 1985
2289 856
1350 186
1517 1124
661 1788
386 2186
1514 1114
1010 1473
894 1925
822 991
348 2331
1321 1690
1773 961
468 1136
422 2208
2223 1298
2316 78
2165 572
1832 289
2040 1863
2239 1572
762 1017
490 949
2156 436
772 1355
2154 2397
1672 188
997 1133
592 1330
268 2019
791 1515
1988 1206
1096 1629
520 1665
1354 1459
2269 540
1383 2364
438 1213
739 1453
1006 2340
1420 2107
2093 1484
342 1038
242 437
2332 431
1827 1077
1896 2146
1464 510
1005 446
250 2004
1556 296
2169 1971
496 1768
1723 414
606 422
433 1703
2262 1287
711 426
2113 437
2340 1111
1186 1309
1497 647
864 1958
2216 2326
173 1511
691 2244
70 1836
531 1121
2092 798
1906 2005
1099 2196
2234 644
1543 351
25 1570
731 1736
116 628
355 2106
467 1257
1550 1614
677 1891
1744 990
454 548
1052 2033
2074 729
2051 1466
1579 1115
1660 2278
800 1331
2120 1141
36 1182
844 2274
1528 1684
1385 1571
520 906
2293 1301
2144 2227
1397 2058
2150 177
825 1466
1563 1775
2058 2283
2010 1744
2368 2220
92 1727
1372 1158
1313 1514
1241 897
1659 1195
843 2073
1730 236
1717 1672
2311 95
2199 2197
1522 87
428 941
1348 1602
1890 282
553 1318
220 1011
1189 1130
1582 2123
2318 827
2250 1224
50 1596
1873 1452
1482 2287
63 1819
867 344
257 1953
1106 1500
724 263
633 1228
2004 1450
2210 1785
2305 1083
2374 2379
987 414
1969 1488
1968 1191
1089 2252
1356 52
1541 167
777 1301
949 2072
2272 2246
1206 1434
1243 1523
727 1282
1138 64
1830 787
2091 910
490 77
2284 1965
2175 71
69 1507
431 1400
1494 815
942 848
2212 1593
793 1244
300 1883
1741 2252
1513 1880
2145 18
2067 122
479 1839
378 1730
2299 1886
480 2307
2223 63
1062 1164
471 981
1947 909
2023 1107
282 1361
2054 1806
809 2093
565 1925
361 1590
174 917
263 1009
924 1301
1220 499
801 1662
281 482
1412 1482
2253 33
118 657
1504 708
135 1206
2232 860
1521 1703
1620 1781
2135 868
1078 418
2180 682
572 1586
2018 448
2350 438
224 301
1489 1447
1061 1020
74 576
449 1831
292 2323
1072 790
1236 417
1102 543
1921 686
983 727
288 1109
2358 1801
1919 2168
496 1021
1325 636
1825 1990
1752 199
1601 776
1980 689
2157 1262
2306 1914
561 1992
752 2330
1036 684
2189 1978
874 1757
2339 550
1824 1150
1127 82
1292 929
703 379
565 2372
1164 204
318 713
1627 471
1827 848
827 1474
81 2203
795 757
873 1093
568 258
1908 424
1158 229
1502 1709
1385 682
621 911
848 1913
1776 1689
595 939
1798 1753
1842 546
1549 855
1842 1200
568 1676
791 1630
1798 1013
447 1051
1959 19
410 1277
573 630
1675 2203
315 1114
863 648
1072 1792
396 635
1452 1240
626 58
1558 1513
1365 746
890 2296
269 1455
2246 1707
1431 1957
2180 945
1995 2298
1333 1085
1010 1242
0 1362
46 673
2085 882
675 55
163 2134
2341 1898
574 938
2361 891
292 2108
1268 1582
1080 1780
1046 1135
1613 860
2198 2238
493 1469
1166 2334
1726 1859
2351 63
1176 1591
1796 560
2217 393
649 1277
1803 2376
594 2316
1442 2343
1901 2273
970 2094
614 1644
145 30
1219 1718
1637 1069
214 1302
2151 1830
1325 1084
2188 2103
1537 2254
437 1967
790 1083
1004 290
2029 541
973 896
1275 697
2161 2199
235 2274
1218 644
180 1988
2353 2350
1007 2117
1184 1464
2394 2107
282 1208
165 664
1285 1696
552 948
2266 380
312 46
2053 2117
1931 565
850 1812
1685 663
468 615
1660 1991
167 1822
1666 107
179 1940
75 42
1431 1965
2263 1732
27 1503
879 1703
1069 767
366 2153
203 524
1152 228
850 2249
2090 131
2344 1682
1287 1419
73 2327
375 1454
1747 823
1917 1456
656 467
1566 2052
1469 1906
1944 1461
347 650
87 848
740 1192
314 1510
1748 240
246 1748
6 10
1178 1433
858 1740
210 1164
1748 1560
1405 2230
730 1424
1771 1915
2182 1282
1785 2297
122 779
100 630
253 1180
83 1957
138 368
1326 440
386 1044
1557 2358
1728 689
2372 1338
254 1810
603 1734
2137 459
1551 676
1503 1146
738 979
2158 154
705 2267
108 901
1262 899
1245 2058
543 1870
122 1067
338 47
1851 701
1959 1506
1545 233
100 1115
1251 902
954 2361
1451 1349
137 1207
981 332
35 1704
1529 2358
2126 1890
2013 1498
267 747
109 1084
1504 1014
853 1838
1596 346
1126 1067
1115 1860
1764 2195
1205 1529
531 1244
799 368
1084 1899
1092 209
2084 986
711 2251
780 1127
2158 1696
2085 2088
1599 398
1580 1813
872 441
1523 2023
1207 1967
2361 1393
1241 1223
2279 1666
2324 842
928 552
2243 1749
533 563
1751 1638
229 856
976 988
1535 1605
968 803
2388 844
1555 153
1618 212
947 1763
1918 368
1484 2357
2259 9
534 485
775 1420
1319 518
147 516
557 35
1800 618
577 759
1604 1197
1577 51
541 481
808 2053
2029 1157
399 1593
1383 837
358 1201
2218 1377
255 122
2232 748
2022 966
880 1457
2046 1570
1604 1548
904 1910
2327 1227
105 2288
1344 854
1450 278
1951 1739
1406 326
2215 732
321 952
266 2374
1245 832
760 1776
722 1313
488 17
2329 1268
2017 88
602 1452
1525 2138
2024 1253
155 358
1369 1866
288 1862
764 1995
93 103
1123 431
2170 477
2100 2124
1687 1091
33 190
729 1460
2096 2066
298 610
854 395
2371 1496
1576 1902
2173 1606
1481 1119
1228 902
278 1351
1662 1963
1337 1203
301 1074
1194 960
450 1095
1679 2078
2398 53
975 69
864 747
290 2150
734 162
982 189
1194 1558
1549 1908
1332 1405
1751 1719
1011 695
1427 798
113 2032
334 1919
2020 1454
1750 1914
992 1729
1764 83
1756 2098
2007 1022
1499 65
2327 2365
343 910
2228 283
117 1346
335 611
996 1100
271 2230
1396 458
1898 359
1493 584
1343 67
21 1622
1209 196
942 1653
132 2178
1556 328
181 1609
2142 59
1714 1111
1068 707
1103 674
440 1932
311 2269
2128 1919
1014 1686
2108 1946
235 1686
1704 219
697 1966
1886 896
424 426
85 569
1211 1661
1452 2382
326 1716
149 1485
604 886
529 249
602 2193
989 1678
1945 1965
2339 1964
292 1077
1345 2383
1864 1630
2115 2300
2264 1773
27 1122
505 1980
2073 1084
756 1305
356 2383
683 674
1154 1697
1614 364
1897 54
231 219
815 580
1546 236
661 1886
2163 1613
687 1459
212 2041
1852 1099
533 218
2030 73
1013 2204
1152 478
626 838
911 278
2399 1342
19 1321
2213 215
386 1888
586 25
1346 1856
409 1581
1366 291
184 1709
217 932
2181 867
917 2145
671 423
381 1656
1529 2063
1574 2399
951 1298
354 1511
220 83
887 1656
1915 159
1413 1710
2168 1864
1355 1809
1466 1761
2391 182
24 2222
514 1007
578 1068
309 2012
2128 900
1566 1149
1562 382
726 2000
566 1727
2396 641
514 1722
1870 818
2111 1879
504 1509
1807 871
1059 2397
1300 1761
2363 610
723 106
347 1208
1560 16
1783 1179
846 1594
667 63
735 1878
1972 1969
1381 77
257 985
341 1260
1197 1841
798 541
698 1856
1507 805
1222 1905
251 1094
702 1853
2141 1014
1155 1265
650 979
2292 1426
1833 269
1824 276
2187 967
172 603
1315 1213
522 730
1854 1809
2382 13
556 1719
518 2283
1488 354
1413 801
1905 2044
817 1302
417 439
784 2138
1905 1511
1276 596
251 834
962 1138
939 760
661 164
1680 1690
353 1693
820 990
1182 478
2287 236
149 250
764 1951
2096 2310
134 458
2107 195
117 635
1505 1691
1114 779
877 314
1778 1949
442 2256
685 885
182 1050
1151 2316
923 888
371 1666
1907 548
1011 2383
1113 905
846 2267
69 545
1865 1706
2366 1090
2149 2105
1116 1517
970 1149
1232 2124
1873 1109
289 302
1710 2219
1330 998
488 270
794 1299
689 1162
1180 1831
1499 1706
1922 637
1901 1350
874 1011
341 1668
1653 1269
1740 2068
2102 2210
2064 1582
1828 52
2050 2203
553 228
137 1854
1414 1127
953 1273
786 1561
2379 176
1935 1829
1203 1472
1169 1892
884 473
1030 1657
726 2380
1465 1226
1349 371
1907 840
1755 1754
1018 2082
1034 2055
1616 1085
720 1171
47 2152
1139 1854
2195 2377
419 689
1827 1347
2154 580
1036 1573
868 504
197 1282
2338 533
130 1153
1270 909
2081 1724
214 756
2211 1177
479 124
17 2205
79 2101
1580 1869
1041 360
1937 2107
1869 231
1893 183
33 1868
241 153
1083 1687
161 2247
2239 2257
605 476
445 2271
770 1943
1337 652
1861 1762
540 382
559 298
931 633
2395 705
619 2143
727 0
2318 1112
2343 497
2145 139
1485 378
1702 2046
91 2200
1501 1011
1126 503
415 1514
2015 1135
102 2049
458 95
151 604
987 192
657 1792
1806 1768
744 749
319 1780
1301 502
1533 425
2034 1364
1835 289
1189 1236
1365 196
2359 2396
1630 1140
880 1048
1417 1450
369 1554
1670 365
1080 968
6 2264
186 1705
900 1316
651 1079
207 157
2216 1932
187 23
2154 300
154 300
1170 828
136 158
23 1957
758 563
891 1129
1818 1336
1302 675
1241 919
227 1112
204 2116
1127 488
2279 1110
1328 319
291 610
218 1348
2161 1205
1897 885
244 2399
1480 176
142 676
527 292
556 207
1097 1236
175 2021
2280 495
755 99
589 2228
2251 1522
2160 1983
1288 1363
1193 568
1386 595
2380 2088
1210 2340
1824 801
455 255
99 2283
1488 210
2035 1287
54 1457
779 1638
196 1187
2287 1409
1587 436
740 1628
1159 1170
575 325
971 265
2290 2325
1032 1880
692 2036
2043 1660
1330 2096
1343 1640
941 2041
2067 882
275 716
2323 367
1823 251
1526 1964
511 968
448 1930
1521 234
401 551
1066 1104
2129 2298
2206 2107
1397 1188
2203 1503
511 1564
2331 491
1822 2010
1230 211
462 1216
818 1454
2070 416
2084 973
480 2030
1938 866
1750 1708
745 421
1715 2391
710 1574
1810 528
1456 1246
423 1411
2252 1062
975 2146
1417 1416
1774 759
2260 521
2319 2231
1631 587
2128 1991
2056 1480
1044 2310
1210 398
2279 1570
963 2023
1800 1432
841 1076
1593 2386
317 2378
1747 1357
30 1130
1020 1493
645 1283
1168 1951
1485 1963
107 2114
1655 1912
1698 1071
2275 2375
1569 1463
96 1086
590 14
2210 2347
1852 1272
1562 218
1131 1664
40 1038
1100 1268
1851 1382
1918 1658
1270 1885
275 1150
1940 2372
2122 2294
901 396
1672 1098
1316 1029
1051 511
341 1285
54 2345
264 1023
1994 2003
1192 1649
1192 1842
404 835
1818 1365
668 1330
1253 868
299 2169
1497 1030
1530 2235
643 104
1772 1227
1843 1893
2326 1213
625 253
1819 1612
598 1283
1397 1228
1117 552
1251 1484
166 1323
440 2264
1008 220
1022 1154
446 1155
436 2343
563 372
1957 1622
178 241
213 1725
1627 1877
1173 52
1758 1040
94 1437
861 508
2192 1124
1805 1426
1521 1280
1339 1006
58 1735
1850 163
762 1199
935 1978
1042 1837
1820 469
445 1875
726 2313
1062 2273
1643 213
946 366
172 1195
760 882
1678 1060
2147 228
2027 1415
1934 1980
730 2177
1397 2253
1272 1328
2315 1594
1351 2019
1017 2229
714 655
1720 1161
1139 2392
557 1427
520 1585
305 2359
2139 2141
2228 574
935 2053
2395 1293
1925 775
1254 589
404 1652
1575 1676
1010 1391
357 451
185 880
1912 1473
2109 1191
1169 143
2312 212
320 873
774 2290
165 668
2016 2091
925 1611
503 326
567 232
1418 1103
1017 1652
453 1109
2274 996
1229 473
1752 1358
2133 713
168 2353
919 466
244 1313
2032 2250
1603 395
1097 1231
71 1307
1698 1844
833 1788
1463 2035
29 1751
320 686
313 372
193 28
1076 1144
462 510
554 2271
65 990
2093 1814
1639 2344
1383 1144
1153 217
1579 71
543 1064
1282 1149
1364 1479
1473 233
873 385
665 2395
2023 1255
2089 2104
2049 1583
883 799
894 150
1074 677
1066 1524
1209 700
1815 2099
478 664
1970 1691
1332 1736
272 1704
1853 2394
313 690
1498 1511
1784 356
680 1808
2325 1342
1150 2063
981 1282
588 1558
1500 1056
223 925
1880 954
543 880
2116 1227
212 4
2005 514
1559 370
2283 1173
1572 701
484 732
44 2136
213 1161
1791 1682
425 1571
237 1727
274 1734
1670 2169
1638 1231
622 445
1848 1911
356 679
1704 338
1100 1161
296 1116
1734 1706
317 820
567 2011
700 1023
937 805
536 1875
1910 1702
1975 245
1859 1281
2201 547
189 378
2035 2125
427 836
1293 600
420 1910
1522 1442
1966 14
2098 1541
1430 1050
2061 2274
277 706
208 1123
125 1523
366 297
2058 1527
2213 1896
592 1553
2393 1221
1960 2370
2081 1525
1370 1446
2121 1568
2384 1160
598 142
893 531
515 1849
228 147
1541 419
991 679
2397 1530
1061 521
1868 386
170 1975
234 1822
1273 1663
1887 243
1766 1282
814 1876
2249 988
452 1406
298 693
1929 1265
1643 576
158 906
2367 1190
366 1995
184 337
2321 2081
595 1376
2299 663
1516 2038
781 1158
1355 393
2330 1576
512 102
1418 118
851 2062
1965 1327
711 1932
1653 2283
828 1251
1144 2109
1531 1427
852 942
2173 1651
808 194
518 1261
2051 1823
1379 500
1333 402
1163 514
1448 2187
468 1167
350 2356
2167 2202
558 742
1857 995
618 963
708 1495
47 244
2397 844
1300 1812
43 1527
344 1276
119 1406
2208 2241
1885 2159
42 479
2071 295
64 585
88 1456
1119 405
540 2325
574 257
1300 1368
1713 2071
80 860
155 2219
2125 1700
467 233
1115 2045
143 656
1669 1772
450 1044
749 2299
1371 1202
1009 795
1024 1010
257 231
1164 1560
1561 2085
2393 2377
886 568
2376 339
733 770
1363 1021
1946 1592
213 1103
936 36
732 752
1246 1130
2300 551
1274 22
1739 821
1684 1680
1177 984
927 374
1458 1070
538 183
555 418
766 272
414 1943
1900 2250
2251 681
2314 23
1071 104
897 973
1197 1903
2069 1085
1977 2224
1155 780
1137 1393
684 1784
477 1345
1605 1091
605 1554
1132 1975
1314 1376
1876 2023
896 1280
1304 1960
2257 1439
352 330
1687 1768
1031 1141
2088 2024
23 2349
546 1528
2119 1182
11 572
1096 1973
830 664
1478 1067
431 241
554 1592
1973 2021
59 60
1684 1652
433 1920
1953 1434
2231 1351
53 1169
1132 619
36 2103
2263 832
2356 1257
1415 519
617 1291
961 1479
1880 1890
803 1840
372 977
1508 1749
1777 690
133 1185
1697 2081
1271 941
1552 775
2213 468
1961 206
1357 2210
2209 1701
1708 1810
2238 132
2184 1551
1724 1308
2081 655
2151 2061
1642 1932
1656 1277
1977 1627
48 2385
1246 379
1556 1500
766 683
824 1824
1067 1489
2209 158
872 2399
72 1754
1057 909
2045 2326
1567 2191
124 1688
1 1848
1042 1635
1810 1932
1253 489
509 1015
2133 146
921 424
703 1421
1007 1955
545 1287
632 637
1242 1274
814 47
1120 2124
1557 1570
1816 1530
833 2138
1867 1820
986 1936
1969 1116
1179 906
829 2123
2368 424
1086 615
1993 1343
2140 3
1503 592
2168 1839
1685 686
585 1555
1425 892
1082 101
1866 653
1735 1385
1445 1854
1239 1512
834 715
1899 1125
1059 1291
1555 2362
1971 235
1489 1867
1137 1532
532 1514
1387 749
107 904
1679 1203
1574 2172
2169 2171
1312 2065
1642 2288
1982 238
1312 2146
1809 1465
2156 2224
2076 1106
2131 946
695 1096
599 915
727 998
740 345
654 748
1553 2387
1160 582
1141 1609
837 2135
1289 487
122 1230
419 405
1437 1740
476 418
1697 1205
366 2119
2214 1986
869 1206
314 2081
1738 308
1436 1093
632 491
1555 1108
498 115
1499 888
53 192
2057 1794
184 1789
244 1638
1568 1942
1590 2213
2318 1845
487 1733
1484 1443
1690 1424
1030 1193
1029 1810
1437 2171
121 404
1707 2123
719 2279
607 750
749 870
1095 1483
984 614
1481 1827
369 1863
652 1047
404 2175
2268 103
938 248
2262 1050
1122 720
58 1629
1941 2383
1715 1543
1594 878
2060 2072
1460 2183
324 390
1661 2251
948 1512
743 1925
560 1054
530 1196
59 2119
1255 1954
1057 642
963 1514
1909 1809
1564 43
32 226
1684 615
1972 936
43 159
1806 1970
1056 2125
2387 517
997 1412
1681 298
2117 723
1297 1873
648 1676
1402 2000
1622 104
38 405
55 70
1056 1935
1166 513
1683 1950
1490 2085
746 449
467 120
211 1801
341 654
1687 1481
1456 2286
1994 1052
1967 257
472 2232
1107 2051
868 1664
692 1169
1845 1964
986 1233
2030 993
1739 2332
516 646
322 1856
2282 76
622 2151
153 1428
1177 2025
2201 2
1820 1646
291 1715
2349 75
784 857
2340 227
12 993
979 1171
1487 1541
322 2086
449 2200
998 1942
926 2324
428 1728
338 2209
1938 174
1060 352
2096 859
1769 1683
1278 1401
1964 2117
60 845
939 937
1281 1513
497 1255
1093 1650
407 1164
2170 1687
1444 1083
1643 1747
1589 1318
584 1279
496 2161
279 2257
273 334
648 1672
1789 1638
816 1203
1488 203
2377 1560
1146 1899
597 1531
2055 19
1313 1487
1706 1427
1051 303
2182 120
1861 2262
2374 367
593 1133
185 1468
1018 1309
2296 1242
1564 990
1778 1550
1717 753
346 635
1916 77
1233 1790
2300 1689
477 1209
513 1881
296 81
2353 1172
1927 576
102 259
548 488
1369 162
2206 1125
2230 323
495 526
1174 1180
1947 1017
152 40
2009 1114
1972 1409
1347 1303
2142 750
913 1367
221 1151
554 1620
2177 1592
1533 285
1103 1699
535 96
187 2013
219 1478
1130 1952
181 2381
2236 1420
139 1122
1805 1984
2192 1933
706 2027
76 274
2043 567
1899 1580
1290 2253
1565 805
1228 598
2105 1366
598 1309
1552 1876
498 1703
740 220
1828 501
2114 1786
1694 1995
1989 1663
2039 2374
2154 1126
1734 86
1146 133
403 2038
989 716
512 336
144 432
1654 1439
1388 294
1892 1920
2395 393
1453 1476
2046 661
1185 1079
1950 78
1981 1123
483 44
328 950
2202 2004
1062 2352
2296 1160
1161 2229
491 1982
2216 2350
2094 2394
103 1596
1547 2300
890 248
1788 1045
939 1948
996 926
1171 769
1251 92
2284 1599
2300 2340
1271 691
163 1547
887 1895
1625 894
1982 71
1890 1056
2322 886
2074 2204
1596 211
413 523
2370 1147
140 1014
2326 2195
1478 2395
124 2214
1503 1986
2310 1052
639 1278
1487 208
2080 1158
501 802
162 2260
253 2033
2120 2361
812 750
872 463
2148 2343
203 1425
1644 254
2132 1814
324 656
1285 873
827 653
719 60
1245 860
1688 1712
2290 2174
2299 1799
2117 537
43 1329
1678 1519
1874 1828
397 1919
1890 5
1322 1476
600 1084
1473 115
826 900
2034 449
1226 609
1937 725
2021 331
476 1008
1852 482
482 2350
1506 2195
917 524
1722 1725
2216 1023
1074 2249
804 2116
405 1195
474 2271
303 10
2112 1985
2238 1374
1040 192
217 115
773 1218
1044 1556
1717 2159
355 1295
2153 918
553 1627
1131 1952
2225 1043
1667 673
1145 2235
436 1024
515 1091
902 565
69 990
764 433
1281 685
2307 1626
941 1468
523 1865
746 611
2062 1691
1374 1566
1309 383
2377 151
2243 1739
1923 1753
2276 623
766 2072
195 1681
1318 1185
382 24
1369 656
2033 41
537 267
1669 92
250 247
1439 1015
1375 2234
911 1397
2370 816
385 276
793 746
1919 618
2391 2168
1773 1606
106 422
1121 1778
1084 1959
270 76
1373 801
537 718
1275 1491
1154 1667
1906 205
1953 1993
2237 1285
1419 580
2047 2015
2143 21
74 1799
84 1008
1282 527
487 594
1508 671
349 336
1110 454
2054 1401
2275 1909
1870 116
368 120
1615 740
2012 781
1371 2090
585 2099
612 1358
1742 823
2175 645
1941 1699
2281 1521
2087 1169
400 1058
1410 734
2025 1148
1208 917
1907 276
1196 643
1574 2219
576 1684
2031 617
300 1587
1338 2122
1949 914
1722 1485
1307 1286
582 1643
2033 1730
810 543
387 2244
1727 2311
2108 1419
1152 1424
32 507
2102 2260
1848 994
867 1198
813 318
114 1780
852 1357
1386 1619
545 1602
1590 1867
819 1704
574 61
132 1177
2042 1836
4 2373
68 1919
525 1906
2301 1839
1874 586
1123 1825
1926 1984
1448 1668
1140 393
2090 998
2082 421
2089 2176
176 103
370 2056
2345 69
1269 62
2178 508
418 1263
1472 373
637 393
1893 1083
527 1805
1693 2156
2273 1036
1103 2380
112 1075
525 1058
1263 1362
259 1372
206 2391
1088 931
1037 1501
303 1961
116 1044
218 2231
909 2203
201 1916
2395 456
2085 647
1887 2337
497 331
1388 1156
2378 607
824 2185
523 917
1151 252
1033 1616
676 1853
1561 2139
84 59
877 1776
951 768
1258 1230
520 108
264 309
2060 1480
786 107
1367 256
996 333
2258 161
799 1970
1601 2069
464 138
130 1137
2036 577
1920 764
1238 1224
1250 2282
1377 2368
328 2092
2296 2091
1303 2063
1425 584
158 2198
89 2227
978 277
1435 1250
1876 2150
2324 1547
1665 1312
948 160
836 641
2259 1782
1719 1305
821 609
1595 389
2320 759
756 2233
1496 1575
19 1605
1654 1278
936 2061
254 1436
367 626
1958 933
1792 1861
992 2158
1110 964
651 2293
2211 103
18 2096
209 410
752 1801
232 1558
905 272
1957 2171
1769 912
1405 2069
2362 1500
1227 1091
360 1935
1800 269
2246 675
1778 107
1311 686
66 150
1960 1413
814 1936
2350 1524
751 164
1191 1589
2077 2368
201 2064
2179 2108
903 163
1325 121
1999 218
2379 1049
729 1117
692 1521
160 58
238 892
2353 1672
2222 1649
1741 562
2252 2059
188 1030
1181 1817
119 2083
202 1081
1534 2170
142 144
1633 1611
1222 564
1303 216
2236 1203
1789 1309
2342 841
782 292
807 1236
1892 103
952 1535
2111 1181
2005 1064
101 2257
219 272
2117 419
2053 535
322 149
733 910
2355 2144
1553 609
1557 779
1911 715
1328 27
634 304
15 703
855 459
1936 86
330 1404
1399 859
1094 1365
2050 2131
1369 158
1077 582
1949 1786
332 1411
867 1308
1360 53
763 226
1862 1872
1236 288
885 600
2344 1425
2301 174
1571 1575
2134 2374
2202 894
1150 1791
1730 1568
1974 381
1841 2255
1710 1449
2377 647
363 1252
327 300
2155 2192
674 282
2038 1151
1433 307
1046 1369
2059 1010
2135 649
1378 836
445 1354
2196 1972
2075 1669
848 1552
1057 1870
2198 834
526 1143
1789 825
352 1351
48 2039
802 1292
1711 191
993 895
1851 1208
1544 656
1673 2361
2208 2105
400 543
2117 196
52 1309
1477 1286
914 2105
2291 981
785 1055
1092 1262
1755 1495
2012 986
115 198
124 1768
2192 546
1167 438
1636 2255
149 1080
145 1910
1056 1547
2172 1400
125 1086
1436 921
937 1536
1824 2225
2325 1506
687 919
1998 172
1070 452
1683 462
870 1415
1204 738
731 2333
1225 1952
1470 144
481 2390
1019 1681
1483 836
636 1667
1147 1122
735 2267
1750 408
747 2306
1311 28
1253 1354
600 1399
241 2156
1894 2356
1844 1200
1971 1475
2301 1317
2277 878
1823 361
1637 1865
730 741
197 1055
726 1913
2059 1898
2390 1666
110 1588
651 2302
518 2233
2079 2248
892 1843
365 2035
501 301
1545 212
644 1737
544 2064
1618 1994
1626 1183
340 697
2376 1484
2112 300
2084 1978
1317 1630
906 1778
1424 697
1087 1733
1500 2294
2365 1082
221 1542
698 605
2306 1336
1161 329
821 607
2222 1910
70 2313
2369 385
1145 1730
1091 321
638 2263
1199 2111
136 1851
1940 417
1957 1511
818 2071
787 2363
1640 1869
1287 2050
1361 1318
1878 301
1607 2342
1737 1225
1021 2079
1629 1045
2071 1152
1314 1953
1692 2243
1704 271
1849 1916
1999 1746
112 1045
62 934
1253 1150
1156 1298
2083 2318
966 2184
1891 1647
359 2342
439 1612
2147 1609
1120 1475
1423 1765
2272 797
423 1419
353 237
864 515
1239 1327
654 237
300 818
2352 2187
2381 1855
1420 683
1804 32
1031 535
2076 1883
1954 2375
2170 2183
1899 2064
2322 718
2366 69
2271 1335
455 1197
2148 1673
1523 279
1243 1083
1844 88
1571 1146
367 817
1130 924
776 1432
2121 1464
38 1245
1952 104
2307 1875
1660 2129
1819 126
2370 586
2348 1711
222 2116
603 1517
659 1783
457 514
2264 108
1041 1373
1689 1159
96 1724
924 631
1389 1030
1810 1152
1836 956
2108 1693
1692 1789
1145 917
714 2059
88 1731
1688 1237
856 1661
1820 1844
1730 275
1243 278
821 664
1492 1047
1779 2083
1349 0
1837 1648
887 447
1630 2397
1330 1616
1524 2091
1852 732
2019 1716
2257 1411
677 947
1299 340
216 851
2126 1570
1719 842
2234 320
1468 1607
294 2073
2115 1329
1066 1564
7 104
1542 505
435 232
202 2051
157 2363
1043 2125
2113 459
2004 1055
1652 1574
650 1069
94 2137
963 918
741 869
1319 25
1777 907
2088 283
409 1508
10 454
747 2018
479 925
28 1943
847 491
1441 2283
1621 156
1986 2300
2334 1705
406 2173
1271 93
1023 1339
393 470
928 248
2228 404
933 3
127 528
1923 1207
718 446
1830 976
1042 1842
256 472
149 62
308 942
306 1047
1729 244
357 1575
399 1518
1498 1223
1377 1683
378 285
1493 1766
1393 512
1868 1160
748 1834
1327 653
247 1558
1759 844
545 135
150 1802
351 1125
2278 419
967 1123
1101 1789
271 142
1903 458
2153 1844
922 2040
1392 584
787 1594
1282 891
2399 1986
114 2007
662 1511
2178 2251
1187 571
486 1611
596 2021
986 1903
837 525
945 2058
2032 2154
702 742
950 1386
1087 281
782 2110
1167 281
1732 61
1912 216
354 617
427 951
86 164
368 1942
1750 847
2285 599
281 2375
979 819
1242 354
309 2137
193 1131
1662 923
910 778
1796 993
1661 1538
2188 759
1582 868
1797 1088
1971 82
1391 1306
2312 1963
1724 1918
63 1323
1457 910
1153 1121
973 2374
1582 492
1104 2157
1073 2246
306 1478
203 722
650 2137
709 1283
1997 1840
170 1949
205 798
1578 531
1294 2192
1044 1698
2119 436
2226 1055
969 181
634 17
2136 402
555 849
1790 2334
1281 897
1635 648
2123 1568
1497 193
2167 640
2111 776
584 312
915 595
159 1836
68 620
430 504
1633 1042
648 1954
1082 1422
339 1500
2088 550
2184 652
519 1353
2319 2113
1515 1528
2141 427
43 979
551 691
1946 738
1583 1628
1284 771
343 470
174 1038
1493 1170
2151 865
2052 449
2392 1838
2243 1087
1198 1219
1512 1141
1483 26
1916 2298
1446 18
737 2293
1195 1453
827 950
2131 388
2321 2130
447 1195
153 590
1595 651
1762 369
2030 579
270 2155
200 972
1591 2110
1338 1686
471 1225
689 1164
329 666
622 1061
2382 1420
1213 474
2286 1515
699 1471
1420 904
534 1743
97 2300
1691 1370
1749 2378
2369 1025
484 907
825 1629
2136 1561
650 1843
1809 197
1492 282
1107 757
411 364
2329 2395
1399 296
257 1678
1612 1016
1482 734
1761 1329
1951 828
564 19
1158 53
1430 637
349 1086
2180 1127
2248 1452
2170 946
2286 572
2059 2327
1943 820
2185 1172
2302 89
829 2300
783 1009
2014 1672
1592 397
1690 572
1826 2319
1873 1662
395 237
1185 1869
2041 628
768 85
2227 2202
573 1139
990 324
289 2248
1742 190
2374 1611
1702 875
2140 55
1021 473
2190 1866
140 1559
261 2002
2146 316
1650 1114
2049 1848
1527 2131
2378 386
2392 174
1038 1441
20 1649
342 1536
1475 2335
1298 34
67 1371
128 2252
120 1808
1617 723
1223 1273
1140 599
602 1131
680 1727
2090 538
1843 2189
1771 1606
1417 583
1761 2133
1294 797
1884 252
2277 1782
761 1009
1705 292
891 1782
2203 1144
1981 812
1015 502
1315 1821
1640 382
176 1376
390 1434
1479 1241
478 1352
1156 282
2283 1145
2267 1069
1698 1761
68 830
367 2176
1230 1730
175 1476
1357 2168
1646 2315
4 473
90 952
1014 2104
2312 1157
331 518
1431 404
1767 1599
1098 1457
2075 454
1749 1876
2177 624
407 1193
343 857
2069 1575
1741 640
1511 156
580 139
125 45
1279 2348
1394 1997
517 1881
2105 2062
968 280
1241 289
672 280
143 404
1781 228
647 310
870 727
2096 1172
1097 1270
2333 1878
1654 2385
798 1723
842 1356
745 1298
131 898
227 1578
8 44
1805 499
1174 2354
1336 1015
1671 1518
679 1515
230 765
1248 2126
1703 650
927 1626
1875 0
2210 532
1721 56
2373 110
421 1027
754 2129
499 2350
2061 1600
1086 1049
1651 731
1305 1195
1426 334
400 2187
1496 1335
1547 1351
1175 2357
357 1685
1127 1320
27 1679
736 1034
299 1113
1954 1229
1182 296
1765 1567
1367 813
1585 1173
1891 945
269 245
198 1147
1960 1215
1191 446
1495 1477
1014 861
1926 2082
606 1714
372 2311
1256 1079
219 598
765 390
1912 1940
1988 948
2280 678
1322 2006
2016 2145
2241 645
1079 1150
1398 499
895 1037
355 1957
1608 1173
2108 48
1186 268
698 1546
876 2249
168 1842
1854 2381
2181 415
1791 783
2110 408
1167 429
1647 395
1430 1329
1860 891
487 52
1306 1659
82 213
1973 929
1509 2379
435 1718
978 1462
1151 1110
686 274
435 2141
2127 2114
974 2338
963 202
1736 1666
2071 942
1000 493
275 1936
1231 1959
9 1547
280 2048
1472 256
1279 1508
2013 745
2125 1950
499 2024
2282 826
1756 586
242 365
292 1200
2224 1178
2267 1382
1832 71
1898 1921
56 863
1083 2279
916 178
1062 2024
818 959
2346 224
1725 1481
1984 1691
505 367
2252 564
1638 1499
243 1787
794 996
138 1629
1461 621
1885 489
1879 525
572 1425
1649 1061
2139 72
1094 6
1614 831
173 2091
810 196
2355 732
380 1804
1779 2377
1274 1733
2118 1125
652 2028
1650 1676
604 1951
37 2241
2354 91
266 2161
1261 9
395 166
1914 2144
464 591
225 271
744 1323
2250 628
1054 1028
611 187
2244 669
1276 1903
62 1555
2181 444
792 978
931 2190
817 1274
1822 273
786 576
1850 1543
2018 1164
1753 791
611 1895
1538 31
1009 1856
1136 246
882 486
930 1750
2094 837
325 2110
750 1156
2125 1909
45 1705
19 47
1676 1909
1801 2160
707 186
418 1561
878 16
304 1025
1799 303
2020 1847
1215 2346
1768 1272
1143 1140
960 460
1453 897
2051 453
1320 1829
2104 347
645 1627
1043 807
1792 1952
594 1866
950 2173
325 1259
1905 338
926 968
984 1107
1216 330
1986 2239
636 1894
854 254
95 823
1611 2383
28 1648
1835 451
1889 1099
1572 965
2267 1240
199 500
711 1216
0 1886
1889 481
673 913
2175 508
1644 1217
847 470
816 1641
1504 1712
1432 780
1681 932
60 1010
1946 2304
429 978
1429 1130
1948 737
742 721
504 2003
2202 1229
301 1249
2129 1519
2288 1393
2313 1860
1363 190
1089 1202
2150 1820
1095 1944
746 1265
1755 2351
704 158
1551 1097
792 548
1129 347
865 1860
807 2364
1517 1938
319 1974
662 1552
510 2039
396 1293
106 670
384 2053
488 2287
2022 1740
2042 1416
560 1789
611 1454
495 1522
1113 1487
1218 162
2388 2154
103 424
444 793
2345 2210
688 1699
895 772
1333 1179
1232 1447
860 1486
1260 981
1149 1248
1849 2043
994 1156
1950 1034
1149 1486
2159 63
2396 2387
93 2154
879 2393
1048 2174
1733 908
2143 1916
2150 642
910 422
788 355
300 74
461 1635
1428 578
162 1886
2345 1025
1678 1467
1362 1293
2201 591
180 437
1196 376
1409 1697
595 2373
2325 2246
1462 1306
1524 1929
1993 241
822 299
1099 360
721 1083
1515 299
918 2224
795 2299
1181 217
547 1691
898 95
2186 1287
1284 1610
1198 850
1572 683
1204 671
2254 445
561 624
1763 75
1783 658
2238 293
2373 345
1358 1892
303 1634
2240 629
2024 1507
1869 2195
109 512
632 1458
1124 896
259 1185
285 658
1006 1111
653 1084
426 1848
1347 1524
1642 1794
616 430
77 102
776 579
1945 667
2239 790
731 1069
429 2119
2219 532
1876 2018
1322 39
841 2280
523 1045
1391 1665
1623 1768
1130 1546
2 997
615 1704
1304 2274
1796 127
765 1174
398 2358
2175 2256
470 804
979 780
1131 1692
1831 1452
1459 1521
1540 1673
2310 2019
1122 1776
1092 1190
1815 1406
947 1383
1053 1746
1626 1142
1311 919
1350 1567
1339 1331
1846 1507
1292 1034
291 433
565 1987
803 1043
1983 1908
1346 1080
454 2268
1448 2175
952 294
380 1153
1098 2205
1464 2252
1886 345
2091 2057
1874 329
548 2103
359 1482
1540 1782
2183 620
1976 981
737 152
249 829
2098 1302
1765 2324
1925 1229
2099 545
39 119
2291 1251
1444 2157
489 911
1791 1578
382 1619
2242 778
223 187
981 1747
137 2209
1141 764
844 2351
1341 2382
1737 1895
2347 538
1061 2187
2308 1992
286 2070
1291 527
204 755
712 993
1016 65
1946 1562
732 2185
1298 468
881 880
256 1478
633 1390
2367 688
1817 2161
1225 1649
1567 682
749 633
1667 997
533 2060
916 1229
2193 1284
1600 1288
136 1745
1643 1247
2151 1180
125 2332
2110 393
1719 246
836 193
2304 2117
2375 1293
345 1147
430 817
755 997
1965 2305
949 2020
2289 2037
2382 1288
2200 1041
1028 1382
1828 780
694 712
1867 428
2022 184
678 1876
1050 894
1735 1094
1146 1782
1745 30
147 2399
2083 2328
1613 1503
660 1940
869 1311
1402 933
2357 251
517 1121
1780 196
1540 42
1467 691
267 129
918 1251
1370 506
1392 904
1093 168
1445 1305
699 2185
809 204
1625 1261
2123 103
835 1502
495 1800
607 2233
1914 1368
1656 1180
1837 1270
1280 1675
1217 2158
304 2049
1001 1841
156 1370
315 1003
2315 508
840 2252
519 1069
1039 33
2313 466
365 804
172 691
105 1300
1487 1012
1604 367
897 2056
2152 1689
672 1009
802 2373
1118 902
1035 920
2247 1811
2106 783
2248 2168
1475 1291
1163 1696
2144 1600
2149 2299
2215 723
678 1732
1400 1140
190 283
1063 2254
1646 1059
264 2175
2187 572
1606 1470
1259 143
2269 1683
474 11
1997 2112
175 746
231 1
2066 1032
805 1204
1189 619
1803 2219
2217 228
579 267
2328 239
2373 1236
1834 740
842 1948
1659 1291
1086 2380
1014 2164
1317 1940
1758 2181
1895 811
1776 1486
285 517
867 228
2172 1990
983 381
621 354
1878 1882
1834 1888
1609 2087
1464 1815
450 1417
1474 1885
1703 16
98 1619
1176 358
2047 2277
1116 1237
907 771
51 2360
2088 1847
454 1596
2276 1088
1566 298
469 1517
753 1730
1931 727
1001 1704
2007 753
655 243
440 674
507 1426
1251 893
56 973
1913 109
1308 2181
2150 1083
1986 1280
2221 469
626 1367
942 1491
1179 198
774 2127
2056 1984
806 608
1094 43
1746 1835
2172 1919
2303 1969
127 2321
1829 875
1898 1787
420 440
1737 1030
2035 415
326 350
1248 935
26 1330
908 582
1664 1444
1438 2108
1098 809
1059 1350
7 2102
541 446
1376 1874
18 567
1645 324
760 2327
1894 2315
899 150
2068 176
869 733
17 2182
2157 1777
1920 2149
2189 1162
1063 769
2288 365
2316 2164
1226 1451
497 1646
2326 2387
370 1947
536 1477
92 2344
209 2174
821 1550
900 1274
93 1624
770 424
516 684
789 559
8 512
452 841
793 921
736 203
492 1761
1380 1093
2177 671
1929 2014
2002 2243
1713 1405
2337 937
1115 1142
1903 876
2082 578
1969 307
1334 1440
1322 1055
2339 641
1831 1284
616 2154
1434 2291
1807 2162
1494 1672
1639 1498
1375 1631
736 837
2260 386
710 167
1775 1357
302 1202
1118 1707
1829 27
176 227
121 575
20 2162
643 935
728 334
835 1090
200 1106
181 1143
2166 68
723 329
2015 892
1612 377
1283 1965
1701 1416
509 117
940 614
7 929
2167 869
972 513
434 2055
264 325
2124 1565
1200 188
1247 943
191 795
558 1230
1025 1864
1640 635
577 511
921 1509
143 915
1054 764
98 2230
1724 2211
1858 348
1210 1597
325 804
1435 1102
1026 2282
2380 1972
129 1291
2025 80
579 167
1601 112
845 1129
1726 1321
771 722
260 2114
852 724
414 303
1202 5
48 1098
1962 1238
441 54
246 676
1340 998
2247 82
1445 358
1028 38
428 1029
1855 2362
1303 69
729 774
1163 2187
2068 1345
107 1614
1874 1801
2260 1834
658 1932
976 407
1024 1575
1197 1425
528 1199
152 626
2347 365
1509 1434
334 556
1987 1079
1068 215
157 1100
2210 617
1911 1272
1483 489
1297 756
1193 2295
742 1289
1702 1696
412 1829
808 1108
167 1787
597 1240
1125 1891
2330 419
1179 2112
2004 133
788 836
1975 986
578 926
2169 968
857 154
1394 2026
1431 2358
159 1164
1681 87
1308 166
1411 1597
2372 1012
141 2185
16 655
1992 561
2336 1554
148 1058
1882 1432
228 1903
2219 1499
673 1744
1584 1406
2193 2
568 1131
1947 608
943 404
402 1235
1911 1665
1632 10
547 1612
2186 863
1031 1771
563 776
1273 1873
1306 1625
1548 344
852 376
2112 1993
2176 307
1067 1016
35 2367
1867 2049
1653 1093
1599 1346
2232 2149
221 1332
1323 1750
1085 702
1718 609
318 871
1596 323
1393 1419
1290 1227
1236 1349
1914 591
2394 727
205 633
1209 1517
724 198
1975 290
2245 1550
1282 1345
1001 822
1395 553
1354 552
1793 2132
71 1899
1668 279
1467 1106
1023 207
424 984
395 202
1859 628
311 548
530 1850
1104 2350
1381 2344
2013 1545
433 774
1160 2175
2217 255
572 2072
1973 1652
1296 2274
514 2144
470 64
1902 1747
1000 430
585 117
929 1022
1223 2047
1555 1831
133 1026
59 1180
2237 811
280 1047
896 1817
1970 399
2010 1167
1355 0
1475 2266
10 11
2362 1494
1423 291
666 1555
1447 998
2375 1418
151 408
815 572
195 1441
1716 551
1398 2134
1700 2289
2393 1985
22 1446
779 1756
1649 1265
733 872
1224 435
2357 1412
517 1778
929 1592
686 1268
1930 2032
1550 1140
618 2286
1912 1836
199 345
904 104
1234 1351
1156 1198
439 1485
1942 1689
957 923
1051 1465
2333 2078
1173 906
2278 770
1292 356
156 444
2352 1298
97 716
642 519
1512 1147
547 1704
1792 1319
1195 1405
142 1973
462 1509
636 2131
1105 1231
1421 744
332 2244
1203 1477
1531 2060
2183 487
1952 180
1981 940
1609 1869
1957 373
1353 1314
1935 383
1617 1143
627 1163
61 1095
234 790
123 1357
1009 1604
1495 1468
194 670
782 224
716 1321
2253 2365
2137 1836
587 208
609 1055
1120 1216
1458 2044
1428 1778
1048 1113
1788 2304
1 294
745 1201
349 1415
1979 92
1988 1655
1996 2179
1544 616
302 373
22 889
2054 1916
1198 1895
2335 1239
1976 100
421 1625
1506 931
929 518
169 1872
941 1945
937 6
586 1736
1239 791
1933 613
1751 1678
539 2378
2288 1870
2291 563
1686 19
1228 236
2107 1858
875 754
1202 589
682 1680
1654 130
1585 2391
977 1508
1190 1675
1871 2275
1815 526
1227 755
1439 1839
704 310
2285 1521
1491 2386
315 1630
1482 1743
858 2254
1882 2364
112 2266
247 2174
825 1142
1288 717
1904 1278
1478 1116
728 1208
2356 1119
1756 2059
1329 341
1486 911
464 1821
1075 1236
1735 851
1372 1018
610 592
296 400
2342 1759
1428 1090
1400 2382
1247 471
1465 2332
1208 1404
389 1255
1022 2193
1774 136
971 1653
1761 501
717 1874
620 269
851 119
1575 2185
1112 714
1695 683
1335 2362
240 1758
2291 47
2230 2119
1512 970
1310 2218
1429 1178
2127 2264
2122 509
1277 585
2198 1590
1790 2154
778 1187
1455 1932
156 2089
1507 409
1985 914
540 472
571 699
2113 131
2277 1833
1297 1639
2036 1256
2097 1073
1994 2342
2349 76
1167 1443
2189 909
1049 953
759 754
543 81
161 1579
1023 569
1677 1503
695 2072
765 1068
1772 894
834 2388
1940 1005
37 756
2006 666
2307 192
198 404
2257 483
1485 2356
1810 1190
1879 569
2323 131
89 529
57 1781
713 732
1565 506
105 38
580 442
1985 333
1286 2151
773 81
1718 818
1216 1808
1356 2051
2387 2142
1597 1224
1391 119
1508 1757
237 1114
1922 1049
1389 593
2306 1561
2062 1032
73 1620
279 894
1199 1068
1923 1429
2318 248
1217 2239
198 380
2362 1351
972 2301
708 963
1770 92
2074 1333
77 2287
461 148
1481 2041
1308 1467
409 2056
838 2369
1274 220
453 1103
1259 558
2233 1900
1798 447
2009 1984
1452 1631
1371 939
455 2174
2161 1275
268 1581
374 90
1991 1376
2267 729
1293 1097
1802 1859
562 2157
1324 1190
601 1444
1325 1264
807 740
944 2074
1522 884
1987 879
323 963
277 687
863 1328
1200 1203
688 824
1619 1406
866 1571
1324 1375
1183 939
2077 695
2187 1714
328 1315
1347 964
2067 1193
1284 1894
2006 1451
1389 17
262 594
1020 1257
1326 2244
502 859
1133 1771
1660 451
1869 1890
617 1315
901 815
2079 537
1480 464
862 995
30 237
481 1569
1610 823
63 650
1434 846
924 1033
1141 48
1941 602
352 816
1319 639
789 1589
2218 732
538 1169
329 1174
1920 686
613 590
1779 1173
1267 913
2082 1666
552 2180
147 601
16 1167
687 1268
1227 1635
823 992
2192 1892
1049 1617
15 407
969 1329
1939 100
1573 1093
1646 362
964 2005
193 1251
1794 123
2068 999
44 2265
1703 1479
1550 47
1754 890
1328 76
206 139
1816 1182
1039 99
608 644
1774 428
235 1003
739 1931
20 1814
1422 551
1877 438
761 993
2232 1354
1077 193
2326 98
1272 1289
2226 647
1897 1233
2383 182
150 1466
1229 1189
1541 383
2072 526
664 1564
1055 2376
295 2352
31 1013
1646 519
583 2155
1159 1865
285 873
2322 88
701 39
1317 1533
1374 748
2258 2321
1863 1989
1927 1488
2047 2039
910 1543
1932 1526
1793 2038
780 415
623 355
885 392
739 652
586 800
723 1630
526 1805
1604 1042
2031 356
2149 2192
441 1858
2308 1475
519 1714
2394 2197
391 1229
588 2214
159 2243
851 1016
1489 82
1579 819
1164 265
1942 861
2236 579
1797 1551
961 679
756 1414
1983 4
47 2230
584 1557
1520 2364
2348 1786
847 1255
877 1300
1220 2028
1634 751
2163 1918
999 922
1298 1485
158 1375
2197 2346
1708 164
1539 2088
164 1421
1040 2335
2082 118
373 1631
1267 225
2340 560
781 33
1782 1573
356 2318
247 924
938 1807
1326 2352
143 2038
1110 2131
638 926
1752 580
2093 69
901 599
1469 1946
934 344
1473 1695
474 1198
1678 1653
1896 771
422 2096
1492 1485
1516 108
2120 2343
347 229
1476 1837
694 1586
2235 76
542 446
2021 207
1641 1425
388 814
2036 477
1173 1663
1929 1221
516 73
1441 504
2272 1867
879 1055
2066 1308
628 1242
1721 610
2124 699
2385 11
1993 697
1619 385
786 899
1767 528
