1400
505 83
811 275
922 762
796 725
1244 6
484 14
60 1295
865 1012
595 227
53 1151
191 1038
675 990
1079 805
338 714
266 1009
1161 130
75 1033
1377 764
1097 580
212 357
51 1084
1204 252
606 630
88 1069
654 603
792 1070
814 1262
734 615
167 909
1324 691
1149 450
469 977
1046 476
94 1282
292 364
790 1176
1181 293
222 762
991 77
1348 948
799 40
277 690
710 1229
720 435
579 66
1303 463
979 1080
1378 1379
1393 872
840 329
940 561
663 1084
1126 124
500 729
615 375
452 226
386 671
122 779
1178 331
119 1120
363 1093
464 226
870 1144
170 993
941 764
970 548
676 1058
370 1299
1247 1147
1391 848
211 806
818 836
224 1175
563 142
306 231
1222 228
641 425
943 916
132 33
900 1377
689 63
884 914
351 1284
724 413
1151 331
1227 556
434 915
521 516
142 252
1261 1154
481 34
589 437
1118 978
326 593
22 624
480 540
1288 1010
536 951
18 1047
1004 400
1242 1390
1351 118
176 1288
318 411
769 342
719 154
2 125
1065 1173
1331 1092
1366 1271
453 1343
1185 186
1052 1129
1382 201
812 91
1351 607
13 345
1348 258
1011 1378
958 226
893 1287
1009 745
301 464
1234 275
440 743
1129 104
691 570
272 1245
831 728
1213 311
813 1255
960 1173
1017 530
398 1384
615 8
673 722
1362 954
925 246
712 188
1299 1358
97 587
1338 754
54 159
1163 198
843 127
1009 717
232 1300
925 1061
293 16
494 1024
917 1358
439 534
1001 747
977 1312
1147 1076
657 805
67 1187
1180 18
107 661
159 463
621 184
360 1141
488 217
447 310
1149 1395
190 880
185 730
490 269
1238 17
1202 347
495 400
516 799
737 730
687 1358
722 887
699 861
1385 109
31 398
639 408
208 663
280 1329
583 1287
978 1116
972 1135
561 1097
910 852
114 52
523 1258
502 305
215 568
202 568
125 28
271 249
355 1200
475 761
115 762
242 584
781 1003
957 568
788 124
489 62
1133 1140
427 534
703 336
1078 903
886 778
197 761
920 845
1138 113
866 283
1315 530
611 1025
1166 641
680 487
719 1184
933 82
987 936
1307 563
131 676
180 5
1174 862
793 446
229 226
946 1042
1120 1069
589 1073
1178 374
154 715
971 784
210 492
1122 737
1242 640
806 16
197 185
216 1027
1225 1078
1081 67
329 78
722 149
1232 1011
1053 1117
105 1351
576 449
1129 1247
410 1232
532 489
466 379
1136 545
144 393
729 488
1178 62
938 426
1220 379
1183 668
671 931
1106 209
672 743
627 33
54 196
653 1379
1361 822
299 240
138 306
611 451
256 758
67 399
401 793
884 1063
243 736
1365 1201
634 475
650 1340
803 4
345 73
828 1098
242 524
174 775
596 312
103 892
1204 775
523 1116
1209 387
794 1292
670 190
440 21
220 658
775 1138
883 338
735 142
695 1254
1216 1120
827 281
446 289
1224 208
779 1019
1384 6
734 413
729 1342
1262 1121
795 1044
523 182
434 244
1340 130
708 437
197 454
277 157
1278 1289
433 177
4 235
964 920
667 1063
1352 191
1065 579
12 721
460 30
1144 1198
872 679
1188 383
754 113
91 1107
1106 114
89 220
700 1011
761 641
520 239
1177 465
276 1316
1379 299
931 1179
738 1178
1201 852
959 1345
1128 58
723 472
854 1027
857 45
1185 573
542 1185
1000 955
381 379
889 86
742 161
35 1055
526 852
262 979
1382 1285
493 230
858 382
268 1025
860 841
633 911
16 961
573 440
764 471
785 1050
324 548
1187 436
739 605
605 597
1006 1070
691 1297
955 1183
1021 1159
704 1238
809 933
688 966
1291 179
1251 1152
1397 192
1337 233
701 62
974 67
994 170
133 601
231 1135
1114 974
487 469
1030 565
1168 1114
893 480
1055 1017
808 100
684 539
878 288
334 2
983 1314
988 334
1058 622
1255 957
1035 1323
1204 490
380 85
529 276
53 407
1034 788
1087 1213
1092 700
1221 1166
1222 487
945 407
187 1352
554 637
1380 1332
881 314
702 821
476 317
839 1311
1204 1330
1237 31
348 297
396 994
911 993
574 1067
437 475
493 1180
686 348
748 1279
402 204
423 101
66 291
667 847
907 485
956 284
124 676
550 930
134 453
236 852
672 1241
998 1229
918 1257
1111 700
340 1036
405 509
885 690
343 555
239 1272
739 175
805 752
1012 831
23 1359
112 442
1162 21
1350 1261
997 983
1184 1315
158 767
514 385
1199 240
1365 1105
152 547
1351 942
426 840
1248 1395
539 61
1170 207
142 1116
548 73
260 217
1311 91
825 1155
798 45
1111 88
284 747
73 420
1169 1175
1103 985
255 903
933 550
1387 696
347 1389
26 323
794 460
1349 30
707 138
807 956
958 144
255 1014
1010 249
1128 965
1327 1321
1364 239
464 178
201 521
552 497
1334 56
652 524
143 7
527 1368
627 34
855 1315
199 612
1082 299
1002 852
945 793
386 187
765 95
560 1071
1115 227
1311 1163
376 1106
1394 372
258 808
17 398
1186 164
1200 122
173 196
1272 276
651 474
127 777
796 238
690 281
1029 292
1366 245
1047 700
69 469
213 1126
873 1182
452 947
519 217
740 331
345 1112
433 837
702 978
891 1013
1336 656
384 152
1287 195
857 557
1175 780
102 1297
590 568
523 1398
1132 680
353 765
116 1218
284 743
983 436
588 859
1146 392
1282 12
161 1016
944 761
1309 3
1297 674
506 197
1322 743
1039 406
1249 1306
969 349
1177 669
129 652
1068 565
7 673
1348 440
235 268
923 1026
585 710
5 354
478 564
15 94
1339 770
7 738
1084 1398
147 56
780 920
213 452
524 1191
439 1014
316 1276
642 1332
1387 1165
1196 1377
760 284
320 433
1018 804
687 66
1025 475
397 611
352 13
1212 322
751 1003
1144 1232
941 113
199 149
1231 98
574 1133
797 719
1263 481
392 972
322 575
320 282
228 631
150 968
865 12
228 1189
1199 1372
30 100
240 877
108 299
235 793
269 189
271 119
290 752
200 780
827 518
449 624
541 1186
1371 432
473 598
671 712
815 1040
1097 236
825 851
9 594
396 505
1025 504
1388 737
554 73
742 303
767 1030
147 223
465 627
1064 122
1166 314
987 514
1118 124
65 1363
835 476
363 1175
888 694
745 1059
876 721
18 1096
1047 1079
1088 415
282 354
638 187
176 909
958 1083
303 504
906 1364
29 689
542 42
779 1122
582 887
353 1112
1032 484
118 384
841 1264
549 1248
149 1338
144 371
489 1354
268 1251
1061 738
1296 411
304 820
153 376
371 101
421 660
1107 419
400 1240
1275 1067
84 661
1173 233
560 534
784 1107
1166 160
1007 1278
731 650
528 249
1159 1027
993 1238
118 84
1356 1042
756 16
681 1179
331 567
1368 21
798 1226
1257 38
386 1078
591 19
742 913
1305 58
1301 45
1394 789
97 986
491 278
321 583
851 1209
902 41
211 1009
1080 940
1320 830
1184 1355
579 865
544 601
635 601
829 82
639 306
264 656
580 1174
608 348
62 1138
293 267
59 202
916 563
615 764
76 360
887 727
104 1142
948 414
1212 1225
546 792
539 475
1260 115
569 187
1352 418
971 322
1009 596
695 731
192 1344
708 1124
816 659
120 890
931 65
448 368
533 900
957 595
171 944
989 115
773 479
1035 251
232 16
1030 1228
594 1389
719 1036
725 1309
1052 1395
1174 1007
1381 224
790 467
1278 316
394 55
693 1123
121 86
979 294
403 715
1365 1036
1056 516
961 27
280 866
666 919
1068 552
448 688
1361 1167
844 637
543 594
371 1389
777 867
697 990
21 240
333 1092
415 477
605 266
967 733
1069 477
209 1068
1281 29
1195 252
245 1100
411 764
1097 1234
458 1033
1197 24
246 974
956 187
567 1016
698 1139
1017 797
61 1056
129 1165
350 1276
399 1246
325 499
354 191
455 1150
199 990
111 1226
380 1238
548 615
382 267
926 662
110 1010
443 427
736 1366
865 518
819 774
975 596
275 294
1192 525
1168 733
993 138
119 53
374 77
1095 9
131 738
257 432
387 1333
474 1078
936 561
833 502
288 501
1388 980
153 946
162 357
724 580
571 893
1137 1194
981 707
1282 119
448 1134
216 278
240 466
407 550
565 526
1176 608
853 72
950 241
861 798
110 444
190 713
924 1389
1199 1193
578 100
804 46
1286 1159
1306 1236
70 662
1020 1129
141 471
762 743
878 241
1054 886
136 258
610 92
980 101
1237 478
186 673
139 1121
636 824
1272 555
873 1336
585 91
550 68
1066 1144
162 1294
298 595
134 535
275 250
776 401
1251 1101
676 1187
752 246
924 442
86 1018
721 594
700 606
1053 744
664 894
228 291
599 442
303 941
620 639
856 798
29 1043
1265 1110
14 44
731 1140
995 395
1172 1330
277 876
844 1173
1189 560
994 1165
169 567
1230 119
1352 515
95 128
519 1375
586 154
146 965
496 992
98 1034
515 17
495 213
926 1306
693 218
981 669
1305 1217
414 1079
222 608
508 731
25 215
1194 475
1317 290
285 1113
304 796
1259 1361
1367 782
1088 561
1075 987
1121 219
1152 672
924 960
205 187
276 345
953 478
300 677
1056 718
266 11
785 796
761 143
683 671
476 509
32 503
1277 1162
779 337
1173 637
245 235
213 1155
1077 123
980 620
873 1391
200 563
1275 1167
486 1090
83 842
769 188
1279 1072
999 514
1300 1166
244 589
538 149
1178 79
1076 247
339 1298
15 123
1389 564
22 1065
181 663
388 582
771 190
1383 477
284 287
1005 92
25 902
844 1256
275 949
629 1239
786 228
601 23
1049 155
712 1106
183 50
179 664
485 1063
1152 898
381 736
787 1119
1106 1269
399 696
369 185
948 302
515 505
318 680
207 186
982 625
74 1047
904 825
341 20
1139 6
447 1154
190 522
308 1284
1309 579
1150 418
419 628
27 1134
361 1092
190 1235
1072 799
183 810
1248 369
1393 1385
1230 115
787 844
176 331
625 897
1359 1015
1350 1163
281 307
746 827
621 587
606 767
1361 101
614 1339
326 1187
469 779
978 1097
936 1009
242 909
374 883
165 842
1198 699
1259 184
359 117
1280 1271
402 1269
970 756
498 511
204 863
1217 449
201 409
619 312
833 1183
1109 683
661 30
762 1281
241 796
1077 1250
670 103
1360 1380
957 526
906 1082
330 843
179 337
1020 801
940 1298
11 916
493 198
800 785
247 1027
577 1142
1398 1319
33 351
1390 564
1202 981
334 692
1237 1078
623 162
1285 727
1341 877
1083 1170
411 190
944 1336
189 142
447 435
1081 889
905 1375
832 434
661 66
629 341
775 299
1100 965
784 216
139 475
512 576
335 634
60 1306
333 1265
541 125
768 373
1170 469
1146 1364
1298 556
443 1113
93 392
765 71
275 1280
308 281
1179 889
1125 29
192 1037
1147 271
92 529
558 1367
369 1197
1242 649
518 637
855 1250
395 1238
42 378
850 833
751 1278
1001 663
1335 917
3 626
1076 912
881 495
714 190
799 370
832 318
923 333
513 630
628 748
251 102
148 638
257 1262
187 1124
367 270
40 1390
590 1160
1143 1328
671 369
388 218
378 116
1195 404
417 365
675 637
138 599
496 808
100 49
68 1223
1352 981
658 1093
78 1181
845 856
1101 353
456 1036
808 109
1143 1067
456 115
1342 1173
235 219
944 33
967 32
521 805
1013 1141
1046 25
1375 895
694 173
628 530
583 95
53 483
787 953
309 440
921 257
204 1387
33 69
780 6
426 1011
58 203
1399 123
226 43
1142 465
1074 449
921 248
1223 148
1337 918
298 325
19 1331
274 1180
594 197
117 295
348 290
536 1083
513 1256
1056 832
868 101
762 190
252 1310
103 179
632 1337
808 5
475 1021
1050 63
261 668
690 1100
896 96
361 175
186 1010
799 171
137 898
602 764
438 1302
863 64
890 836
823 226
1378 426
504 311
1382 302
1044 406
1239 167
671 747
140 1137
1155 610
843 381
1041 1196
986 382
862 550
593 853
68 413
822 352
852 649
934 76
1223 808
525 944
1216 937
1332 981
134 966
649 1092
1190 1266
581 1134
1236 149
895 12
123 646
238 430
715 959
954 334
1298 704
157 887
375 971
256 455
1156 570
461 520
875 675
988 1329
35 255
1312 979
403 28
82 442
431 82
972 311
481 334
1186 395
982 929
912 1091
310 144
995 277
598 1175
588 86
328 1325
709 1185
911 730
227 499
375 607
902 1066
1288 19
1229 904
729 1362
913 581
784 394
64 444
220 1167
637 379
1316 1071
398 121
1368 1185
31 703
327 733
1139 42
850 1317
299 40
1020 219
1304 1268
160 794
1197 1063
618 900
375 1262
1129 824
556 619
660 20
77 432
830 614
310 382
1333 1158
1397 1187
25 178
1353 429
662 10
85 7
317 754
34 358
603 622
674 902
135 668
219 674
231 561
1344 992
330 449
278 1066
809 786
1206 1183
512 618
1027 482
282 904
697 1117
259 1068
849 118
1187 133
1093 183
1279 1043
1267 463
436 393
1357 1102
233 487
1078 212
119 420
274 1047
566 1300
221 161
90 261
510 786
564 335
1236 1395
438 317
467 1227
1240 37
77 748
113 1369
1381 70
121 952
446 1399
993 1394
1326 1057
250 418
758 226
528 657
1148 229
66 591
1376 45
390 87
1083 322
1180 662
135 1220
1191 49
1074 1061
239 400
352 585
223 732
724 277
324 439
357 254
1393 1195
834 230
765 874
78 953
791 1126
215 358
996 472
124 310
1192 1102
619 554
810 1194
152 1198
280 405
341 828
930 808
1025 971
89 835
1087 1359
1381 520
875 835
407 355
1219 958
558 747
71 1223
1263 1327
1267 524
424 510
1220 1140
299 231
707 1017
817 998
913 1215
710 553
1254 253
879 984
1058 1078
312 333
483 1111
406 753
305 390
1185 1238
592 743
198 1053
846 1012
432 1229
5 1264
288 1190
6 122
130 747
942 946
1062 520
1048 826
741 705
885 515
114 642
65 1012
1233 1398
621 519
508 47
947 1339
803 946
367 752
1125 1331
975 460
941 694
1192 382
982 1016
1345 528
94 1328
124 1063
797 882
644 1351
1277 725
1230 910
958 444
1165 73
122 1263
477 336
1342 134
252 1201
1152 994
231 435
724 194
1206 1317
243 648
1001 262
186 1268
1073 1018
352 688
23 1292
311 379
559 734
801 82
49 1214
318 804
1282 1200
1279 799
1363 278
449 1013
394 59
1056 576
1072 1397
496 894
365 360
950 1165
656 1301
463 663
159 267
460 1086
1051 75
963 331
442 1021
549 829
537 990
959 655
1002 999
315 1171
1135 684
553 537
603 386
1333 902
9 1221
976 442
461 1388
702 1322
437 621
1363 682
943 395
791 492
816 51
314 1291
561 850
745 1070
854 1306
1008 520
1057 1040
311 1369
858 1397
1344 398
423 632
1283 1325
508 345
60 238
438 1026
774 169
1123 946
1358 132
243 19
1066 1147
276 1141
717 1148
1182 1284
1063 337
1033 1299
184 1276
519 583
442 1332
940 1229
27 981
1252 1123
1319 378
1392 596
602 45
999 385
1031 303
265 1134
736 1068
201 215
281 147
78 246
238 304
871 64
821 663
944 978
937 543
332 456
870 52
81 745
6 636
609 465
662 1255
322 1267
486 468
101 1350
960 862
709 1334
1381 813
1144 103
160 38
1327 910
1205 811
706 368
33 631
48 752
723 1070
487 468
419 708
721 1372
1330 85
1102 974
198 219
649 418
949 1199
626 34
454 75
318 561
1063 133
416 1025
603 637
24 131
342 164
819 192
430 1062
1308 1219
284 879
1207 1348
1120 1365
1257 1176
1089 56
1016 610
751 827
905 744
1223 758
916 1315
47 716
552 749
967 43
1301 1231
202 1310
1251 307
183 224
124 627
391 311
1354 429
300 535
1072 1241
295 277
1346 1369
1395 126
685 539
22 656
1302 1326
933 1340
841 932
1201 425
1201 999
889 939
1020 457
760 726
1303 513
175 848
447 984
362 223
1241 721
738 1098
143 909
831 575
789 658
1305 1343
608 979
776 379
631 509
967 594
1357 785
1218 1302
1250 1288
1274 189
939 541
278 1182
1309 937
540 815
428 987
1195 551
351 1048
1220 1251
316 1280
61 370
955 1293
1116 1022
348 1016
155 1136
562 180
1192 56
570 963
126 426
67 234
1327 894
429 559
1234 1108
482 740
41 163
110 52
154 605
395 1392
262 884
1284 1137
530 556
459 238
96 1248
951 1219
572 571
1375 656
1134 1297
63 588
1005 946
70 111
646 771
1189 970
1386 1066
83 363
464 349
270 96
654 208
830 12
1252 422
810 792
166 90
556 632
1133 718
1129 1042
310 916
1284 511
806 84
1195 53
26 699
930 491
200 1186
141 29
963 682
419 507
675 840
1042 1179
906 83
616 826
514 646
375 721
853 895
737 1360
1098 832
1046 28
3 403
819 734
353 788
1372 643
163 667
1353 267
592 869
695 446
786 375
1064 1373
86 40
139 842
1215 900
2 289
1070 23
923 806
208 1122
650 187
338 17
468 820
1253 480
1167 241
462 725
716 95
1269 188
750 768
1338 643
142 1195
279 975
569 351
1291 1211
741 129
747 99
692 791
522 113
412 176
382 1233
1126 168
1261 910
399 754
645 580
748 424
488 380
425 1170
649 1259
512 1031
682 358
209 546
763 267
1255 138
1269 797
69 19
789 557
289 1097
251 1260
791 304
267 601
123 911
952 30
16 895
1130 1127
1391 855
324 257
1225 726
588 595
1332 779
651 533
1243 1362
582 441
1060 640
42 1099
184 754
1398 1074
846 298
971 135
758 452
1165 291
1394 925
1016 389
1376 1053
704 711
1224 1216
1054 1207
1064 1295
200 1132
783 830
962 51
1035 973
742 1130
1021 1151
837 1033
473 569
1208 1242
93 635
642 827
52 1308
178 1168
1053 833
907 985
355 285
86 843
418 140
995 174
192 221
1158 412
128 826
774 397
817 329
218 707
1124 800
974 183
1164 92
1295 705
426 809
1117 262
658 684
302 920
887 1110
451 406
210 666
1310 1038
1258 908
541 1351
572 630
598 272
1134 578
955 812
1340 1166
771 57
610 778
156 780
1286 1394
985 435
529 1257
964 402
760 1114
63 1151
1273 845
781 550
1090 1155
1184 102
753 860
582 672
730 837
572 747
1164 1051
1288 1045
572 964
1173 628
722 452
1100 241
842 1027
1263 1196
188 1249
241 495
1015 811
700 1118
1061 1355
707 300
535 1018
753 811
1379 958
1271 905
793 1296
824 1049
387 905
643 652
898 992
992 649
1225 186
579 1167
114 286
611 976
1070 915
1177 908
1241 450
1307 452
1140 616
193 1237
436 46
856 1034
65 618
1319 901
8 1014
655 308
660 1243
1236 1121
8 798
515 589
1256 819
259 1196
451 995
246 309
26 205
148 705
436 194
1162 32
767 294
1156 909
1324 540
325 862
409 369
553 901
698 1055
1145 560
1000 1158
755 65
908 480
1104 619
125 14
1228 835
20 532
47 427
407 272
1141 286
215 753
133 985
203 174
673 937
919 283
377 258
492 1110
903 1027
1003 1005
365 643
966 1024
295 377
912 977
356 32
1289 965
568 1265
1215 866
216 210
342 689
1299 554
344 1125
455 635
1032 1330
262 446
1169 1052
669 307
118 1326
134 880
1142 501
912 473
321 522
986 144
777 659
1370 1104
185 223
942 996
569 226
1377 628
186 1166
242 664
76 11
1308 1035
77 624
330 814
640 438
288 1346
778 136
226 174
749 708
1190 956
482 738
851 1261
552 478
772 1290
58 952
623 430
726 191
1007 283
987 571
438 746
826 1038
143 8
968 1188
435 760
203 47
1207 114
736 941
166 759
248 920
1364 1058
301 1148
540 865
1167 605
394 528
1332 724
1354 48
1294 725
658 216
1371 275
105 839
616 1146
253 1351
908 292
718 12
1190 742
177 1380
1322 121
919 1317
400 11
1392 1045
820 466
101 1018
82 1149
385 589
895 830
100 380
187 1246
1099 964
1215 1230
961 423
584 1349
1048 901
828 1004
1379 1111
1373 485
360 129
587 193
125 288
931 500
680 729
915 288
989 603
48 1393
166 951
1315 671
182 378
93 892
1130 476
227 1306
1101 938
332 457
1015 788
16 801
1319 705
1205 607
1135 36
886 369
96 386
1000 528
903 297
66 465
896 337
1145 1232
1297 1252
607 705
112 1212
195 949
1233 386
69 1091
1241 979
727 200
926 644
254 1363
1217 751
739 124
798 501
245 1366
888 1180
723 1281
1068 1092
1203 735
20 943
1340 201
1110 36
380 142
198 1246
344 732
396 243
581 1203
137 511
413 1279
123 1174
1275 1338
414 463
1372 45
1329 835
300 397
170 657
565 1337
516 1370
800 547
859 277
1243 322
699 562
343 586
715 389
253 713
1305 907
1152 215
1004 36
927 259
247 75
563 1061
1285 1227
1221 700
733 1124
593 737
218 890
75 1088
1012 1346
694 100
953 985
470 1186
478 1194
974 1037
1308 139
576 1199
44 722
43 247
13 762
1153 35
1202 407
1262 226
766 1052
1368 710
563 29
796 1349
418 1014
735 682
650 470
879 781
918 1044
887 706
1100 1232
1209 113
233 1123
1149 964
263 675
1203 633
470 1336
1343 703
1024 1127
188 383
202 1094
346 183
309 533
1242 1134
610 375
73 1374
1049 580
1359 330
636 531
1383 750
264 91
99 1060
506 831
1003 117
1070 1142
1304 1229
1163 743
990 863
1038 388
101 806
909 1191
79 25
1062 1079
428 869
822 32
851 1346
139 999
633 207
420 1020
16 1206
946 1160
383 16
509 866
175 40
99 217
19 100
963 1040
153 510
128 678
1344 1336
818 1216
510 919
455 419
976 795
55 337
1362 752
712 1299
864 1281
833 995
471 376
795 210
1090 349
906 318
1218 1096
1194 1377
87 382
1283 1115
575 799
813 92
634 865
507 1104
41 935
177 784
899 35
601 277
425 135
409 838
741 82
1095 1143
40 774
1165 1207
452 1068
379 1058
306 435
398 31
350 1362
567 1190
254 1252
578 339
938 965
1373 169
1113 550
937 131
442 1294
714 211
348 964
685 1351
260 347
278 538
1019 1224
639 508
947 125
682 365
361 671
781 1218
290 179
763 1303
51 838
1149 165
1271 733
90 880
1349 1000
1057 736
562 1111
460 188
687 1107
714 575
1121 1075
607 627
506 899
504 701
1075 123
383 1249
900 1130
306 1317
1061 485
446 1279
354 367
1272 790
85 718
677 516
1363 655
630 167
880 564
168 1210
258 12
324 1200
211 227
686 1027
775 314
440 1001
230 513
1235 485
711 1216
713 949
1182 1088
1170 800
1084 335
960 1384
873 63
586 607
385 92
1228 484
475 619
363 731
1312 915
225 73
68 910
1034 725
140 169
99 1241
106 637
229 396
400 761
404 971
1350 255
824 980
508 1035
664 120
130 316
882 189
1397 414
443 804
1123 102
537 1122
861 270
959 8
317 235
737 1023
341 919
1232 1229
364 5
445 674
280 538
1172 969
1180 1300
1083 1374
1104 89
1304 879
104 1325
389 1095
1048 777
4 1291
661 1260
54 409
856 299
948 708
901 455
623 815
40 482
81 491
1323 885
1156 317
129 369
1270 814
319 811
6 658
44 31
434 672
1019 962
1065 1397
1321 487
393 407
794 661
804 638
973 283
1080 893
416 1024
959 844
909 241
895 142
1162 536
684 565
575 1270
654 64
1112 327
109 81
1334 1194
668 3
1049 649
835 373
1153 170
1276 1279
1094 1301
0 1142
194 300
157 105
52 507
839 888
1085 1111
360 600
327 695
1283 735
347 465
872 306
364 425
1210 360
1263 499
388 1244
677 845
1228 36
756 847
617 815
1012 820
1147 301
1022 843
1369 569
1364 1352
1023 498
454 173
182 740
1105 1126
832 528
717 94
347 864
1151 232
860 918
566 640
313 1260
885 120
605 1188
150 20
129 900
894 255
749 1156
1302 1257
1006 144
907 378
272 526
553 401
82 1145
761 168
102 746
555 912
1140 819
426 1059
1124 420
802 137
1148 446
172 1005
279 368
435 1000
121 454
1042 1025
1325 508
577 148
110 673
1032 225
1254 1128
874 449
587 1372
477 23
1282 1020
312 798
194 859
529 821
1189 1062
891 471
716 1366
429 27
602 1242
694 349
969 941
1346 943
897 1026
1142 822
1050 1033
1109 375
838 1046
314 255
530 803
864 343
624 420
268 941
633 725
853 186
996 792
938 574
883 592
1232 865
664 849
690 1042
789 373
869 147
450 499
1153 156
1108 1159
1302 1217
154 1099
586 401
1350 1089
217 1183
860 839
937 992
406 398
1389 575
1399 918
595 421
376 1303
46 129
356 320
723 1336
533 1264
965 374
1029 931
1246 1281
1392 236
1039 323
454 362
738 689
690 228
571 1297
757 765
604 993
184 969
310 206
1123 99
1073 860
359 1165
1 1022
1017 1269
1267 1098
229 193
265 1299
164 1074
366 723
59 108
1372 861
770 1236
812 1139
662 905
485 1146
802 961
345 174
1188 1172
610 987
907 600
1069 158
760 302
314 1009
463 395
149 1309
947 30
524 169
1244 600
239 1044
1015 420
464 1359
1230 348
1342 367
59 675
975 470
885 1112
599 1094
966 576
1042 1296
1148 1373
838 398
1240 1095
1003 1023
1019 277
221 1331
896 340
1331 1244
90 657
592 123
377 1386
550 1063
1278 363
955 580
1295 635
1096 139
72 390
789 381
1150 585
1024 523
758 1082
767 1368
423 296
274 437
845 732
990 164
444 1330
831 8
630 1366
1211 479
316 432
1233 466
315 185
965 456
355 579
570 376
10 1336
914 1366
507 231
1273 1071
106 57
1078 230
699 940
1343 32
244 1007
545 615
727 861
1246 1060
686 1006
1355 798
560 961
76 423
1270 875
933 173
1393 228
750 717
614 94
1119 979
684 849
470 624
411 1204
617 1336
117 846
952 1236
871 1111
1287 83
444 48
1247 842
805 1148
1141 6
1014 660
133 1240
677 631
1309 700
580 1129
663 471
1 440
146 1331
253 418
456 198
1279 232
177 911
597 965
646 401
825 350
889 1390
703 1184
613 236
272 1394
558 1176
683 691
880 194
748 953
773 513
70 731
88 1392
892 961
559 917
332 148
1247 1354
1268 939
286 842
135 802
837 436
1174 773
1136 578
719 651
1257 1042
522 995
415 302
183 931
37 946
407 1369
1122 612
848 546
366 1294
323 142
20 996
1088 197
1126 1378
1101 1324
921 407
564 604
1264 652
295 299
647 1379
417 794
167 922
803 1102
957 788
347 1140
522 1247
1362 981
226 592
1114 822
696 1144
13 464
914 598
792 957
1166 174
165 85
326 1202
486 15
1374 926
1227 528
267 556
105 362
1266 1017
69 396
1035 220
381 864
263 482
718 794
102 731
983 833
145 1194
43 888
127 1246
261 201
807 1042
1089 1384
866 577
306 312
704 650
1375 489
420 743
1358 936
201 376
327 1154
1158 441
96 510
846 405
175 417
1329 381
1345 116
539 174
662 550
17 56
187 895
1320 789
1143 1330
1379 843
717 1083
20 619
575 496
669 1069
904 459
828 523
981 883
1344 277
1142 576
430 275
1099 745
592 815
359 304
1267 1139
810 189
1091 1239
1236 429
1206 445
1270 1323
620 879
977 1083
147 523
651 372
1259 1049
956 1283
40 68
248 1295
319 540
19 109
413 575
526 288
325 564
807 1352
1092 25
600 866
1086 1076
412 706
332 862
1355 608
939 185
1376 870
176 1012
195 1044
757 1374
181 555
557 713
617 1006
510 171
11 1119
841 1285
1110 1374
1255 189
144 1030
1325 74
540 681
1108 133
276 108
1380 820
56 497
666 182
848 311
520 666
458 866
1221 668
577 14
696 519
747 337
1314 1004
1145 420
1041 1236
71 1160
1308 1214
171 48
70 1293
408 501
27 221
962 779
546 126
590 1343
263 325
681 911
499 419
39 906
128 559
678 854
237 799
481 478
1374 1194
716 1319
1254 27
168 492
709 814
1253 293
631 969
321 743
344 1109
161 618
790 416
333 765
1208 1333
162 67
415 1035
1238 111
989 145
286 384
227 1313
479 73
1226 631
1209 53
173 1356
705 874
228 995
1068 861
509 460
467 1220
750 1118
755 980
312 581
838 607
928 132
231 727
1125 24
819 523
726 1082
750 1161
823 843
45 1268
1101 960
177 640
192 129
1213 37
30 688
504 684
1196 680
532 763
1014 611
488 296
820 615
32 791
1110 1002
864 700
373 378
1030 1003
545 610
341 354
1092 401
484 1311
236 838
681 189
314 490
178 946
469 151
279 226
877 416
868 1321
1213 1390
95 712
715 424
364 788
594 419
307 866
996 853
788 82
472 125
498 864
557 1386
449 877
780 1072
12 1056
524 1346
1366 635
1140 969
475 312
916 1076
553 746
222 1360
1057 814
1341 850
593 472
108 416
1007 1388
1189 45
682 146
968 210
108 206
1323 869
222 786
329 859
153 843
1130 1209
1155 919
1131 1063
966 424
490 992
420 238
1227 1188
1314 259
24 115
249 64
577 1034
804 647
812 1122
890 585
777 1256
331 349
678 242
521 491
437 459
563 423
638 684
1224 788
752 110
1250 986
884 919
928 815
19 1036
1382 571
80 107
1004 78
1143 397
689 1397
157 358
62 621
493 681
743 292
506 744
1045 457
250 396
517 1013
856 548
54 1307
1276 1313
1232 728
450 726
538 1187
814 612
953 417
119 1224
564 1183
30 1379
1217 552
335 664
1055 539
379 645
58 55
122 541
1033 1237
1256 1343
716 1118
597 622
1168 471
759 955
156 753
133 1052
1030 1138
1044 1009
849 333
1307 564
1286 575
485 97
36 813
667 358
1045 1231
858 1231
224 831
323 494
596 1037
872 966
479 942
417 58
606 321
467 383
339 438
387 508
660 915
587 1122
297 845
752 139
783 139
657 498
1268 144
113 191
1347 1313
1132 565
1335 1258
732 466
1193 189
918 946
292 324
182 9
336 265
80 547
965 1180
1385 714
13 1331
291 504
281 1180
327 881
726 405
1132 923
452 698
801 593
1205 179
1339 459
862 700
520 489
913 310
899 255
102 831
111 674
83 1332
1398 653
1320 82
237 489
1370 1095
1313 108
264 43
1306 108
1191 634
560 518
208 916
645 1011
1087 1200
809 69
483 1346
459 840
764 374
935 124
575 1155
766 582
1075 406
234 425
733 1276
1038 511
335 837
1134 643
877 788
511 749
290 545
1002 1219
836 293
1253 877
360 200
1240 783
746 924
141 477
805 415
652 1095
908 1147
1018 441
1335 792
240 521
556 1123
1099 465
688 786
554 59
1115 1166
263 387
459 357
949 911
705 652
908 144
1133 1198
378 658
490 101
905 88
1071 296
1207 225
593 1157
745 674
1316 498
51 65
57 719
982 1244
1115 296
815 1182
516 962
256 1010
1167 1260
286 335
1041 378
1237 200
1087 1040
10 146
927 31
718 765
831 687
64 1135
282 1292
518 565
920 1238
142 122
1171 716
917 672
1301 788
783 755
757 585
835 1154
212 1217
1297 1396
132 657
74 538
788 554
641 58
400 741
710 416
66 398
138 1326
1175 187
395 126
973 1096
193 769
1062 716
980 588
1029 220
1112 1308
198 232
747 63
409 130
1261 924
402 323
502 1367
710 403
302 504
991 870
109 88
137 671
28 369
15 239
600 78
1071 1343
869 856
648 422
1067 1112
358 687
1360 1150
1201 706
1065 74
626 691
1160 105
1199 1031
625 562
482 725
1341 824
816 541
915 247
79 1162
811 451
511 444
621 487
988 349
1337 455
535 283
35 22
484 837
308 347
22 235
1219 107
305 547
711 417
104 574
1028 707
692 369
1347 441
875 1036
969 1371
890 1293
1054 1072
345 524
127 834
388 945
1216 713
1019 1343
471 631
1334 322
1167 30
1324 578
175 336
543 470
95 1365
517 94
778 786
897 749
1047 168
762 961
871 1095
1011 1298
84 1048
115 693
998 408
609 528
557 1046
161 1255
312 634
336 636
551 328
189 34
174 1011
1106 478
630 562
638 1368
441 353
212 0
768 115
453 1208
522 758
1361 477
546 134
829 982
629 439
654 162
1098 42
1315 635
309 816
6 1374
861 809
874 868
425 248
833 348
0 807
735 141
891 1227
197 797
910 147
811 319
246 1221
744 786
1351 1050
223 1013
126 607
477 34
1128 899
511 429
580 812
935 167
33 1087
670 352
1076 521
117 1127
224 1202
902 191
1082 879
1139 951
657 110
1399 261
1034 716
496 904
765 572
632 263
9 505
482 1320
55 799
697 38
632 348
185 1145
1223 357
1297 718
891 1019
1234 1006
1094 1100
708 976
1123 609
659 801
390 426
1176 488
1157 799
1303 700
270 795
898 705
773 683
882 1309
735 1182
46 360
1171 718
778 1042
1085 292
434 79
551 945
952 569
635 278
1360 1049
551 751
1131 1001
450 697
120 114
1051 386
1154 75
864 756
459 206
1032 118
865 623
1274 1092
903 739
766 944
342 1352
637 286
307 1048
7 936
688 333
767 652
585 305
842 1157
849 1060
36 1019
1086 1137
98 714
412 184
241 855
1014 421
1213 677
1262 933
1117 365
1370 442
372 229
596 711
395 517
1127 767
772 934
163 502
1060 175
82 1116
383 1118
877 904
534 685
640 22
111 903
755 963
734 1155
1392 1355
1193 1065
43 438
876 823
678 584
1273 1397
1250 60
678 1184
752 352
749 1331
373 814
544 906
1321 692
1316 431
927 238
1112 1108
410 43
116 92
929 694
225 261
667 429
584 206
204 1091
624 189
1055 469
188 777
456 1394
1316 191
12 207
335 814
840 558
123 670
672 1120
538 717
512 674
991 504
915 823
939 1304
214 90
1150 328
840 133
100 501
62 510
163 1149
185 317
371 912
567 481
53 779
772 1352
769 131
485 1189
10 600
1243 706
313 422
717 18
945 27
807 946
626 332
1391 703
805 350
839 857
446 844
1314 634
799 1228
849 816
457 1377
1088 1195
357 724
1051 839
1396 923
879 961
162 280
1071 448
453 794
555 1337
730 724
248 690
206 840
1378 323
477 941
249 1296
369 1138
744 1121
701 613
505 249
970 57
292 535
1310 959
1163 374
1296 46
1179 578
1031 1372
858 1168
814 282
570 1118
1276 547
1244 97
7 64
396 90
1356 1070
1109 1255
254 1331
72 764
777 131
607 973
774 1210
1198 816
428 53
647 198
954 1147
1099 1009
953 925
850 1190
1153 1167
41 1092
1284 783
1135 929
552 1309
230 29
701 1153
903 179
1162 1331
319 72
353 1337
627 296
1399 1344
604 620
1141 1182
847 703
874 1166
1367 98
437 327
1145 510
1398 1328
497 607
1281 1368
1005 888
548 635
315 42
391 619
391 797
1296 635
848 439
778 1170
67 1135
702 539
937 97
972 1324
1100 1399
1260 241
544 894
1226 1381
877 586
189 1111
1156 1332
1312 1289
1320 26
1006 1078
372 1156
497 1127
117 831
571 1058
370 538
226 711
358 1344
1209 3
653 1225
1169 1264
929 1230
894 572
790 125
330 718
1294 1172
471 12
917 125
872 154
27 132
840 401
466 115
788 609
568 1387
423 871
114 748
685 695
1247 448
635 474
1124 733
766 940
1045 1220
1218 1229
1358 764
899 697
36 629
32 317
1285 395
1168 240
439 1225
544 932
356 573
703 470
141 718
1012 1171
1266 871
429 125
1324 41
928 1360
401 575
1023 1398
217 721
435 1271
776 1329
498 282
1359 1144
842 939
1031 1018
223 516
655 734
1218 494
150 1245
474 989
1347 343
1289 96
1113 1286
732 1108
838 925
1154 791
490 560
87 594
1124 582
617 291
465 961
866 531
1225 604
870 1166
100 60
1097 1180
1120 1363
484 114
1194 2
757 343
431 946
857 7
111 1219
932 869
322 167
440 336
919 932
1386 763
674 1013
105 719
269 1162
232 1223
650 372
349 837
741 589
115 718
859 313
432 770
401 1132
494 251
798 1206
725 31
810 1016
112 1016
1186 222
1022 1267
1235 778
1390 14
646 394
236 844
534 774
604 1171
1026 605
442 938
962 642
783 318
75 747
225 385
721 358
722 581
622 345
934 485
355 630
1186 924
435 287
916 65
656 685
1396 890
999 1235
363 1236
914 1105
404 710
334 539
491 1353
431 1076
821 1191
255 1143
1206 28
909 1163
558 198
337 993
291 919
940 943
660 330
1277 186
1318 1265
365 678
1229 704
250 299
433 1151
103 574
329 392
648 1387
497 395
379 1256
871 324
261 910
1187 891
1217 1072
1233 852
1258 143
1222 603
210 350
323 343
471 218
1252 774
465 883
1105 828
686 734
1091 1055
1333 1238
47 1216
772 298
1256 339
170 355
824 759
414 973
1062 807
146 264
5 746
328 1218
847 1109
1144 1324
195 561
1357 981
1395 133
1389 145
705 829
644 1037
158 391
1265 281
152 398
389 1309
122 657
647 277
171 298
1079 733
1300 925
1064 134
283 482
698 845
302 300
1317 233
430 323
1197 1304
287 1228
221 1163
164 1003
1290 1320
584 729
1343 355
358 893
1331 618
273 1228
653 1337
160 1162
389 346
956 33
357 862
1327 1343
296 809
130 20
181 787
285 1
605 512
1252 262
402 675
556 993
1036 1362
1182 211
1385 536
382 976
1214 154
458 878
1313 202
500 1398
371 878
704 1013
334 439
64 1399
879 708
31 1320
641 639
215 274
674 852
693 905
859 477
392 177
706 1287
963 1342
795 458
308 1227
1360 337
429 885
500 35
668 334
26 57
337 1364
404 749
1107 432
1258 1234
878 991
1018 403
337 968
770 822
1260 470
340 382
1224 273
1266 1182
479 777
720 572
527 921
478 493
636 967
1093 530
370 138
1193 990
1214 1006
354 46
173 755
984 900
462 1024
196 1198
951 201
740 1286
634 144
925 1174
430 220
973 1116
410 610
854 782
203 51
377 787
1082 712
337 947
1256 518
495 715
216 123
338 1118
207 684
1336 916
301 1340
269 1280
491 1281
918 381
1234 88
503 1074
264 11
468 794
1183 838
195 30
1330 831
998 1120
1051 1022
15 1012
350 1137
1238 992
1041 1220
169 397
385 754
616 1362
445 221
824 1272
494 345
697 1350
1161 934
356 691
836 110
419 191
209 311
73 234
424 338
576 867
1138 1020
853 1160
1389 158
517 690
97 49
5 524
1181 133
609 1272
567 5
928 1163
665 1160
1038 1321
38 1373
23 1108
782 172
738 1211
373 222
266 113
854 208
266 69
1146 378
909 1174
461 594
680 1291
896 3
74 125
1387 1249
249 1009
90 262
1141 516
1000 1317
159 162
354 589
23 845
516 422
993 666
547 1244
837 525
859 824
1286 1230
383 967
531 439
946 420
713 446
389 1291
46 224
79 173
1111 1249
357 685
1276 1272
155 857
113 602
633 1187
320 612
234 81
404 1224
1318 1032
892 1330
249 872
1073 817
932 1243
745 1372
641 697
529 913
711 889
416 1165
372 1065
214 75
38 377
975 1384
1096 1230
1285 959
954 1006
224 1010
443 996
1274 6
71 617
1148 916
108 509
56 1202
287 370
1077 49
973 941
1292 853
992 343
970 909
643 46
291 1103
900 1250
1375 1339
545 626
535 1267
364 782
487 827
1034 238
732 630
1086 246
1098 759
985 1113
1125 1078
1158 635
708 805
331 292
1196 418
1081 98
1182 770
1071 675
832 1162
689 1318
299 106
38 797
501 554
362 181
397 1136
1043 358
759 92
188 108
932 1094
1229 907
421 262
1074 1256
637 824
1046 198
666 90
285 591
768 309
495 989
510 924
1179 1133
1280 675
1245 207
1040 1283
251 765
869 777
1036 779
598 474
1251 916
991 1203
546 444
986 1379
1388 423
793 814
1147 670
291 789
1300 988
45 126
801 994
1219 709
527 1011
1179 646
193 581
594 1007
668 1100
1069 1241
792 1375
194 399
1116 860
969 331
1290 332
904 185
979 380
1016 81
28 450
99 480
1158 234
155 138
1390 1092
120 126
1002 1332
413 458
472 1178
81 188
579 276
653 184
1228 1039
1119 1181
930 1359
1280 821
515 657
631 507
1348 1130
613 753
439 130
77 1039
898 1119
265 74
1328 432
1294 753
172 845
1054 1033
1356 666
834 776
135 1344
794 1202
454 276
241 1357
932 1081
1151 288
1349 952
248 289
146 347
791 256
270 787
343 714
149 304
1202 1141
1024 813
21 370
61 156
89 196
11 105
254 778
680 32
93 477
863 446
297 131
1095 669
168 387
144 1201
441 360
191 760
1265 648
1118 25
574 1131
595 645
1066 1028
34 866
116 1076
1355 7
683 277
1281 765
1161 360
1244 376
561 1384
1319 215
951 859
391 748
1325 584
376 963
1384 54
1322 1183
1343 907
1037 870
28 1012
221 32
1371 1304
1337 750
259 1239
296 605
1266 1279
52 859
1345 1073
1302 46
282 233
1293 317
273 752
247 146
424 1005
18 631
295 68
196 273
88 44
1208 620
736 497
1322 774
732 52
140 79
602 572
18 94
899 833
191 131
578 83
503 897
296 19
912 572
961 323
271 280
465 1206
174 266
782 420
774 958
998 941
612 1121
1083 1179
836 317
557 294
55 1175
818 1238
137 305
1296 413
491 481
1318 1029
1246 484
1378 455
1107 749
1160 373
802 574
914 897
622 1213
1312 17
692 375
513 30
1091 1135
968 130
675 1247
672 1254
950 294
665 917
1093 872
964 270
1161 506
300 162
433 983
725 1139
814 919
1024 819
1110 182
172 890
1307 473
138 1378
109 482
941 16
315 507
1388 1255
728 1140
1096 1177
532 378
1191 690
473 1374
706 1144
817 938
489 518
1226 1003
966 1032
578 715
756 953
0 850
37 163
1078 971
1059 1295
80 487
1291 873
965 757
384 730
501 21
997 146
39 1231
951 311
1239 692
351 608
714 511
240 430
868 1290
1235 735
378 941
89 584
628 753
320 1251
505 601
980 1172
839 764
25 665
101 1273
1219 301
749 728
253 590
273 703
80 527
1007 400
8 791
525 936
333 725
1140 427
1259 1046
500 541
679 266
1295 884
1001 680
1315 542
1292 539
1037 1197
50 1076
1039 196
145 577
1321 868
217 429
1067 835
1287 119
822 553
49 673
321 692
1391 905
172 437
171 68
1138 1354
995 669
252 578
466 476
87 391
17 339
1169 378
555 535
369 1300
538 273
128 1227
1338 674
1104 1302
21 1195
1108 301
1203 781
47 299
720 1037
362 1302
328 960
212 250
999 670
285 324
753 1377
470 301
1185 1275
1271 273
182 10
11 965
1366 745
1396 821
1170 421
883 1306
619 1023
98 19
1216 1326
911 178
76 1393
323 891
287 403
1042 389
855 181
1364 769
303 1250
1245 541
202 424
1127 1347
267 1313
770 685
598 667
1175 504
554 461
279 686
948 362
1211 328
492 408
1314 917
24 1184
1115 503
126 1308
173 259
1203 523
57 1177
1289 890
813 704
1057 128
535 940
599 520
294 2
1165 328
1061 1312
531 936
1303 960
1026 359
401 1188
71 197
606 1387
1336 807
1126 1040
1176 1378
644 860
115 624
218 1344
1027 1101
850 188
204 92
487 1210
920 456
1212 357
604 92
727 543
1103 1145
44 645
530 1180
163 63
461 1161
566 912
949 313
103 805
625 1246
1264 343
1367 380
1011 305
481 440
759 67
29 355
1082 392
1284 244
943 421
1133 1335
1104 494
1249 672
1362 1110
1084 1343
1187 479
457 1196
92 476
406 1065
852 621
3 1075
826 557
1107 846
150 1372
612 485
869 1231
1053 1161
112 639
922 743
507 401
486 1108
294 146
256 804
311 583
37 964
1323 658
1257 274
189 1394
533 1282
800 1197
922 1378
806 665
1080 247
526 179
31 1270
1028 1115
1292 1032
1026 864
148 1272
698 1331
888 773
514 1043
1328 1353
748 939
233 437
346 973
316 543
14 1061
1328 868
1048 881
1037 1038
1163 164
1190 1096
165 622
548 628
283 211
768 1228
881 182
1298 1153
581 1054
1271 311
277 69
97 1335
1354 138
942 515
473 70
378 1096
193 900
620 520
537 282
91 540
527 598
1306 1389
366 725
576 73
827 794
744 850
1122 600
503 819
611 1273
373 258
1037 414
501 971
587 454
1371 783
876 808
808 438
1112 458
1183 1017
1397 662
1323 65
1028 1120
1248 575
861 149
480 851
1044 1094
1369 35
971 1056
573 1174
542 970
84 611
1306 617
1310 163
217 1120
1092 1101
498 949
161 60
1239 1078
1113 0
432 176
1049 1098
1326 863
220 782
9 1083
826 127
1117 310
1059 394
1116 1161
4 940
340 5
820 119
574 449
297 1357
1255 981
1164 137
1180 1011
205 106
358 1079
1137 583
1222 1204
781 1075
488 134
596 796
870 793
900 1357
425 455
170 509
782 868
238 1353
499 280
1210 652
441 1279
613 1372
511 718
390 1387
927 1304
656 922
472 255
884 605
127 472
730 1323
56 1358
1014 571
534 990
619 546
1299 891
259 164
627 1191
897 49
773 622
1090 1167
219 1145
525 1281
14 291
679 686
104 1136
743 846
474 279
1231 862
1354 1399
1212 476
996 646
679 447
1063 1337
1119 843
1338 797
751 1273
533 723
1113 886
947 156
648 465
979 1360
829 366
923 1105
1330 1318
467 296
1268 1046
1200 255
860 822
1105 927
1291 526
34 897
863 142
1359 857
107 1151
800 463
942 46
759 168
1159 222
622 792
349 679
673 124
562 380
590 717
168 863
1 632
1070 853
1292 604
296 144
712 820
659 1069
880 129
338 965
1117 127
894 318
835 830
612 851
236 195
405 687
746 42
888 472
743 130
910 35
418 1131
935 344
362 1121
1311 738
930 1206
81 617
301 1179
325 1279
1157 218
1370 11
1013 1235
39 353
428 203
480 103
652 1275
118 215
230 1294
1040 1299
379 1085
92 437
525 846
1108 767
545 866
1384 1004
1226 708
536 803
821 8
1109 418
755 1200
665 413
659 1365
1033 1243
547 851
815 546
816 501
237 615
194 1018
1081 617
659 942
684 854
483 1076
421 536
1102 1057
44 709
694 418
278 1371
1387 502
1120 833
1131 303
220 1021
474 1031
1076 565
132 291
84 644
1010 606
1258 665
322 1219
1215 799
58 1154
1367 264
573 320
549 385
36 1313
374 466
1021 927
1268 1337
85 46
1009 595
559 369
1326 690
368 260
209 150
1093 269
931 747
645 316
0 883
929 264
1221 276
1373 1241
616 1141
624 1008
432 419
811 2
415 514
583 1254
949 1230
1207 865
715 654
614 17
1004 445
904 274
60 147
155 1288
615 451
1067 1145
541 322
1008 753
409 1010
269 833
424 497
38 1058
573 931
862 843
502 130
237 885
61 1371
1005 648
405 972
445 1100
797 878
669 1365
445 305
676 809
1269 461
2 556
344 0
1089 969
817 421
1138 1203
1128 1285
520 679
1250 371
1022 698
985 1323
289 1274
191 906
1114 1126
1159 424
960 789
897 306
631 781
648 913
273 1035
945 684
1395 584
713 189
531 707
1089 441
1287 966
1313 617
1373 968
1231 231
683 1268
674 30
1103 49
1043 1204
1353 766
997 873
199 685
1331 662
925 472
1376 645
1151 174
46 1312
901 594
1146 379
555 723
542 2
227 945
448 873
628 121
238 1148
441 415
1159 677
921 1378
1353 1371
317 208
213 1370
771 413
1355 1017
793 537
830 1041
1155 990
1253 427
489 1114
1098 1101
1374 921
1273 774
691 155
733 1240
74 166
294 868
1227 1343
534 602
34 357
994 1345
1137 731
731 274
591 418
399 33
1193 133
10 255
536 1226
562 825
754 1369
87 1094
57 168
1039 149
771 895
801 480
691 605
1003 457
258 213
1011 352
565 1014
1231 758
987 482
668 605
823 951
570 321
1329 754
218 896
1136 1187
368 215
1357 1281
1021 1019
1027 1079
472 440
503 1215
41 617
532 295
73 722
830 509
1293 722
1274 830
179 480
1010 495
1176 1075
390 902
867 606
206 819
676 195
165 539
1229 165
313 385
894 692
1280 629
292 972
828 1351
939 891
744 1142
827 76
1200 152
550 242
655 1341
72 1192
1317 524
1339 907
934 968
1114 213
1356 937
913 144
852 953
1342 715
880 1287
63 1365
499 610
1121 779
158 1121
245 652
12 1081
1018 674
764 1058
502 654
164 1251
608 328
785 1212
721 865
754 469
45 626
630 803
351 1361
151 416
1390 1372
1060 1324
51 1361
349 596
862 238
1095 1187
646 1316
458 924
340 717
91 938
1239 22
1131 1318
901 894
786 164
902 519
1210 117
612 619
792 1096
298 1376
1293 802
271 1164
1272 331
72 401
1294 719
1290 1219
297 413
451 570
1067 451
1015 800
184 1242
701 1223
384 535
866 921
293 988
1043 1149
726 148
287 584
1326 736
1017 740
1264 307
764 1163
243 1228
178 1276
95 488
1386 1088
392 442
636 1200
643 449
1384 699
1102 548
78 775
728 220
731 184
584 419
929 915
156 922
886 1342
943 390
85 1019
1029 1197
283 350
405 173
1300 1060
1241 397
852 1014
647 897
1334 58
639 429
140 1217
851 82
1094 686
48 483
518 1095
1377 175
857 879
480 1073
673 580
107 970
166 887
293 760
207 956
543 699
797 1394
1249 467
1174 334
813 248
1111 1239
1090 900
267 418
950 502
513 956
786 1312
796 1328
836 751
733 137
450 1037
1091 56
92 346
1299 431
637 1371
451 159
57 544
466 249
1336 1324
952 1015
365 1369
1173 1249
167 158
1198 76
834 712
804 588
776 545
886 447
588 545
624 199
725 228
304 418
1066 1226
638 458
397 1126
235 116
1006 1014
705 707
339 675
504 1046
915 367
49 440
936 1207
56 131
120 399
1105 386
669 640
663 1124
938 508
692 1119
652 188
911 159
63 1100
1085 346
1045 252
564 1182
219 659
116 70
232 453
889 1274
700 878
1172 171
1304 206
1137 210
307 180
663 1239
670 727
4 105
255 827
49 441
79 1155
1214 861
847 1162
666 663
978 448
257 478
174 1228
28 1290
1264 1081
539 1141
1188 789
1317 1359
1395 794
688 704
795 1010
843 933
681 1065
1010 583
509 586
1172 398
1374 557
1188 379
408 891
665 727
1340 786
431 542
381 309
206 271
1160 836
343 671
728 1019
1220 919
992 834
1200 323
521 960
385 401
208 376
1157 776
283 680
1084 21
346 1065
893 918
962 705
901 494
1040 288
845 1075
136 603
1072 568
413 1185
595 1179
411 1242
917 1205
747 435
1127 583
387 1091
1368 976
14 1397
1121 1161
644 680
64 195
820 1238
919 382
1079 683
109 1038
713 1198
571 84
756 472
818 447
1043 1092
689 681
549 1299
782 1328
561 1036
935 672
1211 1369
145 1246
1261 59
727 820
1349 534
463 798
1369 890
972 890
1033 1103
1013 482
822 818
711 397
740 500
696 242
994 1167
1085 1281
1260 1319
890 995
35 1136
1136 1354
780 819
526 585
1154 763
1028 1084
568 545
961 1053
607 402
1214 20
30 771
1347 1161
834 1202
403 1170
131 281
1157 863
125 659
294 1277
247 1175
1377 1348
96 1014
746 124
1184 53
336 1323
305 1052
417 984
729 813
368 208
211 756
1055 1181
281 185
883 229
262 464
258 310
468 226
868 1367
350 1033
1396 1023
427 119
393 747
531 603
1060 831
384 71
148 1082
905 273
657 706
8 465
591 1318
1249 441
304 496
1027 46
583 227
779 1022
1345 940
618 485
754 492
934 1108
709 851
368 219
946 584
1270 126
302 1299
586 1007
151 134
1119 1283
449 74
568 1038
1333 1074
1245 412
225 1207
1183 866
286 925
1171 473
507 932
964 91
844 29
875 827
270 126
268 635
1155 1293
1240 1314
331 271
763 711
1205 1006
1086 372
1130 378
922 651
1198 165
589 153
374 653
1269 1399
98 635
205 474
126 672
1394 266
1332 616
169 187
882 1203
651 1227
737 1292
1335 310
1248 987
1329 412
1058 468
393 256
420 200
876 901
977 950
629 358
1075 388
272 130
48 1172
196 826
769 1060
499 857
640 322
1036 1235
984 370
1069 81
823 943
682 1380
597 433
151 273
1052 294
878 548
159 876
622 591
94 623
311 717
843 1026
936 942
1289 793
528 84
509 431
180 1368
983 1219
336 385
1008 1013
1383 1361
234 1086
1073 452
210 1008
121 913
524 966
687 195
394 365
821 302
1044 74
251 635
476 343
867 402
910 1144
699 198
537 756
52 246
1181 354
1023 1388
1380 1002
1102 988
329 617
1211 614
685 10
346 241
635 1119
136 186
492 1220
718 100
625 649
178 864
565 1057
608 718
397 1115
892 558
83 636
361 710
837 1324
645 214
214 600
893 616
37 1201
825 632
703 1251
989 294
1339 825
761 727
1310 736
342 1094
455 860
179 376
366 357
664 992
1047 861
1031 1297
91 866
881 1173
1 754
649 382
985 890
990 1196
1311 306
453 291
1262 633
298 1037
655 1190
1321 653
59 254
403 190
494 612
427 1222
406 465
1346 870
1365 218
414 620
613 689
230 968
1079 366
634 564
303 1241
763 537
632 159
229 468
21 16
483 266
517 260
257 38
1139 1184
734 483
1050 1292
106 1391
1038 647
1265 322
992 580
167 1296
1208 1347
501 637
75 425
416 1087
233 225
1164 1090
706 843
246 1391
1154 1173
740 218
42 388
1077 871
376 383
143 135
514 614
380 31
45 960
290 1181
981 188
1293 1204
841 928
260 128
892 2
1196 777
679 1375
803 355
1358 931
1026 1047
990 627
261 726
207 817
582 307
1181 851
1245 915
497 413
988 423
775 707
113 93
408 147
164 486
444 915
984 1385
180 1227
1277 187
603 60
132 416
720 194
50 1376
422 1058
1127 47
422 837
50 834
444 223
1363 504
352 1012
758 400
1298 899
863 800
707 1081
815 300
367 599
289 1370
478 1091
1386 1378
787 726
317 683
986 232
234 1035
1150 1036
696 1058
223 460
1341 618
895 99
976 960
1313 1263
1325 423
50 872
591 1182
547 70
1096 1139
1074 501
739 861
1243 86
770 789
569 302
547 277
1328 568
730 681
479 237
1040 437
1235 1159
677 758
476 1394
1383 945
806 1128
408 1074
107 944
978 322
169 149
589 1395
24 840
492 257
88 1077
1103 670
244 414
1016 1324
600 747
855 1020
695 190
157 937
728 378
1346 507
585 800
29 259
468 891
130 273
203 787
94 1019
540 1021
656 626
620 1173
530 144
250 646
1094 805
640 1155
421 19
393 120
802 134
1160 1075
1050 159
846 294
372 1076
288 867
505 1263
845 1147
842 126
1330 178
743 524
601 137
181 1189
1238 209
422 1183
328 206
551 752
427 883
1116 697
106 1246
392 95
976 638
1288 610
984 764
196 799
874 1374
457 888
386 741
42 778
867 145
1025 1075
462 61
623 847
260 1203
926 664
528 1185
997 406
17 784
469 1055
1175 1033
244 308
1132 159
566 55
382 54
848 96
136 36
1118 1013
68 534
206 1136
1058 49
642 733
1036 537
86 705
307 828
180 914
829 844
152 264
460 1270
600 672
1008 32
418 218
1122 1388
457 123
1372 1050
55 162
924 1296
1254 719
1080 1392
32 772
1385 243
920 928
618 715
131 553
1283 616
1134 1195
274 1267
1059 227
693 1160
349 726
809 712
954 287
1194 414
305 444
265 247
367 103
626 1235
359 246
154 883
319 599
436 539
1246 946
580 109
1177 105
39 349
309 1187
147 958
410 336
784 567
658 373
581 961
812 1323
601 1146
597 1176
463 529
462 125
158 366
151 1169
1281 74
326 895
1295 536
1301 171
339 1210
559 386
968 859
519 965
898 1048
1380 230
205 632
1013 1138
2 592
43 745
867 490
543 458
1191 899
252 283
313 31
1063 1118
882 1175
974 135
370 64
643 1331
239 962
661 60
1135 141
289 1264
977 580
609 1231
1278 535
753 556
887 901
1210 1147
642 955
62 202
785 779
214 1310
1290 424
1369 390
156 444
65 843
1022 1292
422 1135
1197 572
847 946
377 1274
1275 137
1318 593
3 842
1059 828
614 584
1171 466
160 952
599 726
826 690
398 541
219 70
518 1121
145 924
618 1044
1052 1391
1023 27
412 727
149 1284
