600
165 121
538 37
17 523
338 552
331 382
264 85
464 58
0 430
207 504
180 368
491 173
128 94
572 131
209 578
271 166
104 45
396 380
235 591
346 377
49 503
401 294
501 15
131 509
537 387
543 100
498 425
101 124
384 53
566 209
83 439
594 30
547 92
243 313
405 291
8 254
67 473
493 439
238 584
563 547
413 16
221 298
1 91
459 201
152 275
176 396
350 175
399 286
250 473
186 388
366 183
202 429
580 0
40 524
282 30
336 233
76 492
309 294
90 468
522 381
39 473
242 168
353 470
434 473
11 385
547 320
497 116
409 542
229 21
226 556
538 579
166 511
218 270
252 95
511 257
401 499
130 153
115 557
63 407
496 83
293 175
160 88
249 370
314 475
333 535
376 65
232 295
210 471
274 199
505 596
230 407
33 596
364 272
132 215
123 478
99 232
101 37
480 547
219 366
516 145
472 477
495 532
239 237
458 557
506 589
83 3
112 3
349 494
551 157
31 201
459 446
301 355
403 401
462 10
179 446
317 266
113 523
48 268
239 281
110 68
351 13
81 13
436 220
122 194
489 10
498 331
190 277
228 539
86 33
304 420
322 366
455 272
27 305
544 123
174 498
30 336
30 516
522 530
277 515
527 407
24 530
424 219
465 473
419 344
540 329
235 219
588 599
582 338
545 327
69 529
191 348
174 337
378 265
449 363
578 39
32 387
188 212
318 532
239 384
484 176
193 287
201 410
280 13
304 592
156 522
78 160
132 159
471 202
556 223
169 36
472 454
185 190
300 118
543 2
405 381
109 251
253 194
152 318
45 76
470 279
232 84
77 266
214 147
448 164
54 215
220 20
220 334
226 539
485 243
528 279
30 554
164 162
499 578
461 403
125 202
521 218
453 371
358 407
270 357
559 211
334 442
2 178
85 239
563 197
588 581
228 138
119 598
425 247
571 122
184 357
68 226
64 463
102 23
552 534
341 581
389 588
556 229
589 539
448 145
167 331
144 391
575 530
36 332
150 157
557 405
194 279
193 384
116 512
396 385
245 573
586 340
520 281
541 340
91 216
89 225
360 429
535 108
402 239
5 416
149 241
312 241
532 537
54 203
34 54
427 313
308 206
55 123
568 6
157 65
540 106
427 200
266 208
279 400
35 413
428 385
516 112
494 217
491 375
107 164
450 160
319 420
223 8
347 586
178 269
395 238
303 132
596 149
425 219
283 322
585 447
487 91
264 580
118 285
529 478
211 510
318 28
174 216
98 415
373 143
281 384
596 184
598 172
596 418
217 473
460 472
458 457
583 202
42 104
138 100
260 391
71 28
497 119
400 453
240 20
492 430
362 459
41 395
286 190
229 204
387 198
543 442
415 219
28 395
43 241
276 460
203 496
327 169
487 418
468 77
218 296
574 36
469 238
408 543
23 167
492 260
290 180
462 498
236 316
478 282
408 104
36 397
334 303
351 451
458 407
84 366
25 291
392 282
83 170
170 91
569 422
134 26
234 228
357 325
18 334
91 308
9 221
20 532
341 4
369 493
582 547
204 43
511 188
331 330
100 32
479 352
207 365
401 24
26 173
268 28
96 207
376 45
61 58
128 226
414 5
105 147
32 277
258 122
326 213
26 370
272 13
217 498
549 65
431 544
95 318
200 220
275 136
284 231
596 91
599 309
204 222
537 326
204 465
210 32
446 598
231 540
153 348
164 149
115 131
567 149
349 316
190 341
298 155
238 56
589 69
139 297
558 1
17 562
473 13
335 41
590 198
420 224
409 71
186 185
236 364
575 128
113 131
483 320
221 479
104 170
114 18
452 180
286 125
438 471
187 72
24 86
372 311
553 7
66 65
358 402
141 213
457 470
368 263
362 341
394 484
548 161
69 190
598 457
554 327
305 471
40 138
295 94
349 586
316 301
520 169
529 103
166 304
242 448
100 81
151 99
342 552
486 306
429 23
483 523
114 379
172 42
590 22
350 47
598 97
350 295
236 451
170 594
198 200
366 360
224 162
392 404
323 533
106 505
266 105
121 511
154 107
269 214
118 560
205 61
47 483
290 45
151 546
50 587
329 420
97 152
528 72
80 536
444 368
260 31
263 179
482 30
315 175
87 253
355 267
227 352
267 79
269 370
463 89
453 163
561 544
500 276
435 366
530 137
194 179
18 77
388 369
518 48
50 110
586 159
505 386
292 444
298 63
581 428
373 493
275 565
398 539
353 280
470 582
145 454
81 230
82 43
445 135
161 67
467 399
304 262
265 161
6 105
162 11
540 422
509 490
295 147
311 171
211 428
98 427
248 130
133 252
375 456
418 355
212 425
105 119
293 387
116 192
461 415
589 13
9 173
25 112
130 257
133 577
558 289
39 287
124 530
407 414
122 436
262 136
558 103
31 216
492 581
29 422
510 372
499 349
326 255
174 376
123 272
87 177
126 303
423 397
332 269
474 19
104 154
477 157
479 103
271 584
587 116
64 293
517 528
277 404
244 303
259 460
483 83
557 104
243 62
137 525
446 141
197 478
273 40
410 490
288 488
355 95
305 383
44 12
566 355
124 29
432 417
142 462
200 236
186 386
553 359
157 80
510 515
296 310
216 148
302 503
325 236
477 522
78 566
286 249
516 226
212 137
98 153
121 210
568 313
357 93
13 397
416 113
460 88
55 248
67 425
307 348
434 306
420 204
422 173
228 414
324 566
140 177
522 497
303 171
325 340
422 310
580 393
384 443
468 291
109 564
590 264
250 126
251 157
120 478
162 88
372 307
330 375
533 541
361 551
91 229
121 279
229 385
597 77
76 392
445 345
583 378
222 106
70 303
411 255
319 107
472 256
394 344
504 278
320 293
127 392
354 375
107 134
538 78
256 411
488 412
320 18
60 182
45 56
76 490
159 445
371 30
125 488
336 72
253 226
328 253
61 572
183 461
83 17
432 327
506 279
126 451
437 280
63 76
99 331
144 65
484 414
328 307
312 186
28 328
368 133
381 480
507 121
284 102
551 290
588 413
580 7
59 270
318 348
85 259
298 297
456 88
53 177
271 2
474 338
297 427
173 544
216 585
553 1
295 489
526 362
483 439
325 391
522 12
402 519
106 16
94 186
121 513
507 184
7 376
542 308
388 293
149 341
321 388
493 3
255 563
257 376
57 3
471 206
327 277
54 490
213 156
267 287
545 367
354 456
212 243
84 394
365 294
284 387
159 158
493 531
366 69
328 276
108 552
368 512
92 54
506 47
4 133
42 160
383 352
487 488
578 163
292 211
327 402
15 448
242 208
437 51
102 481
496 480
375 493
460 183
373 503
42 478
515 229
588 279
215 174
256 545
488 460
429 385
173 425
458 324
21 249
177 593
14 157
4 492
339 504
80 208
556 332
89 527
136 60
246 555
565 542
433 126
299 175
521 150
583 59
314 256
249 305
514 179
287 292
502 151
532 76
431 205
338 444
380 160
198 597
319 542
297 488
505 10
281 503
359 162
275 241
340 367
246 492
144 249
101 251
57 20
200 537
401 218
297 52
348 154
369 240
51 426
93 134
52 215
475 3
220 433
70 560
15 548
523 425
199 438
390 218
488 446
347 369
324 596
103 594
442 591
379 0
77 341
251 393
429 459
196 376
125 348
241 438
157 4
218 376
315 440
374 40
555 455
589 217
480 43
352 278
38 564
16 287
539 436
399 84
181 527
564 215
189 18
340 217
442 416
167 329
465 77
37 566
65 481
123 480
230 425
337 189
285 317
464 185
480 186
549 293
347 192
388 100
42 123
507 350
91 218
319 281
330 515
431 313
398 429
464 387
560 203
465 519
429 256
346 547
72 60
550 461
258 529
72 69
118 467
37 555
329 428
501 546
485 154
203 118
533 76
89 192
283 49
169 185
400 137
436 185
346 306
36 85
45 338
93 47
362 50
268 400
461 564
315 481
143 341
288 307
247 206
132 325
423 161
78 142
345 164
599 545
163 583
316 273
232 183
275 464
313 568
12 361
61 295
347 51
426 252
184 212
259 488
216 461
402 101
320 124
381 408
244 368
452 531
569 597
394 434
226 528
3 135
142 504
391 497
208 472
306 219
31 348
348 250
62 9
306 308
28 591
546 276
524 365
158 98
51 598
562 546
469 169
481 413
69 78
101 374
51 5
285 234
569 263
397 524
32 450
410 463
141 407
272 395
175 563
180 121
99 566
182 27
135 443
149 102
364 445
261 183
57 338
310 15
87 16
117 44
584 39
0 505
299 421
364 564
230 37
72 433
346 334
116 204
323 545
436 389
550 582
117 176
169 516
333 124
518 522
208 337
104 191
223 268
430 589
55 598
200 159
563 240
441 112
348 490
396 50
399 512
356 107
116 412
237 188
22 486
302 413
335 483
282 40
37 542
16 231
215 168
165 315
22 593
80 262
599 515
390 355
133 329
169 243
481 256
111 294
189 0
267 138
428 501
435 501
46 19
24 236
490 6
577 534
466 140
4 255
332 136
321 149
462 163
225 203
293 345
530 471
195 222
536 239
504 282
1 487
381 546
344 79
171 303
205 434
111 556
135 236
198 265
514 191
109 219
12 293
67 495
509 382
561 158
528 523
258 128
456 231
410 129
124 180
552 528
112 164
513 44
403 453
52 63
146 295
239 370
8 296
18 516
303 8
44 212
153 500
379 24
489 133
446 37
494 410
119 277
575 570
363 158
267 423
55 463
184 234
439 293
181 197
586 298
297 69
494 531
555 362
377 126
89 213
345 387
473 387
245 423
2 439
269 380
584 437
231 26
43 23
29 388
208 294
199 597
66 541
67 166
586 598
94 188
266 543
259 219
205 552
247 308
382 466
30 579
44 97
593 434
232 535
11 536
567 111
359 53
58 174
179 272
322 26
85 578
237 199
225 51
387 213
581 284
173 98
542 119
524 322
197 157
342 253
46 492
550 563
261 33
56 585
391 224
376 7
526 537
29 547
277 341
270 560
375 567
24 407
310 384
33 530
16 161
390 467
323 406
126 87
195 379
393 411
404 552
491 55
579 189
329 208
264 128
130 226
570 261
178 9
276 439
551 460
35 2
571 243
544 598
251 132
255 206
386 338
193 139
363 498
140 87
145 269
495 225
516 577
71 454
599 448
166 130
403 522
408 325
313 487
451 332
115 257
451 78
241 269
198 7
550 222
450 418
5 0
546 181
533 460
161 280
333 303
353 144
256 382
309 317
284 350
265 224
189 519
28 435
79 564
359 588
209 331
194 271
408 49
523 129
145 196
389 245
449 484
109 531
569 183
546 56
500 23
329 540
503 335
420 328
139 390
75 566
158 482
406 315
367 507
587 237
301 346
84 359
495 88
139 357
318 316
7 326
376 210
240 398
531 339
338 497
180 358
90 353
383 233
585 436
519 104
322 266
270 117
416 124
178 533
344 419
188 248
291 191
395 148
526 272
417 490
74 226
372 59
447 555
171 106
504 571
41 429
578 206
160 430
380 158
307 96
459 131
213 566
271 394
146 143
391 593
27 304
20 504
541 431
357 29
546 594
467 58
49 483
38 237
325 69
175 513
80 509
36 38
96 410
272 425
532 266
155 114
484 271
385 78
286 367
257 237
48 348
414 383
158 465
531 371
360 550
86 292
507 99
136 477
177 418
138 462
440 345
513 54
296 407
528 265
79 521
338 214
292 590
254 341
484 566
513 66
334 16
88 79
263 592
591 491
122 56
496 165
374 175
207 32
414 16
259 300
192 190
501 213
543 57
102 246
306 233
341 232
171 238
127 236
544 514
472 387
464 101
289 368
246 436
96 277
598 179
451 46
466 599
18 88
455 370
554 64
110 94
233 230
536 434
237 273
60 378
196 591
468 132
453 102
514 245
509 41
411 459
434 519
6 261
412 223
127 453
129 307
291 423
363 304
293 310
17 197
360 160
140 538
199 67
595 142
19 286
313 212
152 313
22 229
65 474
357 151
126 532
131 22
365 482
221 66
317 500
572 432
368 571
523 285
397 485
276 347
166 582
517 282
419 434
430 387
314 27
131 241
252 304
26 562
171 43
296 363
374 185
3 338
222 298
366 96
422 27
246 118
579 45
534 283
582 61
146 130
374 502
448 486
279 359
98 86
430 216
461 151
134 176
521 91
235 445
155 368
114 317
482 65
573 380
52 391
268 111
114 191
527 499
342 291
163 451
183 412
485 526
257 543
194 188
233 255
578 547
119 368
438 26
321 110
302 523
0 274
150 119
280 145
494 370
363 483
195 586
245 371
537 560
326 481
590 384
580 187
476 158
304 275
262 239
446 543
103 520
146 202
135 260
133 529
189 290
63 354
539 32
398 68
473 36
192 376
85 331
243 41
1 332
47 49
2 515
485 248
349 223
597 225
469 355
383 410
82 16
380 41
199 296
110 98
535 83
179 421
12 338
508 149
416 478
582 288
463 148
559 45
415 500
331 187
562 102
393 232
559 588
559 599
527 72
202 67
482 17
587 276
181 408
188 184
136 68
440 566
593 181
332 54
264 404
241 321
131 443
274 222
416 57
272 236
503 441
426 76
244 213
238 458
227 216
502 162
102 315
289 268
541 301
477 296
308 120
463 206
583 314
356 412
193 90
172 388
421 549
150 493
579 100
280 400
95 167
170 261
451 169
527 209
216 317
221 333
88 406
573 321
120 305
145 369
163 511
517 293
479 537
0 12
326 67
536 230
414 379
512 323
409 357
393 360
54 208
557 54
138 265
523 126
407 129
587 345
520 543
299 409
391 295
290 397
233 343
3 188
311 78
530 364
370 445
207 88
545 205
585 312
430 284
386 294
500 243
592 74
478 116
32 566
441 157
278 88
534 90
35 412
160 83
456 190
404 597
370 198
412 503
202 560
43 223
314 580
57 423
533 361
124 184
161 188
473 313
448 598
265 129
426 256
185 302
190 90
364 137
257 427
49 357
548 514
510 17
503 453
278 61
563 315
73 464
445 223
412 509
34 394
177 133
229 396
172 446
63 524
388 579
291 347
65 456
62 412
470 57
428 381
197 339
387 104
94 142
497 424
228 438
156 74
135 387
557 404
343 291
576 80
381 422
538 471
29 204
525 555
573 590
53 345
224 152
62 132
331 13
312 213
77 457
292 92
245 349
431 206
302 486
565 149
283 455
23 313
340 33
152 40
542 21
99 589
570 360
491 441
519 490
571 487
168 11
162 106
178 424
521 305
66 149
250 180
568 460
49 32
96 400
370 593
202 402
385 213
77 282
524 76
530 271
187 398
309 14
287 391
439 32
20 535
106 519
425 314
404 433
247 529
285 327
356 315
225 109
415 145
88 463
217 490
568 299
88 371
19 337
534 559
585 504
301 297
289 236
147 291
566 292
136 539
92 599
262 424
176 148
579 36
335 571
105 514
572 154
129 391
111 174
424 128
183 358
450 91
377 199
350 453
427 133
500 200
552 87
33 16
273 142
375 43
50 243
273 440
341 162
471 140
187 145
289 133
415 37
21 415
111 479
301 442
298 60
517 268
48 36
201 446
447 506
529 509
204 494
392 430
365 410
97 526
460 6
212 146
215 225
393 34
554 346
97 269
354 527
59 563
15 504
294 332
92 396
367 308
10 190
43 20
362 124
395 70
161 379
467 166
51 259
352 320
595 156
386 319
441 210
468 450
234 83
46 104
432 241
593 396
467 583
139 90
564 395
371 475
418 21
90 169
182 165
58 354
27 451
69 587
400 292
281 454
79 258
476 543
387 452
487 442
405 269
436 228
335 523
142 473
463 333
16 518
76 377
518 337
184 579
39 433
361 566
369 402
231 197
492 501
253 23
365 152
410 310
50 392
223 378
564 196
177 433
81 201
524 374
399 498
360 357
14 479
442 574
515 596
378 271
514 400
81 479
46 386
168 91
413 179
103 577
107 506
404 69
234 88
71 521
348 30
65 28
56 264
343 417
396 256
148 228
539 296
122 59
258 245
249 72
108 146
73 227
128 477
561 15
300 336
128 480
486 355
203 289
10 262
379 526
595 264
41 142
355 446
462 571
486 50
148 112
38 247
481 434
248 578
107 381
454 538
240 300
74 596
394 91
503 532
62 180
470 190
552 567
180 245
60 576
203 92
64 428
310 440
332 423
25 575
474 288
560 221
592 242
182 375
172 114
191 365
97 173
15 43
201 499
108 282
129 171
282 519
137 361
574 430
508 138
197 511
252 360
147 583
155 267
438 528
584 388
418 98
208 44
40 579
345 116
370 202
243 282
17 420
489 592
217 27
11 383
422 177
490 364
498 185
574 239
113 275
250 103
75 110
556 69
513 303
324 100
591 533
119 230
156 352
442 484
512 176
499 46
148 530
93 483
418 420
518 505
56 113
502 311
13 313
3 82
551 596
564 148
450 130
361 262
378 50
56 391
213 464
227 319
389 6
385 480
222 423
13 277
547 522
205 220
219 240
206 79
47 482
537 286
378 207
441 565
305 421
455 322
323 530
276 187
443 244
120 356
465 297
561 119
328 522
475 457
510 576
143 337
130 442
534 199
219 15
5 406
206 514
224 46
413 561
566 466
158 361
505 438
592 176
594 555
115 246
140 490
147 541
187 392
336 414
230 75
567 551
317 197
210 190
489 519
214 454
266 510
48 336
330 390
160 65
252 368
377 507
90 411
392 554
5 61
573 312
440 549
196 120
433 562
511 458
529 541
34 59
285 100
377 405
337 510
597 37
406 505
555 403
219 317
413 236
576 377
411 591
59 105
254 235
73 428
92 66
254 378
13 224
159 446
141 421
93 367
296 194
495 22
351 471
315 10
371 282
369 439
478 147
33 486
411 122
279 206
548 130
562 183
486 304
549 363
53 514
308 162
576 487
117 444
367 446
236 479
181 122
594 219
337 255
31 581
343 225
402 20
78 147
52 13
213 415
305 581
191 524
361 285
95 29
380 240
390 427
454 210
70 106
14 88
9 414
327 105
211 40
58 65
447 370
355 122
253 43
407 559
352 100
540 494
531 343
358 204
144 138
235 558
94 51
417 468
424 10
23 28
68 366
262 90
279 68
12 5
100 28
247 534
423 217
157 55
303 216
163 560
231 74
417 182
176 179
190 453
215 127
103 295
132 586
447 238
9 139
39 33
59 516
389 564
244 293
248 557
22 236
435 164
560 12
395 593
560 507
313 343
444 508
358 134
162 527
532 311
443 65
278 189
270 541
125 133
501 207
47 371
443 544
511 489
206 411
23 567
427 95
112 135
248 90
519 103
134 165
406 11
548 397
87 387
165 466
233 350
384 538
386 586
156 545
428 294
143 112
525 209
137 329
359 265
457 58
311 288
280 398
287 179
37 135
345 86
255 143
452 417
354 564
536 241
214 539
570 479
572 299
185 430
201 199
397 519
269 503
19 214
106 247
256 75
597 573
141 108
558 95
21 400
138 275
382 394
241 346
570 128
320 327
300 521
68 104
421 162
167 257
340 210
309 254
195 494
515 363
308 286
147 101
2 520
520 370
294 173
316 336
439 215
84 298
127 593
379 294
593 432
150 382
72 135
168 244
333 453
471 403
283 460
449 136
488 304
273 456
20 346
278 179
300 479
420 139
75 268
339 172
151 331
419 312
45 308
218 21
294 263
227 333
175 133
419 242
497 237
519 402
482 253
496 361
149 22
120 398
7 293
454 118
7 251
499 299
504 36
475 476
206 326
19 404
60 257
211 340
367 95
352 373
153 360
82 222
164 11
183 103
526 504
44 434
310 100
554 229
8 23
452 78
209 323
260 530
274 464
123 559
143 140
191 209
506 99
192 169
594 339
330 353
344 368
154 435
577 14
6 220
353 235
11 45
493 517
58 72
295 271
307 340
356 170
584 560
155 503
334 565
74 387
35 352
40 226
134 105
10 566
535 405
515 348
27 224
576 403
261 593
294 160
182 101
449 290
225 515
113 437
407 39
544 120
459 532
397 241
339 425
165 523
70 430
592 87
541 512
86 37
444 328
466 282
38 70
66 152
509 344
453 257
457 247
153 558
192 443
477 192
288 569
261 188
1 519
525 426
490 583
542 276
129 533
351 307
405 136
575 243
240 533
371 238
372 73
400 385
466 206
454 438
437 426
595 148
179 494
186 74
439 314
474 481
154 336
154 208
481 489
26 458
476 31
82 138
263 591
254 190
226 182
274 473
238 377
25 324
565 96
21 295
251 143
433 488
210 527
539 102
176 0
137 388
255 457
433 237
581 469
577 504
75 424
234 262
282 301
321 586
571 322
385 576
437 389
456 526
220 546
34 298
175 72
242 462
591 55
268 89
425 297
41 278
4 550
443 35
508 233
535 238
307 461
409 125
438 297
382 494
168 585
591 534
311 546
288 123
457 392
531 82
562 219
209 56
117 412
434 431
373 490
10 52
64 358
151 508
445 251
424 518
112 5
118 574
406 134
164 212
170 483
479 153
383 144
287 407
249 322
480 599
344 70
475 360
223 231
167 252
426 284
185 52
110 447
316 506
299 245
105 475
142 209
61 163
14 526
322 507
214 35
455 57
423 376
567 531
577 337
312 239
108 38
581 372
512 408
73 238
222 187
432 196
188 385
553 444
502 434
343 52
490 405
8 6
525 84
508 139
435 289
417 78
277 460
547 295
549 83
339 296
384 413
469 258
265 532
148 413
421 88
337 467
263 424
306 58
574 241
159 454
95 341
74 476
86 437
100 231
281 47
512 208
403 87
342 157
412 238
382 545
79 177
498 133
545 130
565 95
6 519
290 596
291 554
237 335
444 228
478 221
476 216
71 358
440 137
173 571
398 246
336 540
53 549
555 598
421 123
196 110
224 214
317 325
260 491
68 270
324 334
