400
179 56
47 304
244 233
133 219
75 22
58 5
163 385
385 197
191 156
100 139
87 398
334 257
194 366
282 287
250 3
155 1
172 45
227 95
41 10
28 35
144 369
39 387
70 261
269 228
12 206
220 396
357 384
307 363
178 188
390 77
374 385
5 14
268 106
245 239
286 161
226 109
69 221
376 54
331 236
146 55
6 75
42 332
132 100
284 188
65 252
352 58
261 373
132 192
249 326
316 212
302 29
327 155
347 56
385 17
256 119
173 69
185 27
343 262
59 164
235 243
140 160
85 185
124 13
394 181
362 284
211 114
132 395
120 385
195 157
339 307
399 99
298 81
61 394
88 160
344 336
378 295
296 241
135 53
96 41
116 169
199 87
264 399
58 273
241 196
27 7
226 79
351 332
341 36
95 94
291 358
201 380
319 364
97 326
80 333
278 327
226 361
334 294
321 149
366 168
368 140
350 214
174 377
127 126
79 262
236 368
31 71
258 49
69 340
61 326
279 391
182 223
324 76
2 55
167 220
242 392
115 1
348 310
144 397
196 37
243 261
390 333
364 129
338 264
219 162
353 320
38 291
270 56
287 356
142 17
372 262
56 93
389 248
245 171
110 218
263 116
27 192
331 129
375 117
199 121
24 244
338 23
386 238
206 381
217 296
122 239
319 96
253 98
352 304
383 249
314 244
341 238
381 203
343 86
170 29
386 36
140 278
378 240
222 346
78 221
378 191
327 168
239 189
373 99
149 307
394 20
48 179
363 234
131 284
169 89
37 212
150 35
323 164
389 115
0 304
124 116
176 53
288 284
116 348
69 289
345 368
239 395
53 30
332 33
33 350
198 112
63 169
105 89
105 229
300 340
91 396
151 128
345 249
165 202
381 5
392 186
148 136
271 283
209 316
259 184
14 133
9 148
49 219
287 392
106 31
171 304
92 323
196 174
174 233
354 117
238 5
93 13
125 75
55 385
308 251
152 28
118 87
111 278
287 93
297 98
141 396
21 67
141 158
159 83
2 39
35 348
307 146
396 243
217 312
119 147
44 159
289 60
237 239
375 240
390 59
41 278
347 266
85 37
14 385
187 394
135 203
103 227
122 322
96 113
386 0
62 274
211 134
81 319
158 361
71 324
39 338
79 397
64 364
346 97
158 331
396 19
82 243
7 353
40 314
253 231
77 239
231 303
282 361
86 64
236 41
330 253
341 223
147 37
241 187
13 398
10 81
120 368
64 258
283 134
225 352
234 388
389 256
306 351
356 363
207 238
143 65
155 70
114 47
115 316
197 42
256 110
20 175
339 389
291 185
313 37
297 267
229 263
329 209
105 79
151 263
20 327
346 25
306 24
36 298
89 145
171 62
275 176
97 319
167 229
359 383
379 351
281 254
221 69
98 376
23 67
211 373
332 112
49 37
328 132
25 180
278 296
392 120
344 161
333 220
170 127
74 58
272 249
227 176
294 52
210 170
61 284
393 353
356 396
261 230
347 104
11 207
208 295
30 54
134 121
8 126
1 8
343 391
122 353
111 102
380 29
304 125
382 230
309 222
361 366
257 190
290 3
318 284
222 314
397 295
247 272
138 164
205 92
228 0
187 183
350 384
7 213
277 304
153 152
240 12
321 102
335 360
213 45
160 170
252 212
301 65
4 274
280 68
360 50
312 155
29 163
102 153
279 151
316 131
340 13
297 13
229 140
146 320
150 97
52 89
138 72
104 297
57 55
66 228
168 103
182 94
54 8
157 361
259 168
295 157
1 327
229 310
195 234
177 232
219 279
275 343
230 56
350 59
27 70
321 254
110 25
85 180
102 207
220 131
265 286
85 32
274 399
303 125
254 128
117 103
340 225
388 118
188 316
298 281
185 371
373 288
16 377
265 122
264 301
80 162
126 264
376 74
108 172
212 214
254 55
367 352
148 23
113 307
115 310
133 380
87 397
339 220
207 326
46 141
183 270
64 54
107 270
236 128
357 66
190 151
348 82
160 398
165 167
60 311
138 371
125 334
124 63
79 229
10 75
45 56
281 308
379 86
243 31
83 46
129 65
208 217
361 99
77 258
60 120
337 320
52 314
382 323
82 231
154 200
114 196
324 283
336 288
182 292
248 22
370 389
37 14
160 284
325 8
147 113
322 191
130 250
335 130
314 58
188 323
256 382
30 316
118 201
136 40
186 336
320 189
154 249
311 53
276 166
295 18
159 240
299 355
15 123
98 195
75 18
193 160
5 145
139 128
292 322
20 335
32 40
284 82
68 143
380 334
123 330
345 126
292 54
81 258
202 15
290 189
169 205
311 340
126 0
209 37
158 120
232 288
395 357
106 56
100 311
70 97
54 347
203 95
369 258
217 345
139 37
281 286
291 288
67 209
82 112
207 394
391 215
51 41
15 298
310 235
399 343
161 254
71 70
80 389
20 331
13 34
244 139
136 194
235 85
4 340
267 340
396 10
248 278
68 376
368 315
397 186
43 15
123 12
293 0
137 124
216 31
329 218
293 91
183 192
46 220
112 97
92 166
263 300
364 369
119 394
288 382
76 203
175 276
282 128
35 27
89 211
230 153
24 328
83 167
260 359
77 292
177 327
144 63
245 90
395 113
310 165
382 122
180 356
226 67
330 16
67 46
103 343
118 312
340 55
300 189
8 133
318 124
44 76
103 339
38 43
359 286
61 258
57 0
225 63
315 323
209 7
68 312
194 32
76 111
356 288
47 107
224 248
91 295
90 287
295 363
392 84
183 260
296 294
271 375
120 267
139 193
18 394
331 112
204 119
254 308
333 101
114 106
273 35
387 281
137 296
195 3
248 273
191 204
96 206
384 18
307 148
304 15
109 317
191 99
223 12
71 97
337 138
309 98
31 149
273 208
346 37
299 294
105 179
71 140
45 367
84 101
381 261
49 315
366 216
148 18
306 135
94 197
303 206
187 33
25 56
63 148
66 265
372 60
354 316
326 354
383 289
106 137
323 335
331 274
192 186
9 347
376 216
155 231
205 148
299 263
389 222
276 339
355 396
366 29
28 258
388 274
15 21
108 245
361 285
55 245
289 332
261 283
162 227
153 91
22 280
39 324
222 287
338 382
332 228
189 389
119 383
17 357
303 102
219 24
301 76
369 166
184 94
358 167
258 94
130 214
309 124
342 367
318 200
386 173
69 321
268 328
11 101
144 163
10 41
130 397
31 251
279 13
249 247
342 268
391 28
344 19
67 1
62 320
258 84
277 263
18 119
395 221
159 19
184 211
345 167
213 348
33 177
355 182
80 390
99 147
109 111
90 245
215 190
0 268
176 218
157 391
126 214
53 84
149 69
288 63
54 14
203 213
92 61
280 81
349 252
322 261
239 375
136 2
66 242
88 49
285 365
24 86
152 347
301 54
140 6
98 335
121 89
131 106
164 56
8 11
330 43
7 210
260 341
62 325
152 7
121 234
397 244
94 187
102 385
283 126
124 102
270 74
305 333
14 79
88 30
364 235
147 315
264 120
393 245
244 228
181 46
107 396
146 267
384 330
358 353
137 276
294 135
172 387
252 239
255 388
178 219
297 270
328 52
168 397
365 225
370 392
250 330
283 13
143 186
77 256
298 92
135 374
372 371
312 304
94 326
184 202
174 350
12 309
21 240
96 13
314 183
387 226
200 350
115 60
296 184
172 279
308 209
172 253
145 83
327 128
196 14
86 82
224 347
201 367
95 340
100 32
198 331
212 137
78 286
233 200
298 41
134 169
229 87
338 180
43 125
240 252
51 358
251 107
23 270
210 329
383 374
353 74
267 138
321 299
15 323
221 201
351 325
353 355
252 283
383 86
206 35
87 203
104 392
322 174
186 124
35 69
123 111
149 85
225 85
373 335
363 248
328 64
166 251
29 187
19 166
273 351
344 148
60 64
72 121
228 263
129 164
241 298
259 226
26 147
218 9
132 21
195 380
134 95
286 356
67 18
216 246
324 58
25 320
79 72
270 302
377 119
11 344
358 100
177 224
78 341
165 283
98 180
142 322
360 392
249 352
208 162
35 292
290 131
145 211
76 207
299 26
95 324
381 55
354 169
100 360
84 161
63 343
163 301
267 245
163 155
29 364
278 348
74 386
247 304
4 82
47 167
365 82
218 396
93 8
318 52
287 157
360 260
274 359
253 142
307 314
38 158
245 3
354 131
276 98
217 136
340 335
30 178
315 62
218 318
310 140
223 344
73 49
337 331
223 246
150 381
398 278
310 52
398 293
198 137
128 140
268 382
233 75
234 250
333 41
262 257
148 341
194 253
230 388
66 40
114 165
127 95
46 362
116 367
119 103
58 311
103 125
164 20
138 225
33 205
131 138
262 159
13 217
280 388
76 61
304 320
272 319
63 330
244 393
332 220
391 243
16 169
143 366
81 335
45 305
166 96
198 123
12 137
367 241
384 29
395 302
304 123
183 91
366 129
234 160
396 366
64 390
18 113
323 58
111 40
349 27
73 87
330 125
14 278
173 389
312 292
181 216
162 26
166 108
17 3
192 63
56 70
72 305
92 26
362 183
233 66
44 229
141 66
49 10
163 280
107 309
341 192
117 363
251 395
161 160
121 46
342 81
300 308
113 211
317 128
335 386
275 360
84 78
104 307
377 213
201 96
371 45
23 143
224 228
156 86
3 120
398 35
16 274
129 238
219 390
59 177
12 308
62 39
176 146
112 70
190 313
190 270
326 288
336 35
249 267
158 350
94 294
166 106
398 140
133 257
200 3
339 279
127 181
50 350
315 311
125 67
323 148
162 239
117 326
246 323
9 87
164 77
129 274
231 322
233 8
113 93
294 398
13 282
337 163
189 382
7 366
153 144
390 120
277 141
205 232
142 233
358 241
261 24
274 4
93 78
359 23
107 266
19 161
228 54
3 388
175 71
216 147
192 364
243 110
343 189
185 154
368 92
214 53
101 142
334 18
311 272
216 210
142 190
246 92
51 136
139 140
22 0
204 267
277 254
377 45
74 195
397 343
276 6
68 37
235 82
89 45
106 66
160 8
32 384
204 289
56 21
109 283
179 97
375 186
143 264
380 99
21 63
326 118
186 360
380 326
162 156
214 278
29 159
200 21
371 274
322 147
32 96
372 354
250 125
246 228
387 63
5 343
317 398
127 113
242 232
305 147
382 219
316 237
205 367
206 143
170 218
58 90
225 396
325 393
204 278
363 205
193 13
315 156
222 388
271 265
111 341
112 29
151 44
238 183
252 189
360 339
212 361
248 362
43 228
178 290
284 187
363 226
120 203
6 115
118 375
101 157
145 125
37 372
393 344
227 384
93 314
351 228
34 120
43 32
251 64
73 274
368 251
329 141
6 285
34 371
44 254
156 322
116 315
99 224
201 192
55 306
123 87
83 247
385 145
40 133
161 388
57 396
1 379
189 306
285 4
199 374
348 200
362 53
202 325
147 283
151 159
86 240
259 107
238 131
135 90
128 372
388 213
175 365
54 269
208 355
238 263
6 65
263 337
179 365
253 28
181 66
281 118
325 54
361 14
232 33
4 61
325 326
188 115
271 238
146 97
371 331
255 87
286 316
329 1
197 389
369 386
108 388
164 44
16 122
223 370
190 19
26 175
234 266
202 319
42 136
78 154
30 237
255 20
237 65
336 40
240 235
101 225
316 234
384 159
95 81
108 351
27 304
237 335
90 130
246 124
41 239
52 357
353 165
193 375
99 172
391 380
367 117
51 223
18 102
289 144
364 316
175 16
241 234
47 328
150 72
55 122
275 19
250 84
215 185
210 81
110 88
70 183
336 338
260 127
34 192
121 276
81 73
302 197
209 234
196 280
291 256
269 45
65 200
174 272
313 289
308 309
305 379
133 358
197 325
117 234
191 288
266 329
355 208
82 38
50 226
228 98
130 85
110 242
356 232
157 73
91 69
112 238
387 287
279 98
212 22
202 318
213 377
257 253
154 170
388 47
32 358
300 259
170 120
335 359
40 248
349 152
23 173
371 243
171 193
320 193
328 128
39 217
374 119
378 87
268 199
286 354
352 246
255 202
289 202
65 114
38 6
104 345
136 199
242 260
152 379
52 399
189 391
352 56
262 169
302 299
60 99
45 18
101 186
9 70
197 362
379 139
153 96
203 60
348 275
10 171
36 330
357 230
362 214
134 138
140 54
349 310
185 300
312 281
256 112
48 78
247 360
399 130
377 55
392 266
214 251
269 229
301 39
53 134
263 324
326 189
171 314
48 142
75 388
313 11
8 33
109 352
178 181
308 219
53 97
21 50
176 279
285 355
65 56
154 139
231 174
317 167
370 394
218 137
240 209
182 61
333 150
313 228
374 168
48 224
83 128
128 316
19 241
72 221
215 73
224 394
200 86
305 330
75 278
188 104
97 371
273 184
367 33
34 23
293 99
236 60
355 370
319 216
214 1
72 297
357 88
113 203
91 243
122 32
303 341
11 116
42 83
370 366
270 371
126 41
317 155
41 150
2 190
324 251
282 199
374 234
169 274
295 7
365 116
86 332
161 145
3 193
180 236
59 363
169 210
280 38
5 195
28 351
394 202
28 36
350 283
186 80
385 361
272 269
314 23
167 183
302 158
50 141
309 275
88 256
365 23
97 242
24 273
207 19
173 316
19 264
232 26
36 394
168 240
155 360
210 65
257 149
296 34
267 42
180 370
399 282
393 367
159 1
220 164
232 369
292 59
221 363
231 289
131 269
74 147
266 55
266 42
87 364
351 106
272 377
292 340
40 3
283 1
173 2
211 104
293 330
227 206
192 153
235 209
258 269
180 219
165 386
128 163
22 10
264 333
260 18
156 27
394 163
84 109
342 115
125 377
254 377
0 391
203 375
167 37
99 310
193 39
184 233
90 49
25 24
215 263
157 339
17 222
206 272
156 259
137 36
31 168
33 122
213 129
37 322
376 179
327 297
306 302
17 367
269 59
278 14
220 90
145 84
239 229
294 261
181 340
56 348
290 370
89 28
199 260
379 208
288 167
347 68
284 308
141 56
36 90
46 194
3 278
274 341
266 110
194 203
179 7
168 48
59 240
187 273
359 127
70 30
243 240
334 378
1 87
237 139
265 195
285 241
73 313
2 140
320 256
247 89
57 352
0 340
149 310
262 268
251 114
22 256
26 34
230 234
265 271
26 256
42 178
373 41
50 181
257 0
320 354
242 257
221 247
319 34
375 64
102 394
177 178
369 341
311 92
346 49
