1000
394 41
151 882
495 243
702 741
535 119
245 336
611 815
380 507
418 138
195 572
502 812
543 967
871 825
307 792
943 112
146 53
465 245
124 546
264 566
19 190
244 851
410 871
204 293
187 924
358 280
435 730
371 25
35 83
412 110
128 982
466 987
465 125
510 805
572 721
401 489
684 898
881 294
202 266
121 429
430 170
496 18
197 231
161 54
517 918
436 119
986 356
894 245
508 77
396 149
542 72
72 864
949 901
879 650
272 485
828 486
848 52
547 949
485 771
768 76
635 749
737 522
459 540
768 22
51 542
93 341
185 470
790 444
766 327
722 566
957 867
456 383
591 291
420 142
310 369
494 888
800 295
44 555
685 994
615 90
902 187
918 267
206 213
748 547
801 907
387 12
271 949
769 993
862 624
893 52
925 390
880 432
275 542
364 335
812 531
275 215
385 176
181 218
795 268
873 465
619 78
736 388
975 499
728 859
67 639
79 592
407 817
501 760
980 202
333 50
933 278
58 546
463 313
164 703
671 817
544 919
949 951
639 763
952 329
879 602
520 358
562 11
101 976
266 457
679 473
182 351
137 727
248 770
207 743
73 245
363 352
238 886
187 877
770 561
997 834
475 166
170 894
143 505
655 300
266 5
280 358
71 576
904 458
948 688
210 271
657 704
578 44
131 556
311 659
578 425
743 487
201 374
816 135
397 513
832 463
744 644
709 918
183 785
972 720
394 349
942 589
95 738
246 651
623 702
78 172
976 32
802 530
741 608
359 127
920 299
182 482
189 536
743 569
857 25
291 653
339 36
778 185
332 452
836 519
233 392
858 923
461 316
741 599
312 273
77 263
536 311
112 371
238 109
429 842
765 728
930 341
850 295
514 717
872 947
482 892
467 864
913 32
406 899
451 819
297 650
466 74
463 789
684 818
505 157
964 443
745 257
395 848
17 54
922 194
80 10
792 32
676 136
888 152
780 531
936 387
42 142
189 6
196 329
174 976
550 548
60 92
305 962
434 510
573 544
364 605
692 566
589 770
910 541
276 793
858 624
563 127
683 935
591 687
5 197
385 207
715 284
810 516
732 213
872 238
115 308
650 625
402 416
508 629
462 783
763 912
370 5
422 387
181 222
157 649
686 996
669 924
436 273
484 840
292 729
876 846
656 230
926 143
359 734
419 241
173 427
352 986
261 784
959 762
796 687
868 513
747 905
806 917
832 704
846 915
672 146
169 466
906 57
362 703
830 498
564 451
466 275
578 67
650 503
691 809
91 332
654 779
91 352
30 717
536 653
898 192
97 355
108 154
136 858
174 344
86 620
6 921
686 968
609 359
23 182
772 478
68 474
624 911
681 353
663 195
164 594
601 478
775 513
688 114
490 884
625 143
469 971
102 830
320 684
661 627
435 501
73 205
265 705
957 549
888 462
59 776
902 976
122 475
221 738
276 949
377 405
650 602
11 861
306 962
634 196
593 802
596 392
88 886
167 373
281 397
41 745
184 693
498 675
629 178
409 148
780 688
188 330
843 95
76 492
653 190
486 445
15 798
878 968
617 889
64 162
152 859
518 961
372 862
366 994
961 602
670 409
513 871
94 444
848 671
921 361
756 761
204 518
941 972
245 777
793 70
997 328
931 189
608 985
587 606
373 8
100 632
700 246
96 566
896 980
411 385
107 289
882 492
267 301
745 139
566 264
991 910
378 443
764 641
750 927
640 540
788 270
542 726
420 475
126 405
110 122
195 945
65 334
903 318
262 188
346 409
848 979
425 173
273 518
672 787
437 741
593 953
334 40
223 96
968 419
880 165
872 796
153 449
57 774
497 105
538 879
271 822
453 431
225 333
292 374
656 728
396 687
128 951
599 970
805 56
157 49
85 280
384 416
304 184
386 602
311 695
717 530
533 442
172 921
586 293
352 131
125 136
875 302
172 901
49 985
459 964
518 620
552 215
478 826
825 386
15 820
635 585
695 370
887 471
481 127
797 869
113 950
429 161
323 609
528 724
89 694
519 426
336 114
211 940
180 559
59 567
365 404
666 384
184 198
56 982
921 569
750 960
285 815
344 303
627 868
481 290
442 391
982 503
134 113
604 376
807 951
677 338
730 411
548 693
127 268
623 7
454 907
988 743
782 389
490 272
286 645
597 57
862 668
435 892
842 755
602 296
267 938
571 385
345 666
399 624
847 798
148 712
132 425
845 146
908 513
19 120
121 123
635 499
988 589
419 636
875 330
399 348
495 652
622 235
150 727
208 825
155 583
636 595
84 437
706 897
119 730
759 983
981 81
890 155
454 977
297 293
92 36
280 588
497 774
996 937
378 398
635 632
767 431
348 502
90 116
490 996
3 29
724 437
937 22
400 482
908 905
13 296
320 694
439 690
547 698
566 898
74 332
807 392
209 362
176 992
176 91
570 556
376 395
602 584
336 223
229 643
782 225
620 729
558 140
908 263
750 119
191 750
946 633
262 525
775 754
284 228
62 835
627 45
63 470
28 685
606 759
748 191
621 756
88 945
579 899
744 605
737 497
950 686
846 765
255 520
290 65
498 684
469 60
82 540
160 625
980 122
263 846
641 526
774 330
771 272
451 568
892 221
731 881
482 569
90 851
859 569
866 667
339 471
304 939
42 616
625 554
569 807
916 568
610 650
102 609
997 531
345 217
254 434
422 662
228 779
361 867
433 870
253 163
701 32
120 791
496 796
0 896
285 758
148 178
250 921
609 151
696 382
628 449
592 403
989 572
394 205
861 461
792 64
227 315
316 30
662 632
314 628
776 324
583 75
44 729
465 347
196 368
979 164
335 931
817 457
996 877
186 547
449 267
426 640
367 994
783 810
614 776
103 500
562 303
613 441
738 667
698 997
340 261
760 541
847 412
88 421
736 20
65 347
343 892
50 446
444 965
24 875
997 542
378 897
865 149
22 201
434 859
240 804
540 123
874 953
622 588
130 660
444 200
947 60
122 912
403 225
269 153
40 300
372 915
972 27
616 432
327 343
866 437
642 717
805 84
718 181
861 719
321 465
716 78
909 277
355 810
912 122
414 247
438 216
563 31
774 319
585 389
865 731
450 228
49 281
780 458
927 435
687 109
596 305
904 825
451 214
395 761
823 615
644 972
43 371
244 25
321 112
833 818
891 427
249 722
100 56
589 319
575 463
991 311
313 874
559 575
92 344
819 6
238 747
854 92
314 664
753 964
294 526
687 352
567 740
608 595
349 437
541 507
473 102
273 720
924 495
787 557
159 465
662 352
5 281
528 505
69 850
734 958
120 28
782 503
304 905
22 58
48 777
405 687
531 684
12 898
413 480
904 358
723 704
167 184
594 202
81 765
777 115
576 318
725 291
282 1
4 986
358 469
352 217
237 319
816 713
475 562
514 395
308 878
210 144
192 822
95 134
110 454
935 44
526 141
319 713
967 48
592 75
558 207
464 294
714 330
219 191
406 883
297 303
690 496
577 728
190 8
830 778
776 709
874 25
448 906
887 6
876 758
13 340
379 184
921 353
35 671
16 611
207 707
447 703
676 921
586 534
639 757
799 868
412 175
432 589
876 570
535 144
231 589
960 800
906 362
869 238
105 465
726 557
366 443
232 139
945 957
570 873
325 731
210 847
437 604
143 243
400 306
81 134
49 987
742 720
67 890
824 792
482 497
265 944
526 568
164 398
0 540
343 793
397 327
793 540
107 140
918 286
924 812
529 386
269 729
498 697
442 276
705 648
885 851
694 769
892 119
47 855
333 744
893 858
305 764
287 601
806 343
886 159
444 422
318 172
309 62
236 595
787 238
27 361
313 58
948 117
539 618
762 235
30 946
34 341
259 755
166 760
448 255
480 600
353 549
344 281
257 390
36 410
284 692
776 19
206 619
286 519
804 586
571 371
450 836
794 442
972 388
320 176
906 461
545 672
998 213
590 690
451 820
504 990
326 555
791 552
146 107
335 327
657 31
447 207
638 460
144 313
87 491
769 7
991 148
475 263
723 313
956 570
215 520
683 498
915 295
992 976
421 529
917 51
220 414
987 142
252 592
861 118
54 752
492 785
618 312
434 669
713 229
649 282
874 377
399 483
34 285
871 990
959 436
230 443
34 223
127 990
164 782
778 68
448 138
529 599
276 402
396 797
177 38
509 520
119 658
601 341
446 94
559 272
813 51
835 563
106 247
72 220
706 54
617 219
363 970
516 260
778 467
337 57
761 360
623 65
103 761
584 964
619 720
574 201
940 472
161 527
430 273
966 506
581 341
633 572
666 404
227 408
823 206
321 824
918 915
222 824
324 766
524 504
653 175
806 172
616 704
170 384
800 28
212 746
886 723
845 916
499 493
310 460
326 752
862 964
549 168
169 738
240 794
760 861
738 26
668 241
491 767
799 628
775 526
543 348
97 276
740 357
4 895
856 990
492 138
712 187
604 976
901 307
868 256
787 18
641 235
383 606
241 169
633 783
690 671
543 370
907 23
339 666
261 260
788 656
55 762
178 304
784 288
963 424
897 586
263 526
928 666
176 128
521 913
488 935
534 459
486 412
615 705
999 363
88 11
417 371
947 161
393 315
171 427
359 790
199 299
515 597
729 658
144 497
235 592
177 644
280 246
180 967
755 375
965 691
580 58
508 363
995 838
52 93
36 276
923 519
679 522
21 568
497 964
62 14
142 852
181 352
932 314
241 549
810 988
826 751
529 188
961 550
433 866
507 627
323 111
340 607
907 996
552 533
772 627
47 306
757 774
728 371
530 354
842 217
762 552
608 637
125 449
591 589
282 476
373 164
166 709
718 360
72 629
89 415
648 578
855 647
431 196
18 937
772 294
40 306
518 164
300 66
403 230
558 142
52 717
85 930
893 271
281 731
158 951
168 674
881 690
433 121
669 968
24 613
222 740
311 92
517 108
253 848
430 789
14 169
412 994
527 735
32 232
709 303
759 612
244 579
171 569
800 660
880 781
107 76
655 530
764 571
261 240
305 824
932 393
651 714
447 91
27 41
502 727
895 750
150 266
137 84
488 393
678 926
70 526
573 53
721 381
651 337
491 220
574 696
100 544
214 173
270 234
383 112
315 490
316 752
585 594
10 215
833 816
454 506
416 264
614 551
350 293
109 311
523 13
66 545
502 259
124 308
628 300
546 201
89 140
242 606
801 129
940 954
462 38
12 815
948 453
549 456
476 426
401 986
139 342
374 943
237 93
721 40
118 127
643 610
882 52
98 522
542 891
28 89
369 756
5 830
330 117
476 890
389 188
374 140
209 329
108 341
392 56
331 940
507 435
554 406
846 173
952 21
590 716
700 27
123 665
890 468
479 292
555 718
349 556
763 355
466 857
816 103
525 223
44 343
326 675
605 753
334 70
474 753
415 464
934 955
547 793
230 651
142 757
554 911
423 292
819 766
551 793
373 812
20 343
607 662
967 82
43 224
266 425
364 461
286 105
116 571
933 679
274 77
170 911
487 731
28 384
142 991
460 880
831 496
423 109
932 261
83 154
550 507
945 995
568 169
803 504
355 968
272 955
974 607
369 655
287 542
578 841
24 458
677 426
637 694
417 166
987 379
765 92
280 630
420 355
278 514
325 986
958 286
726 515
733 973
647 654
752 537
620 834
141 114
231 311
620 31
371 531
404 785
368 554
49 677
105 54
980 588
3 972
780 547
863 963
163 371
116 258
277 420
57 862
728 315
441 745
523 155
878 787
115 185
838 630
828 231
937 883
393 431
617 706
471 873
22 728
327 544
259 402
852 722
779 395
688 348
687 536
743 968
275 751
556 799
461 238
860 438
257 277
743 229
114 863
622 978
294 786
970 142
335 528
643 745
131 928
519 32
867 134
994 184
713 719
638 233
674 502
487 621
759 227
350 20
852 585
517 143
140 695
158 253
123 725
103 404
889 935
160 484
928 100
13 216
943 565
880 394
220 876
223 855
654 973
701 312
146 114
214 246
118 104
62 560
8 406
967 513
216 560
376 592
12 572
262 355
358 121
15 26
431 824
288 93
198 575
400 376
877 283
439 828
655 430
295 178
709 63
262 254
274 904
835 997
52 570
993 743
475 595
937 384
182 924
383 344
309 173
676 970
751 244
483 778
936 622
432 392
689 149
515 780
936 851
70 985
885 433
884 612
966 20
219 276
938 836
458 965
773 215
857 243
567 407
568 274
297 347
526 979
977 43
432 599
213 975
772 260
496 90
520 822
449 831
864 493
211 831
337 681
532 502
667 311
745 30
402 340
789 325
255 225
598 387
30 545
555 345
942 470
216 974
309 700
400 87
876 761
41 91
561 783
114 681
468 803
960 1
634 353
969 799
499 731
411 287
121 165
651 27
332 388
844 509
661 592
221 557
554 584
328 670
707 417
580 145
516 220
111 730
221 524
551 388
59 698
938 899
398 952
203 99
534 310
215 663
912 827
327 679
951 673
644 766
352 240
555 869
203 374
573 408
851 349
149 678
854 230
268 703
669 470
459 47
15 53
544 198
561 843
841 89
547 407
300 507
915 144
199 502
791 363
286 94
831 983
681 471
766 962
760 841
132 93
87 55
473 261
432 916
411 677
455 10
849 909
421 99
491 245
663 515
721 453
680 394
827 50
83 484
727 490
66 330
615 428
226 315
505 87
205 777
668 446
890 384
290 881
671 582
577 983
319 79
401 853
540 678
110 873
894 308
200 848
135 526
818 198
75 27
900 581
661 211
590 745
824 37
985 189
700 925
988 526
186 494
480 954
537 298
60 522
627 865
130 360
771 27
888 75
341 213
722 912
886 971
380 404
138 579
885 820
750 503
636 860
9 708
74 67
485 596
867 328
887 777
779 965
805 194
551 591
897 300
741 226
784 898
242 555
717 362
99 905
753 499
515 668
521 961
190 964
795 961
16 175
470 896
929 6
643 899
190 79
746 531
956 762
660 810
941 732
829 16
949 610
391 931
665 258
792 495
18 828
733 878
186 224
672 936
726 325
279 980
105 977
818 527
57 373
935 207
388 748
989 325
946 352
287 861
599 202
329 55
720 813
217 919
988 924
899 314
995 929
80 786
825 998
231 567
588 571
688 469
334 990
61 658
389 59
919 783
911 580
873 708
343 114
565 896
391 368
178 354
428 997
827 710
357 793
689 624
871 719
155 69
593 515
499 240
367 566
853 59
209 55
144 139
227 765
993 376
722 383
761 606
149 629
380 418
714 332
631 649
354 365
333 183
512 980
751 927
615 674
597 335
391 849
820 12
971 969
845 719
961 582
517 804
156 483
670 142
882 969
695 690
919 388
314 45
533 510
798 512
768 407
727 675
412 266
533 721
931 355
667 270
630 100
873 597
785 415
372 685
769 594
762 160
562 136
283 727
631 845
870 428
464 435
471 289
488 229
429 306
464 713
597 382
865 185
599 551
455 111
52 510
808 504
945 9
610 179
705 774
989 158
317 5
148 471
7 145
426 274
257 674
473 767
289 652
342 187
522 423
398 652
278 455
489 104
944 948
953 987
972 56
765 693
511 103
625 532
894 132
681 41
189 852
156 890
472 75
332 45
744 56
347 629
730 673
450 858
439 603
243 75
46 416
985 631
471 315
643 438
911 845
351 622
338 649
631 893
347 262
87 21
696 662
665 107
625 756
892 446
363 488
850 750
259 201
243 236
720 835
152 381
342 388
545 281
471 25
484 964
576 670
870 212
791 724
204 977
31 922
141 570
786 533
990 490
89 139
969 200
675 582
612 868
239 177
683 582
260 268
678 994
320 522
344 436
573 655
544 376
820 107
470 382
172 763
387 119
187 144
112 996
122 721
196 139
927 566
38 618
666 154
942 647
527 665
258 501
891 658
154 805
340 375
351 158
417 684
998 130
563 267
13 110
616 499
133 659
981 14
853 57
754 589
494 13
389 281
698 293
289 687
213 908
418 900
452 951
380 341
640 111
514 817
227 24
944 561
571 750
422 372
717 326
520 298
218 926
38 321
815 382
296 272
135 568
360 744
126 138
887 666
354 1
11 670
504 307
492 470
559 132
826 478
86 299
401 614
370 414
441 670
734 178
508 567
128 843
131 560
523 127
298 358
388 318
642 319
853 337
509 543
544 144
747 877
329 567
817 763
626 254
569 264
151 588
112 291
660 312
302 246
191 452
634 723
364 570
976 29
378 200
728 772
165 103
703 226
724 379
500 12
281 854
610 258
33 209
829 525
506 779
854 611
964 839
612 791
97 307
188 16
552 418
648 719
523 281
382 401
960 148
152 728
329 988
608 596
795 876
218 353
9 56
579 172
804 207
207 610
42 356
824 181
301 929
252 603
348 538
45 158
838 980
584 197
51 300
51 214
629 210
55 502
850 792
595 437
856 57
659 92
457 366
446 451
552 175
394 314
306 392
754 187
62 388
211 598
511 111
192 250
539 810
322 49
536 207
192 434
204 329
348 104
250 459
2 740
458 289
574 42
527 115
644 354
237 352
375 244
246 728
618 340
285 41
986 798
970 594
107 843
48 977
815 493
98 521
202 447
185 574
419 725
228 594
583 876
330 455
39 455
925 398
637 902
26 448
485 757
208 305
33 810
254 178
481 232
249 865
66 249
735 576
421 325
73 978
973 657
391 388
610 960
460 925
832 887
798 729
909 876
54 389
863 571
521 170
295 595
939 877
11 253
388 478
940 604
233 779
313 359
183 130
245 169
641 850
761 874
839 145
194 520
912 8
425 60
548 872
664 926
992 116
99 783
759 937
493 303
169 918
706 59
720 242
943 857
66 420
277 392
948 69
606 378
238 67
836 330
595 526
379 528
758 423
176 724
376 284
81 421
533 247
427 466
53 489
546 784
955 388
674 642
416 215
694 806
570 591
228 52
841 960
732 750
278 418
975 722
739 68
480 125
998 719
353 529
704 620
445 634
820 381
312 290
756 971
18 304
833 808
298 365
693 873
906 198
765 756
781 261
549 540
726 138
685 468
173 777
468 819
99 397
609 717
899 219
55 222
900 87
247 619
637 294
272 417
424 241
584 332
818 700
647 482
824 15
613 378
855 392
284 920
645 61
962 148
221 485
843 236
241 710
684 981
235 329
862 866
407 692
511 861
962 448
437 773
919 291
879 277
697 46
716 660
711 713
920 618
488 673
980 789
47 276
429 750
600 751
453 970
983 267
50 464
863 570
350 280
483 489
479 887
667 986
977 995
171 442
64 654
735 247
443 932
315 429
683 796
711 563
368 350
901 312
736 486
766 744
522 844
98 92
791 598
205 732
56 731
436 992
473 144
754 241
691 271
855 38
503 179
962 676
582 151
242 691
811 494
23 890
404 560
82 401
693 24
856 430
810 380
304 191
306 23
690 323
167 522
410 227
155 379
662 953
527 66
332 541
859 284
718 759
337 186
696 199
531 844
572 603
36 586
302 601
119 862
160 762
275 131
113 572
801 522
147 258
928 659
17 989
357 136
706 162
613 809
104 243
264 395
392 219
745 920
731 905
837 470
324 192
236 581
934 652
336 149
64 191
755 812
74 782
226 930
878 945
71 10
334 922
153 169
777 326
746 724
703 180
74 815
734 351
405 825
265 369
729 151
277 816
541 439
729 626
31 326
532 333
708 348
200 859
182 897
691 390
426 144
883 791
971 613
781 517
913 289
481 787
888 304
763 233
167 227
514 965
29 971
549 609
930 320
857 369
36 805
94 160
738 665
675 581
383 19
174 78
289 790
951 315
588 266
956 904
3 637
978 407
94 618
232 99
151 268
867 396
990 518
789 53
690 285
104 268
531 308
415 600
181 799
962 710
786 168
883 972
370 965
474 370
557 331
292 392
986 488
448 711
933 106
179 687
393 661
935 525
143 658
344 295
748 996
78 155
373 885
498 890
967 311
719 275
794 565
837 395
811 588
175 160
101 669
537 965
338 203
699 192
407 705
737 420
656 526
58 412
734 304
209 151
704 782
350 377
716 148
82 664
870 746
138 91
673 606
560 431
319 363
406 507
596 68
607 13
113 987
321 448
193 232
264 514
487 164
216 789
974 666
648 314
477 412
556 400
382 917
115 551
308 67
270 164
619 679
572 271
903 236
268 562
384 296
103 828
497 52
627 271
257 397
147 389
621 588
504 321
834 11
226 291
609 652
855 692
329 428
686 365
944 309
480 413
477 623
288 385
620 55
904 627
808 662
637 172
20 457
317 921
240 943
178 984
582 887
6 575
283 43
266 745
987 260
592 107
452 690
685 540
86 632
409 703
942 971
249 441
154 978
37 180
241 375
77 445
588 898
699 492
826 835
941 765
158 449
219 603
143 943
213 193
931 552
140 718
21 326
920 445
575 612
161 449
999 280
27 55
398 59
971 751
979 499
308 560
233 887
812 66
926 981
844 515
168 235
368 605
564 498
270 389
478 291
193 64
878 317
984 60
413 994
234 315
822 687
891 716
414 328
983 457
86 276
287 914
771 217
775 646
819 984
840 980
416 375
26 415
468 976
382 119
452 694
135 624
907 63
802 658
565 462
915 324
485 724
127 967
239 51
548 707
7 715
639 119
2 162
553 760
14 134
147 137
168 965
175 388
821 889
890 675
351 324
912 421
1 825
258 526
243 99
654 455
916 454
25 100
288 748
979 752
113 543
68 746
639 449
950 748
849 746
234 518
646 923
435 792
201 815
677 0
796 348
165 150
102 455
793 417
822 283
214 329
21 934
658 712
871 460
279 841
516 958
101 63
709 316
338 967
63 439
777 901
614 182
554 152
395 448
418 809
467 568
281 813
650 332
392 547
14 774
995 534
165 963
474 831
950 25
881 701
426 91
341 102
14 892
206 633
790 426
695 133
644 576
129 231
126 383
301 669
119 829
575 450
199 700
731 427
994 322
441 858
311 597
411 73
296 806
973 996
655 946
830 399
864 82
439 708
786 504
157 535
71 714
134 847
220 688
506 184
895 31
680 174
130 404
317 861
44 774
230 726
260 715
699 654
581 365
866 721
712 198
512 482
678 702
624 802
258 800
797 952
538 385
349 710
747 149
522 617
928 543
21 796
811 224
299 570
764 341
859 408
815 387
944 53
687 621
715 866
570 974
430 809
315 894
737 985
131 419
774 501
427 122
875 350
419 518
189 395
796 100
747 89
325 899
869 169
860 879
0 84
294 900
90 556
478 553
994 65
715 254
1 832
662 858
96 290
634 788
274 392
224 29
93 915
234 52
974 986
869 534
139 436
712 866
32 18
534 900
191 903
860 537
664 966
631 406
460 849
670 167
652 654
598 741
111 48
340 656
158 187
822 831
870 665
237 666
330 861
251 124
342 538
713 288
981 10
137 896
757 200
18 757
328 157
73 613
898 321
453 878
879 938
210 403
682 70
973 530
299 204
669 55
54 163
902 998
582 302
649 908
240 224
495 813
630 60
443 317
316 281
607 136
109 867
790 863
839 201
41 777
557 729
939 874
162 727
594 336
81 180
651 579
138 636
75 917
611 585
197 379
869 385
244 454
924 293
436 718
847 734
657 890
532 20
342 698
665 141
79 328
754 859
663 826
6 305
638 449
133 166
983 14
585 879
235 302
741 568
505 241
927 344
975 783
425 727
194 285
379 223
123 420
271 543
479 535
270 307
347 59
248 382
541 201
503 559
996 368
198 243
292 4
37 450
721 264
939 202
707 444
990 317
17 589
5 438
932 526
152 786
559 714
368 552
377 25
212 110
190 823
773 372
528 988
192 896
301 74
279 825
589 895
646 139
909 288
886 281
76 580
905 700
591 704
957 89
676 904
513 973
853 422
163 573
863 162
145 112
901 190
789 955
808 406
542 410
647 322
782 638
424 59
19 865
790 276
108 291
977 915
248 38
781 432
153 279
231 241
561 741
884 819
25 38
804 903
742 735
839 199
110 144
530 748
39 332
696 706
445 518
840 977
173 670
295 938
834 280
85 531
866 485
307 687
923 195
567 211
730 588
140 317
672 267
677 708
595 983
95 796
742 303
927 318
594 836
331 625
540 548
541 35
507 918
381 15
117 661
939 638
934 246
291 95
521 814
142 640
519 100
218 650
697 306
658 794
649 237
356 13
917 3
896 713
386 187
341 192
376 102
787 779
310 929
660 347
840 869
917 726
985 730
794 594
990 988
408 759
355 297
585 763
230 984
587 355
958 516
487 951
427 645
556 657
328 651
994 127
38 660
910 884
102 394
312 852
996 66
710 129
410 160
978 401
911 146
225 123
827 565
232 658
941 904
150 563
955 908
206 184
336 468
703 213
537 444
63 106
977 270
795 287
960 638
32 507
484 23
117 121
836 0
115 463
954 531
136 55
454 61
525 471
723 639
438 678
133 335
111 102
483 407
682 521
90 31
668 147
425 478
396 730
71 501
449 611
814 466
803 173
251 292
472 93
587 468
496 811
385 415
666 868
612 104
462 586
252 660
459 666
440 9
428 33
84 31
434 55
408 592
291 666
889 31
489 899
469 360
456 566
645 290
162 94
51 740
796 373
813 937
423 283
97 550
70 687
424 997
949 704
586 673
249 166
203 82
255 2
361 21
934 842
28 971
362 878
788 921
126 944
532 613
575 306
798 851
338 925
592 263
830 597
53 104
381 98
724 350
925 565
588 346
274 999
813 711
493 815
470 13
629 235
346 24
67 109
407 713
414 272
202 251
720 278
223 372
298 115
361 954
857 359
118 666
409 653
323 892
693 615
75 330
187 435
185 974
807 627
293 964
920 798
970 33
809 94
793 802
491 730
129 191
739 50
769 533
269 195
797 568
828 676
773 551
606 168
367 795
798 438
469 109
956 318
860 850
815 807
159 724
322 57
123 485
408 110
467 764
509 469
303 28
729 234
234 587
170 439
760 828
923 779
48 425
296 981
180 345
318 324
207 144
302 49
252 523
970 485
194 909
716 544
428 225
963 324
601 687
372 322
752 119
770 298
719 741
457 845
831 880
50 262
500 232
64 159
30 19
236 42
43 844
622 835
614 579
926 42
47 712
366 987
804 149
347 800
929 684
446 528
303 904
893 859
124 778
440 268
929 753
783 593
486 334
950 728
812 757
809 9
836 304
427 846
177 919
282 687
847 632
663 802
306 276
39 990
837 57
6 817
739 711
82 658
713 178
385 364
246 672
112 577
445 111
84 736
148 445
410 295
598 367
984 731
929 425
874 243
184 695
951 622
156 228
92 831
571 957
905 735
163 420
922 509
253 974
260 358
413 556
803 225
659 881
679 444
842 838
4 773
271 32
735 236
937 751
322 254
613 997
933 432
99 729
8 316
819 654
817 275
57 708
285 379
188 340
196 834
27 643
965 635
632 977
831 214
333 492
472 690
993 391
356 508
971 981
851 757
792 956
409 506
24 905
130 68
141 514
69 987
895 265
865 299
387 920
755 585
50 335
550 776
899 320
898 893
923 446
740 359
493 90
197 250
861 686
149 186
693 146
386 688
964 663
799 707
965 725
530 72
160 776
351 222
157 683
632 295
692 923
955 169
245 241
307 316
699 68
969 827
510 232
901 707
975 581
827 697
755 170
838 204
61 634
557 861
201 940
965 767
910 93
268 101
537 747
478 875
397 953
263 192
468 167
968 158
216 607
258 442
79 765
989 682
83 974
17 627
375 896
408 573
530 251
159 978
105 756
431 18
954 931
710 349
198 857
753 457
668 28
543 304
183 957
959 348
905 840
501 572
714 735
600 322
621 741
756 277
125 871
605 269
883 485
539 455
111 734
243 400
761 11
969 139
390 814
966 308
802 353
689 344
282 891
779 758
794 721
120 608
852 479
116 256
150 247
224 939
520 948
395 244
141 826
377 937
628 603
195 763
704 667
841 845
829 506
303 188
444 982
954 588
829 461
159 965
398 53
938 118
692 990
75 310
758 72
524 787
128 867
645 808
999 174
594 121
171 178
453 114
648 533
783 417
872 411
894 223
854 295
114 743
255 962
516 811
916 138
987 772
984 672
733 165
186 77
612 12
56 49
217 825
236 807
526 159
846 613
725 289
133 258
16 83
94 326
476 777
968 537
538 445
563 216
569 977
140 37
935 862
106 838
60 93
740 662
46 919
568 832
502 189
569 203
225 813
503 390
600 750
201 868
354 839
702 530
884 751
626 511
129 463
590 956
312 697
155 689
80 873
806 518
11 364
752 560
859 588
914 582
173 717
127 835
328 541
781 681
31 449
313 167
638 644
822 549
642 29
424 727
41 191
852 593
194 761
501 85
195 152
723 207
864 835
568 303
43 588
751 530
814 833
902 274
952 106
10 217
92 313
134 182
630 501
235 463
657 771
914 310
388 881
671 20
823 472
946 913
267 123
968 182
733 328
708 929
291 102
263 389
293 727
156 108
679 101
506 137
856 982
78 282
914 842
898 501
353 858
899 809
583 443
278 799
117 935
10 966
910 66
457 375
562 251
390 96
748 609
250 901
452 102
681 595
646 571
48 182
83 959
513 362
995 700
539 815
331 350
279 66
324 235
673 65
484 383
649 243
694 21
193 410
773 173
897 89
219 684
766 545
384 640
293 732
163 902
597 347
832 504
106 909
922 158
964 52
492 756
405 845
731 961
386 775
232 316
593 292
87 898
212 114
633 40
546 609
732 71
369 968
778 611
839 672
700 501
580 576
489 895
326 725
707 92
694 353
828 554
166 930
298 113
139 408
825 221
767 110
930 174
601 460
979 716
96 238
629 816
930 786
519 706
916 378
457 654
8 111
877 11
205 580
70 674
701 156
558 300
900 105
739 696
800 381
104 94
767 407
686 941
851 215
757 954
652 707
482 595
447 467
403 855
483 15
147 312
335 72
803 79
109 947
325 530
290 999
2 340
784 300
371 499
1 540
658 818
993 322
788 629
387 797
225 72
229 340
220 956
365 127
479 216
96 991
771 20
958 30
38 281
250 289
843 669
641 523
711 510
272 129
248 872
269 372
947 332
535 83
242 187
7 876
69 890
135 810
222 517
137 415
645 486
903 525
302 271
324 707
23 664
722 526
943 687
810 758
117 568
438 990
770 897
632 299
256 588
789 887
16 468
403 684
553 754
316 10
774 22
702 820
179 847
228 798
858 30
309 915
339 642
214 220
785 8
56 9
797 401
749 122
360 27
652 562
565 115
337 995
260 622
69 321
665 291
982 599
710 201
982 40
777 193
441 231
674 66
598 302
691 196
583 467
494 689
883 469
174 361
556 572
442 400
463 304
701 194
4 765
905 111
132 405
724 849
299 539
685 217
889 277
109 69
705 921
640 896
37 277
355 215
283 911
493 578
319 36
719 340
77 922
317 442
624 52
602 554
456 950
261 323
114 773
54 482
992 184
37 807
509 14
462 367
633 597
476 404
978 743
301 54
708 885
550 326
284 904
844 928
360 99
461 614
680 419
785 826
91 647
837 500
330 217
599 309
153 533
175 585
531 367
757 790
26 835
472 604
579 305
208 174
545 452
175 430
833 789
711 798
913 283
642 901
818 242
510 222
390 871
463 651
224 452
603 547
768 499
93 383
139 816
978 744
345 977
826 572
363 418
162 698
35 486
606 830
834 182
849 963
23 173
226 450
138 812
45 459
7 90
161 413
805 26
842 802
911 420
402 848
673 617
868 383
522 924
39 166
495 393
356 916
595 582
63 312
895 363
253 177
149 738
877 810
168 935
903 127
460 226
577 284
402 717
587 901
982 994
370 391
922 412
1 353
611 547
0 700
53 84
247 541
40 402
144 967
986 941
984 582
362 658
924 301
46 163
446 408
129 631
98 979
20 902
907 817
784 935
973 384
8 41
361 870
864 427
177 441
976 242
455 52
958 584
835 924
808 620
624 490
365 444
705 853
315 87
183 479
200 26
572 494
346 567
154 604
440 839
584 745
256 150
224 455
202 895
566 206
318 24
692 684
603 449
630 351
742 53
20 749
817 5
882 139
406 718
108 408
172 965
868 58
510 357
418 398
632 792
749 537
188 197
626 997
535 479
404 628
670 12
512 906
835 568
557 91
80 855
688 65
2 20
501 867
296 961
807 655
767 220
369 13
814 739
420 129
917 592
604 842
580 416
42 239
489 758
377 478
714 846
820 49
366 424
659 668
574 46
528 248
925 943
505 518
500 582
449 311
346 272
9 873
667 384
900 884
288 499
310 592
546 279
919 343
976 540
945 680
55 479
341 324
268 556
914 676
443 848
763 33
405 615
205 19
884 573
582 677
273 809
212 896
749 822
936 790
618 235
455 432
101 97
783 650
254 775
513 214
247 419
414 276
308 126
891 867
600 963
695 637
246 55
25 408
438 263
652 553
33 453
229 1
732 297
254 958
802 989
431 529
233 857
79 532
953 349
256 903
576 682
801 949
200 448
953 554
799 112
247 623
132 885
921 865
812 933
58 523
289 885
758 829
353 451
525 227
95 0
604 532
616 375
913 775
185 617
654 496
603 827
858 701
770 878
603 916
390 502
896 750
345 861
909 660
908 818
384 315
581 304
354 50
626 166
877 460
719 499
658 521
9 256
134 871
67 627
730 277
61 895
507 738
343 929
382 830
511 131
849 804
303 375
53 984
955 429
165 452
567 332
998 176
577 109
45 622
32 770
707 484
675 532
72 590
450 167
290 127
540 13
146 418
684 953
735 256
746 981
602 357
122 855
952 437
461 427
715 280
357 452
885 11
218 330
867 913
551 768
589 849
443 938
689 383
381 160
579 820
413 536
283 449
524 513
618 647
251 190
534 594
682 917
217 375
503 566
464 466
458 555
875 931
566 686
992 890
300 190
653 539
417 465
374 998
367 870
349 848
698 727
564 142
358 766
477 932
322 695
811 461
524 699
740 682
145 325
59 611
843 590
46 187
399 692
636 959
106 204
19 251
12 307
553 414
816 481
421 274
428 538
611 167
751 14
931 521
327 901
213 78
636 56
77 595
259 3
35 286
851 644
184 359
529 733
239 532
93 172
607 168
753 468
277 112
467 148
809 242
953 197
512 40
40 687
293 253
379 551
821 282
966 186
991 435
490 957
564 527
331 821
762 367
222 351
359 849
704 734
838 993
265 304
834 391
647 964
640 623
617 698
786 813
744 417
456 427
548 124
576 67
404 582
381 717
65 822
736 593
477 909
198 967
318 354
653 568
239 980
659 750
515 164
703 967
295 287
251 622
169 608
323 625
779 351
844 890
356 90
518 742
717 550
981 956
76 748
208 230
752 136
926 863
621 790
946 204
605 121
963 387
360 524
660 699
415 964
999 53
785 452
809 693
506 359
494 130
10 808
273 140
445 890
179 864
45 73
947 109
389 909
136 716
100 475
422 100
619 801
68 252
565 573
504 418
749 257
538 799
500 843
78 472
357 934
682 874
197 273
725 139
746 425
896 763
841 172
710 694
897 354
674 427
499 273
940 220
605 184
145 246
136 653
560 201
675 203
474 818
458 946
305 997
437 45
664 397
199 640
813 677
178 709
29 119
229 561
525 522
738 537
217 31
151 830
963 988
215 180
299 664
179 793
821 867
124 89
276 675
166 554
985 744
892 600
678 305
673 590
470 430
560 558
840 494
203 803
823 325
776 390
307 804
764 584
581 464
442 762
120 555
623 48
365 477
850 902
121 678
727 35
145 446
848 270
938 890
29 733
58 616
22 0
712 194
664 393
536 694
393 882
61 232
392 798
362 182
65 544
85 486
256 46
889 331
628 654
959 550
116 644
84 604
560 883
264 79
416 870
267 678
727 709
545 173
725 815
191 320
397 30
698 302
76 55
555 227
26 833
845 674
211 585
756 832
486 132
661 516
375 335
561 65
34 996
3 788
553 908
821 673
918 5
671 473
961 514
180 778
31 764
125 250
983 247
33 507
814 862
25 600
118 174
702 119
162 880
374 281
465 921
60 464
596 184
440 315
873 537
223 370
656 406
708 274
718 48
215 738
371 511
423 858
193 236
154 888
433 29
697 83
951 893
104 81
348 478
697 134
915 981
825 67
294 861
957 901
91 578
974 508
415 179
314 164
375 462
68 636
646 487
758 445
29 988
881 279
954 203
300 114
586 492
680 582
