1200
76 459
614 1035
213 856
988 815
644 951
861 120
1034 1070
395 897
259 439
315 67
452 854
688 33
512 326
145 894
51 181
113 433
1155 725
403 290
1098 969
959 832
1096 636
654 982
658 1046
439 1198
920 614
361 913
271 453
702 79
941 201
174 1053
105 1032
363 704
850 196
25 616
66 922
371 1094
331 645
459 431
247 912
191 491
206 1064
447 227
297 726
1110 996
105 1035
1132 514
408 867
708 342
700 1022
289 968
809 392
840 314
687 231
1028 1023
736 636
313 1082
1014 566
446 552
1180 724
325 704
926 805
462 1155
784 234
230 658
692 1057
272 277
1057 1035
269 786
590 850
807 1155
995 340
1151 1006
661 898
1102 386
884 279
976 159
216 927
349 647
588 831
717 578
629 232
508 1168
1128 176
589 776
531 1144
176 248
647 693
660 142
96 1012
175 573
1043 643
507 568
335 625
404 329
331 97
458 843
1108 358
168 1066
96 1050
57 1038
505 918
438 745
743 550
499 90
714 110
763 412
899 912
1197 414
890 891
940 181
393 352
535 993
915 1142
976 1137
315 43
913 448
706 372
706 524
997 503
413 167
194 683
200 1095
336 738
1140 163
1086 575
1193 922
1037 331
556 518
882 1027
1176 113
254 52
634 1188
52 1153
379 363
0 612
1108 522
187 76
609 244
817 906
540 1033
363 773
253 695
628 605
812 40
847 918
252 91
1116 233
318 1184
1130 632
1022 676
747 731
737 1147
438 1198
609 348
806 586
982 0
346 761
973 17
697 525
1112 780
949 40
445 857
144 606
1121 452
940 593
885 508
1069 830
1153 1099
515 528
98 229
356 641
1199 570
1018 866
791 899
704 436
831 1069
472 766
319 1028
869 421
884 896
122 1045
752 447
137 751
1124 1058
335 695
639 973
563 6
643 126
150 204
1003 110
201 396
698 543
643 1121
1119 517
274 688
1044 648
547 321
109 524
784 520
630 356
60 1016
771 716
1126 916
573 968
105 763
1005 688
1001 1047
880 359
281 416
220 691
633 1136
454 355
1197 556
257 663
1004 575
674 1129
75 36
909 1164
475 449
39 1074
551 1131
825 153
692 695
272 433
474 537
512 1004
525 839
899 959
880 92
728 1046
311 1127
90 752
701 891
11 841
1031 928
740 87
317 174
991 1013
761 951
246 62
685 638
528 1171
1111 1034
1118 11
751 1037
775 825
431 238
651 694
694 281
174 601
1060 912
340 1109
809 10
690 1158
137 722
518 1023
929 989
1126 778
1156 359
47 669
669 430
552 1036
498 49
1176 293
1076 402
127 1000
986 381
483 109
397 598
321 234
1061 95
228 989
44 526
346 627
526 405
903 855
1124 116
404 936
297 339
422 625
374 1058
950 1070
942 540
680 727
517 797
626 906
174 1120
824 705
197 1034
770 1163
811 914
545 747
134 1146
442 1190
225 1101
953 510
471 447
732 1185
228 849
1067 35
400 204
128 371
1008 801
624 1017
761 348
58 1194
77 525
84 1037
280 620
1166 322
448 550
281 524
694 429
285 1197
70 259
1090 397
663 106
654 301
110 47
42 921
514 293
476 655
179 273
181 1148
544 1193
472 1190
248 1010
1023 1032
1177 464
197 3
861 241
979 823
1047 356
627 865
463 668
78 596
1069 1121
885 785
877 1058
818 1007
454 1094
170 1085
506 449
611 302
875 1192
744 950
824 144
224 1138
193 154
469 982
1139 492
102 445
278 450
1014 63
800 200
1170 737
1158 137
750 1023
476 627
74 1055
396 860
724 586
574 73
901 2
1164 537
878 966
537 1188
173 1084
943 997
691 896
495 624
950 686
503 1137
805 723
1030 629
102 341
367 568
155 358
837 1184
762 499
580 962
89 1088
69 982
1021 341
823 161
192 1007
180 241
89 408
838 600
334 648
637 623
69 694
886 280
713 616
10 1048
287 601
674 1037
458 751
1113 851
669 1189
95 909
657 303
116 746
599 948
948 85
21 648
766 381
705 928
970 182
490 124
635 633
1180 723
244 1184
506 881
1188 108
666 1001
946 1196
355 427
314 1115
248 759
821 307
963 590
1187 761
165 214
351 682
385 1038
786 310
897 373
855 830
1169 922
623 883
531 457
13 157
421 607
962 652
1012 430
843 142
386 975
391 317
190 787
993 889
1098 723
917 600
480 226
936 17
1165 552
479 214
103 634
850 223
1145 331
1107 109
702 127
656 287
40 1009
1002 442
1087 60
738 731
44 272
89 5
275 150
100 813
1039 687
562 36
720 884
440 824
498 599
1029 344
421 933
654 351
1024 968
49 891
371 632
182 982
133 116
935 282
448 460
769 119
1056 589
1168 778
358 886
176 333
1077 815
126 343
584 880
868 90
21 517
397 972
1015 1038
613 150
412 410
1028 561
752 335
68 1197
283 703
344 294
1030 813
747 807
290 101
16 6
217 1080
924 397
790 1162
208 481
880 1020
359 1050
57 1114
1137 988
966 230
593 321
938 957
1145 614
285 302
723 834
934 502
634 1042
318 910
161 611
410 1189
758 804
1052 1057
9 729
486 84
356 429
869 1062
385 360
704 742
1191 1103
1157 376
942 1023
361 723
160 116
887 942
91 270
1045 417
846 1007
430 816
1027 543
478 967
281 215
906 291
659 270
778 978
402 196
842 565
178 268
1018 479
443 415
699 135
326 932
73 989
243 802
833 240
914 718
1 492
322 677
727 362
1121 365
846 478
235 263
707 733
333 208
1008 91
1120 1099
687 219
399 838
1085 62
221 388
93 291
169 555
553 168
98 252
135 373
665 323
235 477
601 692
248 616
152 1081
916 1122
881 695
563 1152
789 762
1147 1094
758 945
608 856
592 175
992 233
937 273
328 661
1033 751
665 485
218 916
1003 896
222 1144
1014 999
378 80
499 665
326 781
171 567
718 343
246 813
541 1018
729 396
570 291
412 65
1044 767
243 832
630 153
1195 896
913 935
37 233
710 823
652 1035
180 684
311 618
1 732
775 798
665 2
211 243
104 768
1077 102
176 1004
451 583
666 630
428 31
972 1004
237 9
147 825
876 317
162 202
779 965
447 482
234 819
960 527
111 471
1188 1040
754 337
801 725
653 1124
222 856
1006 1015
864 1058
451 256
39 688
237 112
1185 705
1080 392
261 190
48 78
572 1046
751 130
24 10
204 892
273 830
508 1132
489 782
643 484
791 248
286 1128
61 977
450 1090
472 684
712 576
1057 1175
1187 985
205 1155
581 495
554 98
393 234
1086 922
1 645
479 357
355 848
1172 1064
1164 359
702 1147
872 605
750 226
536 318
1046 728
96 23
184 80
489 501
604 882
1182 844
818 625
509 68
260 38
437 615
523 633
691 960
826 668
570 555
791 267
378 376
983 299
621 76
76 1037
691 571
943 472
1184 669
1095 687
339 1168
464 352
328 1061
446 450
559 454
339 758
885 1052
167 1171
134 142
105 227
445 255
228 39
1087 910
706 916
300 451
246 176
600 912
753 191
183 523
801 174
1192 869
531 421
291 1036
1005 115
323 410
933 1012
757 187
817 873
196 873
756 354
1091 981
563 799
54 519
683 1172
629 438
185 1118
1142 935
12 264
545 1018
667 987
528 338
1057 193
28 207
853 675
112 708
211 766
1067 368
550 841
845 262
648 870
503 980
717 138
325 688
967 644
737 1173
165 574
724 595
1147 608
848 471
1186 933
363 799
453 22
284 865
682 621
966 1092
1002 932
514 102
404 242
468 1161
474 388
764 699
584 911
113 747
323 398
1169 620
215 1103
423 1022
112 116
802 86
863 928
1144 904
1133 506
291 893
1065 1110
786 846
249 603
35 297
607 935
229 995
42 1059
348 131
502 218
724 999
576 928
757 1078
887 478
445 514
455 140
4 472
1114 755
1197 142
165 492
1110 1144
365 279
222 791
1175 464
216 736
993 936
944 267
516 1049
446 641
621 438
1115 84
300 172
701 1023
805 1166
870 177
820 153
939 359
149 514
962 684
257 1
804 567
1078 853
1159 357
568 71
523 1118
30 464
429 37
640 814
591 60
521 909
1076 612
322 1188
83 420
837 785
19 858
1165 623
80 926
874 373
241 1028
1007 565
783 4
90 907
1118 900
481 585
1146 817
893 1039
806 1154
88 25
281 223
517 1037
748 116
845 963
2 1125
605 318
443 457
865 269
855 49
831 343
1113 801
155 420
1116 317
403 328
900 1181
561 1155
462 1006
545 726
526 210
202 188
579 496
140 926
1179 148
640 469
806 407
467 828
1160 560
215 863
99 864
126 165
896 225
255 704
267 412
453 486
380 132
873 439
1022 190
348 950
792 1125
598 918
907 886
340 160
612 60
997 932
388 1189
895 446
121 620
838 682
292 273
1055 231
63 661
439 212
484 1034
678 433
1138 58
1158 221
1106 1086
930 16
555 1124
526 815
1179 216
928 372
829 1157
1095 909
566 186
1171 855
517 791
525 872
617 128
641 788
270 837
330 918
86 222
1188 163
1185 457
912 144
1099 714
840 432
577 949
1021 1162
784 1164
41 758
603 901
673 1071
206 1082
178 124
396 322
182 128
615 672
470 1176
655 971
343 565
113 146
123 706
847 550
565 409
298 1118
557 1008
516 700
434 45
947 27
497 1045
7 1129
492 528
317 987
766 591
51 990
162 670
426 353
259 936
550 167
831 861
497 1037
468 674
688 520
336 109
455 702
408 605
236 617
19 853
425 904
844 294
1088 534
564 571
409 269
1167 23
24 1079
246 536
1081 1002
29 145
612 1113
1081 110
1193 1021
488 109
854 242
788 1073
966 1066
420 613
753 786
1114 399
392 493
433 806
491 910
46 818
892 1167
878 661
65 396
548 485
60 916
309 779
292 272
382 881
491 154
1157 365
1199 742
863 640
841 121
470 456
507 975
1072 1154
329 456
550 506
716 642
726 15
567 25
670 950
961 926
693 136
1163 500
124 886
45 41
268 1130
419 837
74 678
433 604
202 66
894 544
193 202
1011 843
606 761
389 1195
585 1007
321 118
324 298
806 1176
1184 278
591 473
918 972
872 617
146 916
1157 75
795 1007
18 311
540 849
1112 130
858 759
57 337
1010 974
820 824
168 344
1187 696
276 486
772 553
372 1195
721 765
708 683
522 850
376 113
575 1014
1089 218
972 1039
998 858
535 545
779 80
33 966
311 464
904 702
947 379
975 532
546 1144
505 769
284 111
556 1172
667 791
333 176
461 1032
173 214
129 599
826 579
763 84
438 463
789 863
146 288
618 298
32 621
199 1006
301 1067
196 541
563 527
551 49
600 237
126 244
31 734
959 315
152 523
172 760
369 1167
192 689
822 1016
484 368
911 974
549 823
734 27
636 514
907 371
203 733
1121 462
399 1009
658 780
302 779
586 2
834 494
239 334
241 1106
493 759
1150 592
1039 899
342 215
266 1111
534 728
1195 257
982 537
763 1023
387 893
969 776
163 607
763 1080
542 1147
622 549
159 1147
1143 1033
401 661
919 199
26 392
1117 521
920 208
241 1013
450 708
470 754
496 435
797 103
177 936
636 1014
368 976
1092 841
346 839
452 440
849 820
1086 916
309 1163
643 1032
871 367
424 360
992 781
1132 586
1103 834
841 945
1093 634
59 373
949 1088
1115 468
827 177
1127 123
356 809
867 618
495 1120
738 822
945 610
900 203
410 1091
84 53
208 160
994 1179
947 374
538 998
828 72
1147 893
140 979
261 976
31 581
797 97
427 854
816 34
252 1162
733 172
832 955
844 31
561 1122
61 1162
588 899
1001 435
234 939
893 1006
397 973
1146 905
386 1015
398 804
10 999
662 886
358 687
41 863
1045 517
1094 1055
426 623
428 296
671 368
13 27
689 802
176 703
639 257
86 1050
946 234
434 232
87 1162
786 363
979 493
740 193
944 14
539 368
107 432
526 412
511 112
1113 1144
735 378
208 111
4 1115
558 553
689 778
184 1032
136 722
985 908
413 160
602 925
1063 815
679 254
908 1056
638 861
615 1198
1091 444
653 918
500 934
1176 556
977 764
322 559
1138 960
839 669
116 787
840 477
434 539
1045 383
64 1019
1050 65
435 572
898 549
692 568
344 833
646 1037
31 487
778 1041
923 756
189 51
44 532
466 1120
640 669
795 240
339 503
16 1127
226 1037
737 661
678 1043
304 192
705 874
571 584
702 53
367 537
923 477
134 191
592 279
1084 1005
775 36
808 529
656 977
522 580
376 102
42 826
765 711
732 407
798 536
1023 915
883 328
380 1068
894 144
1196 1163
330 416
209 1191
605 1089
132 257
1122 928
334 1100
1118 1179
341 897
405 329
139 534
1175 855
1078 953
483 1065
741 736
628 185
1107 426
875 211
172 886
803 1175
280 153
1029 785
170 70
170 523
1010 591
1158 1022
66 655
746 615
1174 222
384 57
481 968
348 672
27 557
958 34
165 711
518 957
128 893
202 484
759 851
284 1039
496 130
772 852
1171 353
27 521
1021 954
1021 881
529 267
154 246
435 931
1126 845
419 766
50 1147
960 981
65 192
1115 720
771 759
1030 929
411 198
296 367
279 134
1033 294
130 400
175 973
218 457
236 662
571 1156
606 111
593 746
147 367
214 1014
981 917
627 1125
1022 528
684 840
129 956
8 504
423 1062
882 1091
25 1175
290 1185
352 1025
144 553
133 145
1198 206
1182 676
167 875
977 1001
620 996
909 371
320 1056
100 905
1097 709
1085 98
674 1131
821 870
527 312
332 504
566 726
362 466
1192 578
430 810
762 942
36 352
269 1066
1075 672
577 542
1061 266
820 604
156 825
508 780
260 695
1092 676
1161 218
953 812
101 309
859 1037
268 1020
991 1066
389 282
922 19
132 535
87 291
180 848
256 1167
628 1014
650 878
15 296
913 7
594 824
770 829
596 745
117 502
771 812
1104 1069
734 896
777 690
1139 110
376 49
720 132
1135 31
839 182
1123 440
234 352
944 463
1028 194
873 424
500 1061
1181 576
1142 444
1102 1081
45 123
345 149
1170 1103
827 334
582 719
815 832
219 419
910 170
121 596
452 928
781 1052
1125 1180
1011 624
350 222
1086 742
223 961
303 507
149 160
460 476
1074 560
843 39
145 921
242 744
336 709
700 999
277 889
765 396
652 1120
221 157
988 914
591 1008
238 118
1159 380
413 256
1097 151
994 384
515 666
39 967
154 713
510 20
223 846
968 361
1079 459
753 911
242 331
698 573
594 155
919 228
217 825
716 1108
423 1124
327 344
29 107
350 436
558 272
1101 57
1047 464
111 509
501 584
393 229
1018 127
989 102
891 901
295 934
603 22
793 30
213 365
500 243
541 147
40 272
631 756
191 18
600 1003
668 526
605 538
816 338
63 577
1020 471
721 665
195 1192
895 1195
684 113
437 343
897 753
418 977
709 1076
458 1190
177 109
728 898
829 1050
318 851
581 600
197 437
703 629
291 665
360 1100
653 806
460 832
736 682
699 1024
567 440
437 369
1033 509
885 862
371 250
339 801
1165 110
1010 1188
663 577
1198 966
78 391
933 1159
574 252
898 33
142 25
394 315
975 1135
53 691
347 998
100 1037
681 427
902 1040
590 461
128 193
227 704
345 206
384 972
472 995
523 988
1189 223
244 691
368 300
23 941
340 194
288 866
1194 847
507 621
383 636
625 913
892 610
632 244
586 256
695 288
611 654
779 1108
496 258
842 1133
524 152
626 114
924 392
603 736
797 291
999 425
608 391
335 756
620 858
40 946
425 46
11 278
1192 64
1148 780
400 819
926 248
869 491
1037 1055
626 1131
396 418
145 526
879 220
879 547
807 573
282 800
957 415
170 433
187 118
928 964
762 198
28 268
559 327
941 394
721 322
67 879
131 980
455 203
774 973
400 453
818 871
1154 11
1006 377
186 615
569 1072
54 493
271 567
356 1075
384 1182
432 154
25 801
733 787
452 1007
952 92
115 826
891 216
813 400
693 327
1073 308
607 1003
780 1073
380 964
722 681
239 1186
342 155
863 878
1035 284
974 782
917 1038
1146 1003
215 553
1104 102
890 578
184 370
94 860
936 387
1130 676
263 61
704 562
566 135
861 320
535 309
587 791
82 1186
912 1112
810 282
641 1109
677 399
864 445
1073 406
796 1144
36 699
431 874
705 525
1160 256
150 535
569 386
1106 921
181 343
487 1051
764 645
745 537
920 474
67 854
995 374
130 992
377 433
253 61
1154 758
741 722
333 822
949 1039
408 289
836 114
1031 594
907 849
39 643
84 420
1106 494
681 850
539 976
720 110
1156 692
20 387
660 634
889 187
583 939
306 16
1120 509
883 986
961 1192
962 707
693 689
948 1060
647 1107
18 472
908 759
756 543
1009 140
715 1093
623 1105
1055 761
175 493
990 762
372 399
856 692
844 714
119 1194
511 948
1000 422
115 554
631 400
1009 754
465 1018
108 126
834 311
181 581
935 251
18 978
426 381
1093 580
1193 983
810 340
1049 743
893 127
1049 313
121 1020
602 487
964 533
112 827
266 1141
440 820
204 753
619 289
520 173
482 113
173 102
56 738
809 805
679 68
915 706
409 824
824 623
457 610
575 732
450 706
991 882
895 260
940 1002
303 499
1063 981
921 445
848 1114
212 755
506 1087
1155 751
75 765
979 1111
867 972
740 435
439 225
911 58
81 617
941 203
797 703
516 772
8 1081
448 637
92 550
933 955
156 1133
612 902
295 58
166 813
450 820
355 339
152 276
1160 304
69 421
277 967
4 678
245 73
685 1000
1176 313
916 804
1046 591
1009 0
435 922
870 182
684 598
382 413
608 605
882 408
1017 1036
1186 455
357 97
120 548
22 405
607 1076
227 62
257 446
1151 983
221 296
286 499
743 449
1008 183
1136 884
337 219
785 867
935 670
504 338
1174 44
1000 1190
515 785
1093 417
1145 253
826 571
1101 654
205 490
768 670
392 248
910 273
625 854
153 825
596 622
345 1097
710 409
8 757
1050 506
1108 586
191 880
34 563
1026 289
1122 639
772 448
802 569
809 1164
494 936
146 127
480 363
945 506
774 3
230 1074
554 720
1057 1147
959 669
792 626
767 67
810 960
1054 737
1159 550
405 560
974 703
1097 182
676 588
463 586
379 201
692 120
1147 602
742 1061
359 1128
387 1025
1043 413
390 1069
847 371
659 240
980 877
510 723
732 314
719 1178
1037 532
675 36
1195 523
936 295
587 39
273 632
1058 380
30 20
532 26
1169 161
875 408
12 329
249 901
204 607
787 1009
334 640
337 484
1073 1063
860 899
976 367
729 244
1036 142
739 446
580 347
375 750
910 874
1008 367
776 977
664 935
131 573
734 1088
844 616
857 540
722 761
441 248
1181 356
53 113
213 254
1004 363
677 998
1088 7
1189 702
1107 490
785 689
1020 765
138 907
91 915
280 710
46 391
779 944
553 1024
814 1148
61 785
419 375
933 547
589 414
714 817
719 761
432 725
83 205
776 1039
416 79
793 1099
1152 516
390 1017
903 97
168 749
1138 180
9 817
612 636
113 871
1159 20
87 1068
48 1117
1070 189
1049 320
538 1020
545 1004
1163 93
852 569
948 10
1042 1077
502 87
547 133
302 1162
225 602
1114 751
98 674
799 983
819 1172
874 1105
1192 725
411 56
20 868
297 87
308 1137
735 515
578 1088
711 197
730 69
354 970
710 786
803 265
602 343
888 752
574 804
590 453
993 490
348 800
1082 366
305 508
1172 612
546 1038
270 150
672 365
573 1119
857 205
473 637
696 1189
401 1094
107 848
1081 771
971 13
479 996
188 1193
823 16
532 400
639 1053
473 1184
1070 512
937 298
957 361
1027 474
798 435
546 285
983 617
70 953
1173 376
1100 827
1012 272
967 112
1082 1067
144 513
995 903
432 1051
938 425
850 153
1144 994
1113 400
721 557
381 488
1174 946
184 637
297 382
865 348
28 250
881 67
34 687
918 889
670 880
755 664
294 121
929 61
951 526
485 453
88 87
305 113
533 94
441 634
990 145
259 98
364 906
812 508
30 334
618 752
71 67
319 72
727 750
1013 510
975 1072
1151 1008
389 672
1099 485
55 598
51 554
816 160
557 1175
874 74
782 758
595 112
1168 659
417 274
552 1174
293 599
921 1173
444 1093
1099 1142
453 47
3 216
587 1188
50 1136
153 286
65 962
1087 747
1076 1168
383 712
769 546
148 21
143 65
487 396
532 568
390 16
664 918
837 82
1110 825
672 165
868 1116
391 886
392 1063
1 817
830 955
141 56
414 1023
815 1198
329 171
996 1117
1040 1036
200 1018
395 7
167 270
101 446
595 917
958 1090
963 130
1010 170
1062 417
842 120
448 181
519 866
73 995
940 599
805 751
802 773
194 634
251 372
92 1059
434 799
1031 1121
722 271
851 742
190 1106
1186 1121
41 1115
122 18
515 243
547 906
811 885
852 329
1017 551
290 53
1132 285
530 554
1111 1090
1144 1121
190 484
1152 865
280 32
151 761
683 675
674 1119
261 390
300 1053
479 93
364 245
711 470
424 1161
237 692
55 368
534 1135
287 866
489 43
133 386
121 175
1169 801
1016 667
655 1012
891 485
54 408
990 935
518 463
171 822
414 366
708 80
74 1147
217 761
939 1078
631 678
212 250
187 892
1100 1104
290 820
380 298
471 352
1035 444
909 431
358 90
196 145
802 607
754 379
209 1190
649 1101
1102 760
849 969
1140 429
1002 1148
230 168
599 265
1131 699
97 688
231 679
835 1018
672 222
804 251
614 72
808 587
1051 428
853 684
189 896
397 316
865 726
416 472
614 691
825 374
1090 106
849 285
742 317
662 732
56 1137
478 754
982 462
1080 280
1066 1084
152 593
1093 1178
440 770
509 298
971 296
23 486
955 217
454 1132
296 213
992 936
247 236
768 17
650 501
273 275
415 583
282 531
1032 234
381 312
104 269
1039 184
300 975
951 510
814 417
198 956
924 366
969 199
68 1132
0 693
769 615
350 1048
92 653
99 310
261 552
69 983
85 1114
373 1181
795 481
441 738
706 1097
835 808
462 675
755 457
65 784
58 605
162 602
548 585
374 1042
491 681
1024 940
987 308
141 271
1005 531
403 386
235 445
118 458
84 204
976 819
743 790
956 576
175 376
232 680
312 493
937 1017
781 926
605 662
13 318
2 557
388 869
94 301
1183 1062
761 954
1056 542
254 205
938 34
999 8
1077 711
1079 742
38 874
0 771
501 813
173 656
855 427
601 512
1029 739
816 974
378 100
1011 466
1015 1098
830 513
978 559
888 339
506 339
276 924
856 68
796 645
289 331
1034 929
1079 631
676 96
213 618
787 1013
825 235
1130 970
194 152
288 255
1143 428
15 896
670 867
229 1114
1060 675
828 52
525 1141
783 959
92 438
301 246
126 340
777 422
86 802
666 658
1026 1135
998 187
313 409
868 117
680 93
919 253
16 157
133 703
399 905
1026 988
406 323
159 965
1196 461
1133 957
274 847
688 125
306 247
742 461
308 42
459 422
154 174
774 55
542 71
584 1061
331 1106
1063 1059
1106 281
522 830
476 292
758 385
892 97
1056 144
49 1014
792 524
829 416
1020 558
171 702
562 694
1007 1191
796 840
329 87
850 722
349 44
458 2
1117 989
271 629
960 1177
1029 380
950 335
232 656
1052 12
316 353
520 421
697 802
968 609
559 491
309 801
7 1126
891 682
609 1079
591 773
68 571
46 627
1152 937
337 115
353 760
80 192
54 553
973 141
1107 474
205 346
37 717
906 954
6 505
436 728
226 194
332 397
354 315
1103 386
1145 888
623 77
657 334
72 1189
944 55
819 1070
386 1081
56 253
156 494
2 181
1019 618
219 96
697 55
560 1172
499 674
66 1093
255 973
650 422
1040 460
681 419
265 26
196 832
151 469
635 36
509 1021
307 373
186 653
238 716
703 100
1084 918
1129 397
646 354
124 1078
730 909
501 533
1199 341
665 935
513 329
314 680
425 734
925 212
118 325
148 912
767 686
428 225
759 686
922 1061
878 211
1007 786
810 1114
899 775
1108 1117
880 716
965 994
286 1066
525 466
342 603
544 535
459 1100
1023 556
755 113
1188 370
752 740
782 690
180 521
640 1056
1069 134
278 809
553 913
1096 63
800 656
306 279
989 518
505 799
1127 770
662 993
1162 874
357 680
239 298
967 388
485 1108
477 10
444 462
1001 512
583 577
216 408
870 730
240 900
222 529
758 1019
481 108
843 260
916 754
1022 487
664 782
362 381
1059 686
329 658
638 463
1095 212
44 1082
360 961
1161 1174
654 879
1129 1070
98 376
516 651
1053 595
766 911
954 99
748 369
386 164
207 18
52 235
91 241
482 663
927 916
599 976
1084 30
538 372
100 136
648 792
568 1049
293 707
1096 1170
12 1151
394 452
559 1064
404 617
1090 374
1058 432
560 423
422 614
471 726
768 985
1049 956
520 642
929 951
555 222
247 818
189 181
338 22
1195 602
707 100
889 193
1019 93
903 567
803 262
43 505
272 1143
88 316
293 1061
264 92
852 420
955 1050
157 618
651 432
186 909
81 805
82 1020
1146 646
1180 1179
987 796
1101 254
651 451
556 86
566 45
863 948
1078 31
467 490
1173 1072
420 301
895 1003
565 217
283 1062
114 375
1150 1050
804 398
387 431
114 937
226 207
104 95
577 427
55 965
754 3
398 786
302 931
124 27
724 780
738 853
158 517
842 622
978 675
267 396
696 934
598 640
968 326
47 994
341 1158
308 541
995 478
333 1128
711 995
907 135
295 152
555 917
429 247
195 26
1148 1056
688 1046
358 742
917 676
463 378
148 215
767 311
369 29
837 560
38 553
565 160
841 541
686 1108
726 88
203 1066
382 934
262 898
886 1005
1054 215
209 960
332 226
624 405
157 909
1135 7
4 455
1109 287
245 211
216 457
1092 241
1164 162
1124 212
141 745
260 1035
1024 690
920 291
711 11
952 589
443 209
447 890
340 392
215 660
365 184
310 998
48 782
532 567
790 209
618 948
856 711
622 146
351 450
755 607
827 250
1066 596
323 863
248 433
431 65
64 910
533 1123
0 51
619 195
851 1009
405 788
20 92
242 394
445 1008
595 272
97 1158
685 381
429 1194
966 43
683 560
973 1139
1087 158
569 114
784 977
203 810
244 949
352 833
801 150
618 834
1060 895
155 1152
15 630
939 701
1120 74
1051 1061
108 608
320 139
568 663
845 202
368 25
143 482
488 113
890 735
881 473
898 283
744 100
565 704
198 856
964 1127
679 773
282 675
1085 1195
884 586
514 1116
304 223
905 230
81 205
994 59
579 292
673 159
576 493
960 26
1191 262
772 257
1033 703
703 217
116 140
560 333
220 542
800 84
210 1099
1074 725
746 151
926 406
657 90
1038 422
819 456
527 254
1036 711
988 398
102 422
35 269
949 1021
147 574
265 296
58 1114
160 188
369 266
208 1047
644 383
1149 767
145 251
922 642
1141 899
13 249
285 54
477 382
28 881
267 227
135 703
649 848
265 221
391 426
1006 1093
407 404
678 896
883 244
645 1080
1116 939
621 325
45 767
1074 1038
799 884
585 593
867 686
867 1139
26 1123
346 123
983 421
14 95
302 326
932 70
578 347
349 669
757 129
760 550
205 1194
368 466
991 1160
624 1177
1053 431
597 1114
637 769
1186 883
926 604
496 790
63 94
294 1166
168 1174
256 1012
512 487
727 1139
164 91
503 758
554 380
877 396
860 689
978 1083
5 98
110 381
919 648
1112 252
1190 474
596 1039
1089 860
1103 641
234 540
519 888
353 1198
418 300
529 881
55 210
238 375
106 602
661 831
1076 1095
615 215
321 937
161 763
815 455
182 211
583 384
1062 1110
433 563
17 1181
925 1183
808 1098
1184 7
63 335
905 932
822 1189
943 233
897 1123
1136 1008
303 730
415 3
599 979
725 647
921 713
266 573
166 792
671 1109
584 1137
22 723
296 930
78 150
878 23
411 330
62 626
808 337
845 47
441 219
485 1034
553 781
1090 655
143 1077
524 887
312 159
244 906
3 183
118 101
507 313
473 958
3 885
906 860
650 369
811 880
480 766
271 658
136 168
399 937
686 931
1168 1101
307 197
522 988
478 577
1153 12
374 141
373 518
680 83
1126 1063
700 758
862 647
313 745
1143 243
298 447
523 359
1041 131
295 2
1109 737
952 488
970 1128
388 73
355 546
1025 434
394 605
1116 68
722 16
822 162
533 464
12 92
622 347
1062 365
519 964
745 1083
1137 403
905 710
918 967
159 732
72 691
67 870
1068 409
233 117
468 709
1141 609
279 690
1071 509
406 1101
753 474
395 727
488 105
807 1040
536 1027
366 144
304 965
1014 1157
683 230
275 384
854 701
739 1121
928 5
865 166
146 1192
719 708
1174 247
366 1174
725 916
971 710
20 644
813 671
374 744
292 787
509 902
284 594
268 424
373 287
560 176
1148 1178
511 438
694 980
1089 127
490 435
1013 878
608 398
202 824
835 333
917 1002
524 217
1077 657
120 1147
693 373
207 22
282 114
913 750
150 367
11 843
211 1057
1045 822
536 81
1059 13
453 215
70 400
689 232
197 186
294 308
122 897
1141 360
799 678
1163 711
120 320
1072 1132
377 297
29 1055
469 548
1131 178
103 60
1161 1060
993 314
487 124
167 106
873 335
1094 87
93 218
151 566
71 1048
770 362
775 1019
1104 743
62 814
712 626
372 652
952 687
41 606
269 541
1060 878
942 436
794 994
364 563
731 472
1185 266
379 115
749 1063
595 1037
664 360
161 59
320 678
804 185
430 706
950 618
653 576
123 396
633 840
212 739
224 344
1122 760
576 676
543 150
814 732
572 914
580 47
298 771
908 240
469 21
1068 1151
527 518
1175 240
872 421
730 216
427 987
695 1090
824 1198
79 910
1123 225
579 383
470 407
1004 985
676 362
986 1030
785 26
125 798
344 600
587 1181
301 16
882 78
1124 1180
389 821
19 1009
1002 477
230 493
16 631
316 605
154 997
1137 105
23 962
263 975
667 584
633 921
956 361
424 365
924 747
179 932
494 63
767 402
889 403
423 439
236 840
647 98
527 31
424 1198
1038 662
954 1111
1088 504
964 770
1131 1174
1041 591
1036 658
945 918
407 286
1125 957
957 355
288 888
278 941
436 1073
199 406
299 574
725 1185
163 705
521 336
610 807
856 596
304 896
1027 118
321 736
1009 578
667 217
567 559
788 904
687 155
17 496
548 173
400 767
294 1052
494 111
945 645
931 1134
335 948
586 265
273 1136
418 278
1016 1095
341 323
1094 1079
1030 220
140 146
373 773
731 93
17 149
1117 705
327 51
636 529
289 938
164 597
518 164
413 173
749 663
1027 1037
968 1057
914 129
951 831
1177 398
714 3
384 393
562 1059
199 108
316 500
858 699
366 1194
549 1097
1111 751
709 1097
220 272
858 772
245 339
760 734
953 20
815 301
112 11
534 723
616 738
744 959
718 174
860 231
262 964
836 271
986 327
477 456
980 1052
87 1002
1149 1001
1162 57
9 1047
1120 203
204 188
554 1120
365 817
10 933
405 723
233 138
207 803
1150 403
1032 589
590 1112
1081 217
250 1077
578 607
803 319
94 710
401 409
785 891
303 13
1153 134
266 462
120 1152
887 830
914 975
1016 1054
1191 425
698 856
851 83
656 868
694 802
231 254
1189 905
8 568
107 275
95 813
1041 643
111 1134
680 112
245 319
5 853
107 145
1196 153
1155 736
871 1042
652 536
1095 410
1011 567
896 717
866 684
899 12
733 1052
1079 81
520 734
1123 675
754 622
370 579
1140 775
381 941
188 120
768 736
1178 669
159 1107
166 280
243 268
1062 663
970 891
183 233
943 843
832 354
675 989
780 797
1019 259
787 449
853 183
135 697
717 233
455 1184
309 934
138 746
185 101
909 1197
876 155
604 65
575 1196
483 259
236 1058
801 719
218 891
140 308
131 627
858 278
1129 1121
359 589
932 654
477 422
564 310
375 191
805 25
1075 616
1012 258
871 343
350 628
932 770
398 472
155 1097
487 322
793 523
185 218
240 520
984 340
249 1072
158 842
137 886
823 1124
327 914
955 576
547 705
930 569
326 175
427 658
1194 536
871 439
941 639
790 973
82 542
663 362
59 643
954 766
1193 571
781 173
201 1150
696 1071
921 1180
137 790
1043 660
235 349
1170 1036
869 1107
923 677
513 807
958 1020
383 188
911 295
1003 162
1117 491
615 191
47 239
776 104
30 26
748 618
347 81
47 981
504 285
315 420
668 71
942 1081
1034 255
1144 404
716 380
82 325
275 72
981 434
1153 187
508 44
766 341
778 188
892 682
259 103
1125 407
876 604
513 75
557 24
456 363
1025 932
1149 580
258 641
750 950
391 242
33 331
325 970
601 612
588 495
443 344
251 649
1042 250
349 682
299 15
201 290
954 879
425 711
986 23
38 577
471 1012
1190 266
887 50
677 466
486 607
918 359
461 158
33 1147
997 83
257 967
830 758
1048 1021
912 562
1023 169
14 507
497 948
771 92
97 357
938 878
1050 665
1109 10
285 345
1149 760
746 1176
877 366
1065 19
412 651
156 579
555 82
691 258
1194 225
729 567
1185 501
889 1153
534 333
130 1111
79 698
542 362
296 790
27 1141
324 574
465 831
632 860
214 10
514 484
783 1047
80 39
593 928
387 400
789 1121
999 361
456 813
834 4
673 1186
305 494
1083 228
946 1156
1015 810
279 15
630 129
742 373
3 398
1162 1149
442 405
1165 630
782 279
407 517
325 436
661 256
493 279
546 751
1073 971
548 246
645 284
900 751
862 765
1164 869
421 695
322 39
851 1036
1156 1001
819 785
136 161
460 197
252 291
255 121
1012 427
835 982
193 683
550 846
603 11
686 891
75 424
1068 815
635 185
283 257
564 1187
646 460
537 124
265 577
685 492
747 173
420 836
723 817
317 1094
1105 597
934 469
76 194
103 478
225 992
377 266
78 830
883 838
710 374
195 825
596 1031
73 211
916 660
330 782
99 801
497 354
773 577
817 508
1085 844
696 985
352 692
256 283
143 996
319 718
187 41
1166 116
189 343
344 1184
192 209
610 465
530 690
1104 702
417 150
75 232
1182 309
671 248
723 151
888 268
1142 475
272 633
457 180
783 374
1167 151
360 664
307 716
1115 551
990 80
420 924
334 181
123 56
714 1109
480 345
1177 783
733 747
1175 1125
541 714
827 480
493 464
544 1192
277 1120
617 535
1066 139
668 339
90 593
853 957
739 598
600 13
963 575
699 932
351 550
884 683
567 826
1064 0
957 197
59 393
332 1164
485 891
141 588
821 723
60 599
1074 596
829 364
562 662
985 241
977 1036
571 152
1132 1116
240 361
81 95
292 677
1082 1046
1173 1004
464 613
254 775
951 838
24 1111
490 1063
124 249
298 986
743 730
773 822
611 133
427 62
592 890
717 855
585 541
331 101
52 920
169 387
193 428
267 651
419 793
684 175
812 618
27 288
68 275
1191 962
874 1177
104 978
50 412
1025 181
1148 354
765 336
449 734
115 1093
836 596
34 719
251 573
505 533
250 182
1080 668
716 370
1042 393
32 667
975 150
964 1183
970 1138
1061 560
732 1147
375 1145
1134 115
901 25
72 670
312 796
217 92
439 241
270 1090
677 574
314 289
903 378
1065 410
57 1171
277 364
461 571
462 678
1140 481
179 852
1178 1002
444 785
250 171
185 180
1172 509
1129 920
103 1057
1019 1023
666 569
97 1020
879 1085
10 127
1168 897
127 1042
484 200
568 1068
617 733
704 309
95 237
451 621
847 1085
734 240
544 742
153 379
1179 411
796 356
946 682
1066 694
223 218
414 842
59 329
411 228
478 216
225 893
709 226
415 989
60 1067
449 1192
183 888
1162 787
972 665
402 1146
347 751
492 349
798 747
573 1016
25 744
64 17
440 561
1032 923
1053 194
352 194
1038 698
241 214
561 918
1122 350
90 1050
130 708
382 638
606 928
948 188
161 369
749 324
258 1136
428 239
94 1054
539 1165
602 1032
1139 8
206 535
557 997
127 1173
264 820
110 259
442 0
200 1055
1184 269
1128 726
1136 567
49 1116
77 799
218 53
659 816
1035 53
378 12
901 956
327 342
760 523
258 1064
106 977
589 591
598 556
111 295
931 889
848 57
192 1
345 148
572 610
703 807
728 694
620 468
715 195
91 394
597 292
974 198
421 977
613 844
454 214
347 202
672 137
1035 487
157 1133
777 174
956 440
586 1074
747 404
316 632
447 228
581 519
1163 354
1123 664
99 276
731 764
460 15
864 1093
306 597
422 176
1183 875
473 973
158 360
1111 54
474 324
310 343
1103 341
524 221
1041 816
416 313
649 490
85 791
412 997
291 349
372 97
929 1174
66 1193
798 1136
1083 591
1119 476
258 308
915 430
150 572
131 400
1013 777
594 1037
707 353
243 1083
979 375
641 253
834 329
576 1093
609 1181
1055 1006
125 398
1134 1155
71 644
256 751
705 712
101 431
731 673
22 366
276 191
15 268
983 257
406 822
62 374
735 652
533 876
873 647
299 317
466 360
1047 1042
631 298
1065 129
253 706
476 483
163 938
80 290
900 810
862 1152
521 737
385 1064
626 45
177 991
101 766
828 117
77 20
115 43
820 919
987 455
164 729
114 559
1017 399
142 1104
233 154
896 470
1127 741
26 565
1040 806
233 646
996 329
905 999
250 537
981 693
1046 974
1134 63
1043 305
1135 1051
488 970
93 1024
461 1179
1078 443
1166 802
616 487
14 382
915 594
866 1183
119 424
177 1049
269 998
139 828
1091 1051
977 542
879 179
313 245
1075 673
429 1051
463 583
381 197
1110 182
232 382
361 584
1018 962
61 1070
367 505
482 361
1094 661
971 610
46 728
484 520
813 355
194 734
661 373
999 468
370 633
456 956
610 235
183 1084
1135 313
160 1174
848 98
551 796
623 698
791 120
817 105
761 681
451 139
780 936
1198 929
385 333
1178 1029
642 80
492 898
617 499
401 938
790 597
366 706
614 425
893 55
757 578
571 269
415 819
255 25
1141 103
682 721
645 198
582 232
307 713
928 1037
199 124
987 89
174 982
669 327
1196 415
625 1120
1160 693
326 1164
85 288
838 515
22 740
1171 717
985 614
1025 692
644 858
495 552
738 866
890 916
393 960
551 1031
558 953
502 709
1071 814
19 496
125 1048
442 13
268 936
644 1076
781 384
328 1082
79 587
438 538
138 589
287 373
48 287
337 579
660 901
1051 311
613 162
713 432
1044 51
129 994
814 667
628 561
149 1122
912 1001
947 640
38 24
671 155
406 914
166 631
866 527
718 91
198 1172
1098 124
708 1071
713 518
627 365
927 383
7 707
249 1175
117 21
984 367
139 834
989 1057
343 1112
728 11
519 1139
740 209
1179 312
79 646
592 472
904 439
556 931
670 1152
186 400
530 493
95 967
726 20
854 205
1157 1146
787 88
923 114
501 601
226 153
129 269
902 311
179 288
634 998
475 579
354 769
632 381
727 921
1064 1028
748 764
1047 471
21 1107
142 182
1070 151
71 191
17 842
1194 824
31 912
209 505
974 669
854 222
417 1124
1075 22
725 32
729 946
467 764
459 1069
6 422
24 1146
85 1017
162 194
997 1038
541 915
240 131
535 267
407 70
379 139
578 640
701 756
822 755
513 751
689 615
125 200
396 271
353 1102
580 926
253 831
604 482
668 788
1100 756
26 199
1128 1131
110 170
969 112
793 755
403 844
1083 1086
963 545
862 849
876 1077
813 85
984 1053
36 171
123 1196
305 815
1040 593
613 207
251 481
859 868
1137 610
604 730
1071 1114
229 1022
201 814
629 1086
759 279
409 229
314 294
896 590
860 733
624 637
278 398
1048 850
163 1046
1058 231
1190 943
1099 224
925 760
1051 85
262 224
707 294
877 609
660 564
247 780
857 639
658 123
224 208
21 720
1084 332
658 674
221 434
645 464
528 736
517 95
770 701
436 974
132 1154
581 856
621 499
320 879
543 998
182 632
610 728
395 836
788 979
886 361
537 670
1172 1193
1091 301
363 14
293 271
483 668
172 822
1083 265
474 1074
1068 458
616 253
114 302
336 1053
1013 277
958 1092
36 1118
88 716
582 673
828 686
655 352
43 0
676 274
224 950
788 410
64 489
956 502
978 244
939 527
962 907
83 58
901 142
749 932
14 257
29 712
1166 1096
286 1188
122 1036
1039 1056
1000 260
1154 632
931 410
935 858
1020 537
996 376
49 58
157 807
577 205
537 657
601 1001
538 347
1118 553
310 159
542 1178
486 818
338 262
894 317
1028 121
53 643
315 250
902 883
1183 1152
1173 562
437 219
1167 261
383 40
1056 212
37 117
338 537
998 326
782 495
700 547
690 68
773 973
616 379
1050 540
832 1035
558 936
549 1058
210 1026
564 758
1038 1023
489 94
794 830
264 1174
310 506
343 652
846 1139
73 216
109 468
220 598
715 309
72 480
188 453
1072 794
904 1149
642 1011
32 1163
620 817
932 24
1143 674
408 551
980 610
70 386
713 686
5 855
50 174
833 373
649 801
953 928
627 1025
898 200
446 921
1127 305
846 1051
825 4
636 84
1054 496
1017 338
51 648
1042 1151
136 217
606 52
43 1170
93 555
227 898
299 11
582 248
18 1162
504 815
367 1034
982 1132
390 489
894 645
499 557
833 877
861 591
1180 212
1092 372
984 537
263 884
641 755
493 902
647 330
1161 570
1105 761
210 758
35 641
720 355
774 266
1015 855
449 27
212 321
260 900
5 597
417 97
800 595
723 894
985 974
32 410
414 1098
357 1042
769 697
223 1181
227 92
1032 833
795 1093
1131 29
312 866
575 371
1063 817
646 301
318 393
839 408
338 89
139 236
794 49
1178 376
195 894
998 842
210 620
370 117
619 295
319 415
698 317
275 555
1026 367
219 245
198 82
539 466
171 93
1048 316
633 127
512 6
831 704
9 499
416 881
969 803
504 37
229 51
1152 308
237 1047
675 1197
343 937
1061 304
1053 200
35 20
74 539
62 203
881 387
482 426
752 1023
855 1144
589 615
1031 1073
214 970
593 328
794 48
1052 656
690 957
673 29
369 943
799 582
934 57
1089 599
264 628
178 812
597 509
989 1049
927 942
42 441
930 427
967 438
902 1129
543 1183
409 207
1001 173
904 219
466 561
6 720
207 577
552 733
117 973
659 105
1177 179
117 1175
868 132
475 594
965 744
836 949
301 586
764 220
961 431
663 259
365 970
611 182
433 98
981 597
323 108
252 461
777 396
206 322
1109 290
1000 665
789 536
619 1145
1183 469
936 354
1138 298
1052 90
317 88
1088 857
324 207
886 904
678 346
1105 665
164 714
288 160
376 250
635 591
283 669
330 868
231 794
540 914
744 694
1105 1069
211 378
682 905
410 932
178 1186
181 211
549 1118
394 737
475 636
1198 75
622 954
43 1019
119 821
1121 1111
37 276
961 599
135 638
502 928
418 200
86 459
132 336
1024 155
500 537
435 663
583 578
927 1120
536 113
354 132
444 611
109 1072
906 962
1059 1134
1003 868
311 55
510 432
910 436
490 857
422 650
570 652
106 818
1055 330
751 677
540 683
377 617
652 304
741 803
888 444
1114 92
342 1003
764 798
922 193
23 280
1119 593
263 353
1190 367
67 923
573 878
375 1024
190 146
1136 535
642 368
238 267
364 133
585 206
690 31
1054 324
465 602
6 292
191 95
821 1079
1067 168
398 496
1151 68
598 318
359 948
1046 164
466 14
699 209
955 775
361 320
701 257
308 26
341 74
656 698
392 829
574 552
1158 476
498 422
1058 501
357 903
588 974
736 1150
930 401
102 507
988 67
45 704
778 401
521 922
657 204
1016 20
662 518
456 659
965 1043
741 1096
750 986
911 1193
494 1056
857 1086
655 773
464 959
119 125
826 260
464 282
1064 344
410 426
469 265
116 1056
572 637
1064 198
465 1017
77 310
756 1110
1101 272
1189 84
745 546
786 904
1156 132
1037 528
642 471
1155 71
503 634
169 403
232 896
859 785
594 1050
1133 628
7 1157
1181 30
510 1152
362 841
760 998
980 524
1171 713
203 557
569 474
597 725
1197 362
109 915
1005 567
543 1069
823 1047
651 21
570 926
1059 517
1098 153
561 435
147 752
607 575
402 107
160 926
818 945
457 202
1097 1042
715 456
908 1007
897 935
287 453
629 304
142 462
735 442
431 654
276 420
328 637
231 1099
402 1033
632 21
925 3
457 694
58 541
242 76
682 39
739 1156
151 897
852 522
1182 877
324 436
2 152
1167 205
426 1139
840 580
719 258
1139 78
1096 487
108 684
679 104
712 959
530 900
807 921
832 652
972 544
492 968
11 846
529 459
76 326
1187 1177
838 728
833 343
839 221
994 1011
864 972
1069 982
495 246
870 243
630 751
511 406
169 32
639 17
1102 33
134 282
914 279
188 62
34 816
695 1071
449 760
625 1002
279 583
718 1002
468 392
841 1010
353 373
737 256
149 960
239 123
695 1052
274 786
792 851
1034 327
776 775
843 941
388 278
669 991
1100 224
931 293
262 687
1070 65
53 329
687 868
996 422
370 6
937 640
1134 1075
118 199
371 641
686 637
1154 291
360 21
491 35
875 460
762 235
1130 543
1080 651
481 909
432 384
992 1185
219 180
1006 268
1048 351
1170 412
289 119
128 108
52 828
270 628
172 20
675 946
89 146
1119 94
1072 108
214 1007
1036 187
726 1000
106 655
759 319
486 420
96 13
1199 709
765 446
153 1143
40 377
1112 978
498 461
745 1127
430 328
1142 1071
531 1086
1133 1064
648 998
1067 175
579 1035
751 599
228 302
637 1095
1128 99
697 827
1181 644
148 29
756 807
1082 93
1007 996
812 801
637 729
33 525
529 424
746 106
634 121
780 954
965 961
709 181
736 221
681 1048
127 84
638 341
1150 1083
1004 819
830 983
467 305
254 579
849 1159
56 102
773 1198
552 547
144 661
362 54
648 31
436 619
138 1097
274 370
200 183
1044 741
1125 141
108 712
959 855
638 565
973 1027
934 1151
811 371
712 1039
351 401
866 262
158 70
1071 791
872 1084
528 682
859 569
730 1098
83 911
