2600
1870 1392
1624 437
458 1149
2324 2041
691 122
1098 2466
2168 289
489 1618
955 1109
1464 898
2080 2047
2371 1216
1840 2468
228 769
1015 1967
2529 2231
2155 26
1899 1191
692 759
1254 252
887 1004
997 748
1899 2203
2548 1050
1047 2029
1631 2021
2426 143
130 1061
467 1720
1257 624
2149 98
295 2539
201 902
1717 1311
2588 173
149 385
2316 2000
221 1428
2502 1663
340 1748
1674 1997
371 866
2140 1459
1999 1196
2075 397
2097 699
2022 2474
183 483
437 40
2078 236
1205 495
1784 2433
1757 111
271 2092
2405 2075
967 2549
544 1568
773 2240
2361 2447
1189 1314
251 1630
2103 55
2574 1502
2540 1607
652 2428
2064 810
2181 1424
1629 1924
646 2229
1287 634
1913 1272
2522 1969
1724 2456
1670 1249
744 2028
353 1635
1067 917
2197 1589
1666 1451
1689 852
1485 2422
10 1950
2282 1951
756 1032
923 1344
159 1031
660 848
67 1948
968 2110
1817 2529
527 1627
1474 1349
1740 993
666 2109
202 1964
177 32
1114 779
1604 103
2164 1650
1190 974
1927 1383
2084 2278
2331 484
1862 1105
1671 2535
1344 2516
1525 1078
1310 1047
110 1234
1378 1321
1020 954
838 1975
1801 310
32 156
1092 437
1815 1570
1043 1030
503 1472
1587 1572
205 2435
531 2557
1302 1076
852 1690
43 916
366 2413
121 183
275 1096
984 2397
2115 438
947 463
198 1662
2473 893
292 412
2141 1585
1462 2431
534 1742
65 2112
2061 1302
493 918
2216 137
809 1357
1794 1449
766 178
2436 1379
1265 357
296 2023
1444 1192
299 1179
747 16
579 181
102 1596
2128 26
464 975
1785 442
2333 830
1993 2519
140 1601
1204 2508
2139 1949
534 165
2008 1203
2300 2136
516 717
2169 136
1410 1513
1813 1268
2354 1580
2461 2229
362 1126
1919 1378
67 385
399 1253
1277 1012
804 1884
2357 2342
672 2068
1874 143
1410 1266
1287 729
1110 2014
1970 1651
2571 1406
2251 205
1240 452
592 1688
2234 672
453 1142
1768 261
113 1106
1442 1129
2337 1814
225 149
1018 1702
1461 736
866 878
690 196
2495 651
1373 1066
2290 2115
2351 1658
1123 160
2400 633
37 237
638 748
1810 143
1890 43
2410 1749
1854 821
1709 2171
44 1640
829 298
877 294
230 39
2512 1723
68 319
1221 580
778 740
725 1459
2152 655
650 123
2553 2127
2417 755
993 457
1292 2147
851 459
2417 1303
228 1546
440 233
1994 2519
1891 2599
261 2289
594 1157
1497 2443
1146 1598
1887 1248
400 1775
310 556
2115 1245
1748 1929
1407 1068
1722 767
115 1769
895 1960
180 2363
1980 147
444 2172
281 1195
1936 1072
361 545
1762 23
5 2314
1410 640
1827 439
1912 817
312 173
170 1140
2076 1897
1179 1052
2488 2564
2011 1959
1083 1476
1907 2531
1950 664
779 1454
393 2181
2324 769
1796 1725
2052 1579
124 2534
1207 1902
948 1944
2152 952
905 2012
1814 866
146 2058
828 2531
2008 252
2395 366
2495 1031
302 421
1006 1144
1290 667
1056 1475
245 810
1330 256
2353 156
219 1623
2363 2494
371 2545
1022 370
2231 158
1536 2206
1538 1741
822 1282
1758 1051
782 1575
2180 684
1638 2100
1634 668
1553 2147
1627 1477
1324 1046
1011 423
456 1770
2565 1464
2234 315
2403 716
2005 2208
1594 2154
1541 293
577 2593
1504 1418
1214 30
1494 437
2336 2167
1361 1230
874 145
1974 289
885 331
1152 692
2507 458
1488 439
2167 206
2386 412
2580 1229
280 1685
1929 2039
1538 141
1153 349
440 2291
498 312
1217 1559
574 2255
1019 1325
2114 1280
647 282
686 1134
59 306
2221 1563
1676 797
2102 959
1613 125
1201 875
746 2482
1803 2028
585 2509
164 922
1980 1921
1725 854
1545 1887
2386 999
25 555
401 286
812 266
252 1486
852 2110
2033 1727
447 241
1621 1197
1646 2453
1092 1306
1072 2199
651 2356
2484 794
2343 1216
602 1155
416 2274
814 1957
1105 136
2390 261
2346 308
137 2530
1792 736
1510 277
1545 1674
1195 1357
1441 457
2520 2355
2171 2388
1093 2387
459 1034
553 980
1345 1999
1134 1449
1637 1146
468 559
1944 158
1591 1767
2306 2351
349 779
2423 784
2494 1007
2558 663
1524 1625
2567 2528
710 449
2586 1511
2302 939
83 1481
1499 160
1544 1410
729 475
2125 736
1006 1022
77 138
2128 1377
531 1084
678 2175
898 1801
553 565
2243 737
1063 631
337 580
860 870
289 21
1331 1370
2499 386
1675 2075
1642 862
2571 2050
111 501
644 555
707 2264
737 530
2516 1021
1034 1845
2171 455
1451 2120
1288 233
2172 1432
1327 79
727 712
276 1797
2313 2154
2588 2241
1259 139
1071 2430
2352 1567
765 1007
1245 384
2555 1205
104 59
2270 2582
820 754
519 1827
1327 478
1892 2161
2491 656
2597 2442
294 600
616 1233
938 462
716 1211
1374 201
2368 1253
1270 17
786 997
1921 2130
2257 1107
1337 1883
257 2092
2047 1571
650 1115
479 724
2219 1842
2463 1076
1075 610
160 502
2473 2549
1313 156
2455 2225
1825 2038
2528 1666
2430 727
1561 1505
187 424
114 289
1121 2220
946 208
1628 92
696 800
1984 2180
2421 1803
593 1870
1461 2300
2570 1199
1667 2255
1467 11
1517 2224
2302 33
1458 2323
1636 718
828 1774
2251 2493
643 599
491 193
1657 715
1130 175
2122 1351
2518 286
1188 795
2536 336
1519 108
2117 1964
2547 76
396 225
713 16
2273 2208
32 1715
1669 2395
1858 306
1339 1486
2033 1849
1295 520
2376 1671
376 1045
569 1478
1535 1729
2355 1952
2519 1901
186 853
783 1772
1478 1021
2142 505
1232 1007
2330 1336
2582 692
2490 2347
150 259
72 1935
2576 736
1694 2493
166 82
69 394
1210 485
134 661
2042 1442
41 1360
1099 322
2434 2249
1225 1737
876 2573
535 1946
435 561
765 501
328 2007
1212 1879
216 1529
434 1023
735 1268
1930 1691
2517 1770
672 2369
2374 321
2067 442
1932 1953
1274 534
1983 661
2372 1391
2329 618
2150 71
763 2032
2585 47
980 699
110 86
1061 730
2157 1351
2160 1114
1957 1108
1866 1437
1095 800
931 1948
1677 6
294 359
130 250
2062 302
1404 154
1124 1226
1744 465
862 2116
1923 1218
1759 323
2567 966
564 1872
2109 1166
1686 1766
995 2150
969 1562
2296 2468
916 1424
2182 1880
91 1955
1540 2014
292 1257
72 780
1269 1739
2326 1932
1254 825
930 636
940 1256
2087 1963
2487 2185
2279 2417
1608 1860
1051 1965
1144 1239
898 660
1915 191
1692 802
791 73
1251 2147
1067 901
1186 176
1683 988
1726 1258
676 851
2080 1842
2412 579
1623 1425
1641 2569
667 49
2574 363
343 1873
117 567
752 1427
1856 135
932 1236
2509 1690
2312 2249
997 988
1187 2336
413 1063
1561 302
1954 1998
181 226
227 32
71 153
179 834
558 925
2530 1573
732 2051
1179 1383
283 1752
481 2026
1888 462
1612 2229
1495 323
2246 959
689 158
2440 1545
503 526
491 1765
929 2545
717 329
2467 1490
1363 1812
2259 1034
474 316
769 2402
2001 1904
579 1272
1707 2275
31 1713
448 1824
700 46
1966 1539
165 188
1000 303
2283 1770
666 216
1153 1339
2346 32
1651 1812
2430 208
1360 2527
1091 1138
15 86
1810 1680
1118 2498
2197 1204
247 1164
2583 190
2545 1792
384 1442
1723 1866
949 2252
2392 1517
234 193
1394 2149
490 1321
1979 2346
2315 2299
1972 988
406 1753
1021 2434
304 1985
1965 406
1677 1337
1311 1044
1453 1258
758 1419
1473 1161
1608 560
1359 2305
1364 2547
2508 912
218 86
1414 940
937 2020
2124 1955
824 1468
1662 777
1984 2464
525 1887
1427 1955
2144 1805
677 1232
2158 738
474 912
1760 2413
833 2140
555 274
1959 1726
1159 657
349 945
34 826
2581 1564
2448 2389
2325 699
1357 2052
483 300
54 416
1685 1986
1402 2483
2253 2162
1342 426
2305 522
112 130
913 1689
1658 681
1968 1156
1912 2214
2439 1678
1242 439
1383 943
28 280
1242 1190
2264 1886
1791 4
1356 1035
11 658
1322 541
385 2300
1314 1423
1960 1982
1815 1956
2095 52
1347 263
1793 297
1144 2305
1121 1993
1993 695
788 1248
270 1549
577 877
1969 2267
1062 1461
2180 302
1061 870
1163 1734
564 433
607 899
672 2205
413 2273
604 1118
343 399
441 2268
2183 1185
136 2102
957 56
1436 2235
1154 1950
1153 1829
441 1194
2055 1104
748 318
609 2432
1066 1069
2475 592
818 2576
1969 709
1871 2247
279 1134
601 2062
722 639
498 1695
209 459
1423 1758
1779 2211
2483 2417
1477 1287
2267 2506
1789 2536
1583 1349
2523 1143
2044 1789
2233 374
240 1742
1430 952
2326 6
2226 2200
1392 1644
1704 377
1835 2233
1551 1328
2137 2252
773 1066
2065 2099
743 2569
2319 1242
1891 2064
1577 1249
896 1448
1756 186
510 98
1996 2568
1507 1848
989 1951
1270 2310
1898 41
1908 108
1555 2112
1415 584
705 1202
949 424
335 332
777 1865
2096 1102
2134 246
967 1779
2001 2599
677 1180
1274 1230
807 1599
1572 1046
1605 111
2296 1863
2455 2423
554 2058
1527 1221
2500 1591
2550 497
1237 1433
804 546
2050 472
2304 2448
428 2540
1249 522
2449 1819
1432 504
1729 2515
1519 695
474 1890
214 892
2040 588
255 1086
1445 2229
1463 1961
1669 2265
1883 1201
2358 948
2191 1978
327 1260
942 2149
390 865
509 24
352 264
907 324
2412 1578
779 1904
1730 34
2332 2100
839 1228
1072 1356
596 1234
2092 563
206 1492
2046 1796
2385 1271
2420 2027
2125 878
114 781
195 418
897 631
24 1815
584 1498
177 1079
1347 849
2378 1948
1102 1737
90 1167
2360 1427
329 1161
2465 351
2433 1355
625 1167
550 2211
2013 90
1847 1820
349 1516
1605 1329
172 1340
1118 1488
1247 1626
309 618
1197 1632
2053 1533
2337 463
1782 1004
502 2051
2382 1284
2176 1771
1039 309
235 1479
2277 2084
434 2463
581 1476
1243 1546
664 1063
471 931
522 2291
218 1843
405 1493
1992 2082
1164 1266
356 1581
410 2258
1503 1892
608 932
702 1905
697 640
108 722
259 1321
631 1450
1098 1542
785 1215
34 2098
296 1386
2486 696
2348 952
1692 1787
1161 525
2303 1132
317 1307
51 2035
2085 1312
2044 1891
683 1805
1272 1479
1962 2270
1658 1573
955 1851
2429 2508
1620 2064
1824 2085
434 218
2034 1103
2533 2435
299 1899
1471 7
1816 1124
394 1738
662 928
528 1524
1678 1109
1793 775
432 1336
104 2279
827 2552
1344 1032
2045 258
782 575
978 1678
239 2141
789 716
573 1685
1302 657
462 2452
1640 286
1148 1141
1111 2566
575 269
1271 2464
1716 1072
5 1388
1566 2143
789 2416
420 549
1229 1297
16 1487
1750 733
321 1788
2307 828
1772 1568
2388 716
995 2051
153 2120
1757 1124
612 257
654 2100
2046 61
1424 2571
358 37
418 2461
1480 2084
1050 1978
1008 1973
2245 1973
916 1083
428 1166
2060 1315
647 1048
1479 698
1094 334
390 1736
1782 1224
2135 2091
2529 2480
1023 1710
442 2431
898 1466
1817 1283
1686 1511
1335 2154
2173 1574
1664 579
614 1945
1422 1336
2448 2084
612 2531
361 1008
1137 797
1599 2581
2096 434
147 716
1173 2394
1990 2266
2048 30
1336 131
524 1106
2388 9
1870 804
1749 920
2449 1005
885 426
1065 2255
1705 1850
1329 1190
331 1311
836 1742
1558 590
2514 736
23 395
2206 832
136 894
1800 1218
1170 1024
1901 829
2032 793
762 691
2566 2243
41 10
2378 1336
2565 1523
2195 822
834 397
630 527
2418 566
333 264
1917 2418
1479 218
1526 1701
361 977
253 2216
736 1811
2307 1210
2136 79
1461 2283
297 2478
308 1087
2311 1204
1560 1160
902 1007
1268 2223
1599 2569
288 1133
2063 2599
1430 2407
2380 790
918 358
791 1366
346 258
2115 1859
3 2175
525 464
1546 538
726 2123
640 342
1723 49
646 2068
2313 1155
1684 975
1406 1584
1770 536
1265 2225
1273 2341
1732 2406
904 529
1583 902
2578 223
159 2123
2566 2070
2525 1385
1918 2047
1299 1120
814 176
913 2231
702 64
1606 1387
695 938
2123 199
1307 936
1993 2230
854 1498
1769 444
886 1596
1431 1929
905 2590
2203 1307
2577 2031
1301 1175
93 363
1617 2378
1063 859
1885 1129
605 2180
679 1398
942 679
847 1461
575 847
257 264
2446 2426
124 1473
1574 2461
96 1263
1761 1963
121 100
2033 825
1880 946
2262 252
220 444
856 2269
419 1964
1147 1513
220 273
1922 280
2367 2157
2480 582
1485 1077
1234 516
1914 824
2003 1919
2408 675
79 2199
405 260
2291 2250
1887 497
1846 1648
2579 1775
626 1922
1654 2317
1943 896
2100 2538
297 2413
1719 2350
1787 743
1746 1292
2108 917
731 1574
2580 2206
1206 1998
1586 448
1612 934
271 1371
1783 2256
1849 2489
709 2347
2241 1262
1991 224
2147 1715
1254 1698
167 1521
1052 1625
1975 487
1261 1470
325 684
1200 991
1880 1670
695 2046
648 1436
1420 437
2402 1252
515 2471
1 1195
1809 623
1063 10
2071 1347
1792 1293
951 2540
1421 1392
427 1525
1886 60
2331 802
1279 2505
1679 2370
2007 1210
2482 651
1099 2477
667 753
443 678
178 208
368 1434
2427 74
1883 1832
1484 2316
565 753
1125 2346
1487 1466
2399 1993
1609 1043
355 2407
215 1271
94 561
1558 783
1069 1892
1755 1238
2548 446
2574 1217
2549 1878
1118 1550
1675 1651
1341 2336
960 1944
1507 696
1670 1646
1535 2401
1631 547
46 125
2048 150
1377 2383
716 1272
1898 846
2404 2547
1905 748
541 1301
2335 1692
1280 1856
1825 559
2193 303
2576 1837
2556 1575
850 2068
1238 459
2119 195
1081 1317
1072 1178
1097 741
9 2278
2234 1751
2203 267
2551 391
1952 1092
2440 1799
2375 1850
1402 2407
420 1477
553 85
1525 2555
2457 788
2257 1336
2414 1372
1660 145
206 1856
1660 1067
1526 497
715 2483
491 82
1342 2581
2510 349
230 424
812 1330
38 2009
1700 2588
2163 1742
2573 589
1189 555
1428 886
1314 1912
1021 188
1437 1404
2273 764
1684 2217
1341 1047
1512 1963
125 2220
1019 2170
2438 887
1329 1958
2489 1263
1807 1572
222 907
1001 2004
1137 1079
901 2393
421 63
903 59
1607 721
855 1442
2236 159
27 2592
2272 2218
2561 1546
783 2538
156 988
178 1307
669 1513
1274 1011
215 949
1936 1778
1371 654
1589 1421
1080 2234
2192 2456
1999 751
2238 1002
2157 2152
424 353
1889 2052
1879 1781
2281 1794
1362 1397
1068 596
1626 670
2141 298
1582 1811
1592 2138
343 45
1821 2245
2543 1600
1939 2469
18 756
838 1482
561 2581
263 211
676 1877
1059 587
1865 218
2248 1305
269 2293
2097 723
608 2337
1775 928
1637 1704
2579 741
1332 536
1180 824
2539 1183
1192 295
494 1303
1831 2335
1581 2145
1673 938
6 107
2184 1913
54 935
1713 1755
489 788
1107 2288
1604 846
676 1357
2253 1897
1997 786
1311 2193
1386 988
1354 216
704 183
1144 1451
1275 32
2283 1218
1963 1121
2261 1274
2001 1963
299 511
1645 350
1413 2530
2090 61
1988 2385
811 114
1257 1952
966 1410
2361 1450
2340 1805
718 1720
2219 1384
2094 429
2525 1710
1615 455
1361 752
1731 281
1788 898
1230 1085
2312 137
1754 1621
2091 1860
1897 684
1140 2080
219 189
1395 2337
1322 766
2113 1924
1507 2313
2570 2059
2552 451
725 722
1276 2079
2077 2168
743 689
88 2207
303 1454
2161 2118
2246 2210
2550 496
416 701
2350 716
1646 204
483 2119
1772 95
860 1047
1376 1485
2172 2273
882 2309
1697 1307
496 836
1331 1767
57 656
2030 58
1857 2586
754 276
1110 524
716 1048
2468 193
1977 2144
78 2199
944 913
2347 921
1514 79
423 168
1803 1275
284 2401
162 1703
1788 249
1285 371
1947 62
1900 2215
1127 2406
963 226
1419 2265
1558 314
2570 1114
2062 981
802 583
2055 2382
117 2041
1862 2377
817 306
1405 1153
1963 2078
1162 664
463 1134
1946 359
1480 2272
2388 2372
761 2027
155 2234
1822 599
91 379
1406 2011
858 2041
795 1959
778 2297
2389 34
100 2551
2436 335
1736 1585
2174 2136
2455 668
2198 1211
851 1566
992 559
1012 1483
2317 618
2474 1476
304 1657
1351 2027
221 142
2381 180
1649 1892
1080 1387
698 418
1945 1971
2088 1500
2008 754
1089 870
799 348
462 2531
746 1241
1336 2407
355 38
1944 740
1049 919
120 2426
927 439
397 994
708 552
814 867
1109 1968
2338 1
1391 1043
1184 2094
2023 1022
2038 1059
1595 589
286 638
95 2114
375 2504
1018 1195
239 2247
1787 2083
1373 636
674 1485
1094 691
2384 2502
469 1694
1326 345
2026 1472
1863 2142
1008 2157
678 421
2132 480
2213 314
2314 92
977 56
939 2121
2450 2396
1276 645
2189 1617
2018 1495
1304 1370
1711 745
1200 1898
254 886
149 1119
742 344
386 283
594 596
730 1007
2213 823
1164 1631
2012 1853
272 521
1256 28
2051 1353
1435 204
346 2074
733 1532
712 1115
1797 2277
1393 1481
1661 1799
1061 2029
1926 1670
2310 1995
1598 1286
240 741
1370 2105
2141 843
615 586
2443 2588
2096 514
1175 1106
1375 1843
645 395
1416 2340
847 881
734 902
701 2266
1291 1185
482 2012
2508 1505
237 788
876 2417
2474 1895
1799 426
43 1435
1096 2568
1042 376
393 544
1765 841
1304 1275
2028 1912
2314 2005
2083 473
1571 1668
1472 1291
2099 883
1953 2013
2241 250
2340 54
1184 2568
1003 741
2092 493
879 859
181 1488
1392 1656
2436 2367
752 1828
1113 602
2253 20
1877 422
2493 2244
2458 2405
729 253
1661 1850
549 8
1848 810
2037 1006
1064 1748
619 692
297 1027
921 2247
610 1995
692 2133
1478 692
449 551
1210 110
1763 617
212 2178
682 1433
1555 1113
1697 1062
1401 781
2096 1854
992 1569
1791 370
1588 1707
154 663
782 1629
2119 425
1779 670
518 2057
2378 1020
687 1276
1342 2207
2572 348
1899 1521
1333 1301
1234 1226
757 1716
1300 639
1025 1327
1636 208
2046 89
1601 2239
1877 1660
2599 1355
2470 1084
1468 1357
1370 374
2034 2323
2269 2478
1028 33
1425 1242
2370 1000
2138 32
614 1321
1685 1735
2175 1141
1946 2442
2174 2124
1905 877
621 698
1926 2375
645 1725
1253 453
2127 1212
977 1453
362 2186
457 664
2214 365
322 30
1019 1800
99 2476
827 2531
77 1004
599 478
1970 306
232 1490
1047 103
603 1273
1001 771
640 2499
2244 1944
486 132
152 1785
2435 2042
1979 1442
1991 262
888 2080
707 713
63 1361
2045 1801
911 1645
477 408
1316 2252
1957 1452
691 444
2243 1839
300 2363
2105 713
2132 519
2163 1240
2334 560
811 605
793 590
696 1629
767 2356
715 608
1262 1728
243 373
1927 770
2113 574
1762 2450
2408 1015
1397 858
1619 831
404 910
664 1833
1180 1318
460 218
2210 259
1590 1197
848 1767
2102 526
919 1925
730 882
375 401
1558 872
2456 1613
1725 719
690 1179
1988 2174
363 2160
1157 2203
2506 2126
1690 890
1547 1780
1364 1607
1905 1996
643 199
572 2445
1707 2454
1850 1234
233 1102
1011 417
630 756
1458 665
2436 790
250 2074
162 1228
2584 110
665 1998
278 1380
1134 862
28 1021
2173 942
611 1007
2036 2556
494 923
2102 1384
500 1577
185 577
781 876
1531 1048
673 2350
852 704
2476 2291
982 600
880 2370
2069 1011
1841 1746
970 2248
2537 1465
1383 294
345 1500
2587 1677
318 313
2132 1668
1478 1944
1977 2457
2252 2172
413 660
2092 1833
2424 1793
62 1158
1456 2245
2396 1519
1741 1659
1092 1732
657 709
1896 2203
878 133
2017 366
234 89
72 96
876 976
225 1671
619 1971
2191 485
2079 1413
2562 1147
71 237
1528 178
2171 1431
2470 1451
1374 867
2391 2382
1928 1324
1838 1794
1728 519
1197 1547
60 771
1172 2548
471 2332
2567 1712
719 69
679 419
1142 271
139 598
1833 538
2207 1055
2561 1310
1710 468
1064 1314
1805 734
566 2077
1972 1066
174 86
2354 2585
990 1005
1508 523
280 1252
692 1835
1829 1381
2404 1506
143 1313
1812 2407
1928 2228
1152 349
1916 1494
2433 158
1545 1403
188 397
26 2300
1288 1951
2004 1940
334 1552
1884 1902
694 2540
2242 331
870 539
394 618
966 28
2569 1231
989 314
1602 1264
1656 387
92 995
1696 2107
1636 824
122 2471
289 2585
980 569
145 316
39 657
2524 2577
1724 367
126 471
2537 1957
2239 2309
240 2565
2069 1352
889 412
2232 559
1150 1530
1443 952
388 1336
1083 1923
1293 655
1976 2496
235 332
963 2219
2255 810
1749 205
141 1151
2453 2348
674 1321
2292 152
219 2045
1940 972
1247 2130
1663 1775
2477 1077
919 844
1588 2563
1559 355
556 1263
1230 1710
1989 2309
1161 1689
2377 453
222 291
2548 505
1571 1093
2042 2329
951 1259
1757 1645
1731 1947
598 792
33 1224
682 897
1395 525
6 1609
2206 1567
1049 2486
2169 2515
1140 723
71 396
1735 897
134 1943
2595 1452
1276 1966
1574 16
2363 2478
1940 1571
2400 693
2394 1932
961 1300
350 2265
309 2036
1275 2467
1133 2547
115 1657
2146 617
1473 1337
844 661
1262 1056
1299 913
1145 2208
324 553
861 1738
1750 922
1222 2369
713 768
1735 1014
871 1850
887 1242
2598 476
615 208
1084 2169
2560 783
2447 780
1727 566
1795 2271
1235 1306
1706 83
1438 2255
2363 184
160 1080
2438 2006
1524 94
1305 1168
1405 1751
2064 560
2057 2278
1103 500
270 2178
2155 1441
1231 1393
1024 2052
999 858
1345 636
466 382
1798 273
865 2130
1269 1563
2393 1025
451 1609
1675 1056
2145 848
641 406
300 380
1530 2587
2451 391
2160 1645
784 159
463 881
433 727
246 444
2231 1673
1335 2258
1457 480
1446 1671
1117 2163
1311 2186
1902 1171
193 1465
1875 967
957 602
457 2547
8 596
368 1887
673 1296
1683 1338
2053 2274
1387 498
798 842
842 763
1964 1915
1745 208
192 1504
1572 795
2470 587
1668 971
1263 1902
1889 240
2012 907
129 2079
2334 1465
936 347
917 2058
480 357
2026 1356
949 1799
1216 1447
1687 750
2318 2325
1585 1871
2273 612
1625 1369
134 1134
2553 1272
2570 1449
318 334
892 1299
2250 704
75 1686
2287 1372
2285 1421
451 401
315 90
2149 1582
1128 1584
1189 301
22 1616
1937 1194
694 411
1124 1349
1548 2037
1070 2126
496 1446
659 0
915 90
1597 1855
1194 832
267 302
1252 1815
1844 696
635 569
1511 514
267 682
1985 2354
2038 2235
1833 1290
229 340
263 238
1626 633
1429 400
60 1101
766 2547
559 2099
176 2134
497 2153
1581 1305
2520 323
982 1184
1023 1671
269 836
2366 1159
922 682
2578 1796
1839 307
1294 2045
249 889
119 1034
2084 2124
2074 2203
1761 8
1147 376
1310 1951
577 1935
2480 2257
651 2486
455 1945
2365 1556
1329 631
2457 2429
2242 699
2116 1988
821 1161
83 697
2139 2478
2205 2520
1550 1338
590 2577
1781 1305
2182 1453
2575 1918
456 1519
2188 351
2393 68
2592 325
1250 344
1225 1645
924 13
1970 1511
1900 1189
526 2231
547 2133
130 2292
727 2576
48 1945
712 1764
1029 419
1154 2305
1933 2298
2228 1379
76 2580
1925 2168
531 500
45 714
2554 399
2430 568
2138 1927
1357 2169
1779 739
486 581
1746 2502
169 2570
454 706
398 318
365 1005
722 230
2365 1388
1818 19
2139 1763
1457 1662
56 2017
562 106
1155 1367
2467 292
880 2546
2336 1309
1361 252
683 2087
2140 72
1477 416
556 131
891 2584
2256 1022
552 1279
1733 2462
1460 1696
1702 1794
1474 1382
26 1151
2183 784
2518 30
538 1817
1056 88
1233 2105
2175 2303
1070 2100
1243 607
2513 1101
449 978
2454 798
320 829
284 2354
1236 1252
2476 935
1272 17
379 381
2015 306
2148 2086
1975 1735
352 1870
395 1356
2217 1366
1235 1296
1256 584
59 2021
2199 2413
1356 836
2054 1522
433 1280
2156 1822
17 1851
1578 55
425 2163
1244 1152
570 710
551 1709
808 493
633 281
84 2048
963 269
242 2037
55 2228
0 2459
1376 2245
1011 2179
849 1767
1934 584
1390 251
275 1667
1642 804
2061 830
456 1908
576 2292
1609 2390
2029 6
1682 2444
718 1740
1691 2457
633 1256
2419 1576
510 1566
2567 106
238 497
1910 2118
1093 2067
776 1788
200 1858
1994 873
2484 25
829 1291
2079 180
2327 772
407 1811
1921 171
2236 2579
832 300
848 450
287 136
1140 1523
1555 2259
1078 2180
1175 1774
1972 881
884 878
1797 2231
493 1813
1108 2388
263 854
2409 68
1155 1951
387 1926
1426 1727
84 1421
914 262
101 372
644 1341
580 452
1455 1742
973 161
1939 490
2155 2488
1611 1183
695 1380
49 1306
81 568
2281 1031
1039 0
912 838
1062 1830
213 849
2538 301
1682 937
987 1449
1950 1527
1999 1574
1639 598
699 86
1698 133
1580 253
2572 575
1545 1589
1085 2175
291 2573
1135 2115
179 1450
1439 20
1623 557
567 2203
753 1260
1073 182
974 947
1451 875
610 1984
2562 660
679 574
703 1259
1466 1028
237 2345
2028 1643
1398 1003
1340 150
2167 1366
1007 2410
728 1604
1649 2028
2103 374
40 386
766 1468
2309 357
20 2552
879 809
369 1415
1912 1724
723 2006
2441 649
1743 1738
1318 2336
1722 2132
636 2351
1896 2290
578 1297
1120 2017
482 320
585 1168
1567 1227
353 561
1120 1149
560 1978
762 1797
1009 92
444 900
550 1131
170 782
1948 1419
744 271
2007 1277
2279 2156
1539 1908
650 689
472 2519
2546 327
668 2297
1407 122
988 2129
1389 336
1828 1813
1778 1986
296 1056
2462 630
2338 1766
134 1779
2083 2011
1465 1819
100 1950
471 1456
1971 2592
2080 152
2214 1485
357 131
677 460
232 525
671 2478
430 1921
663 2494
1690 652
1399 381
1967 1530
395 471
1973 2192
1253 2361
1201 2141
1214 1270
410 1278
357 620
1915 1033
1182 2255
2030 829
1034 2520
849 1171
2586 559
2426 1177
1842 922
1358 1303
2337 1001
770 1284
1684 587
975 1386
1713 241
824 1850
1599 1893
1227 878
1985 286
157 990
728 2497
2288 432
121 1595
1964 1508
749 1606
2323 16
367 873
1029 1085
1657 1638
1975 2294
1561 961
624 390
1077 1450
656 627
218 33
1468 656
214 1346
138 2234
1867 1439
1736 16
754 2364
1774 1277
396 2587
1291 1239
1087 849
873 1999
1903 2416
762 659
730 1494
533 1465
1621 953
1841 1882
959 2273
947 1800
2168 1506
314 778
1967 2293
1285 1787
119 1966
1339 726
1655 1741
857 669
1933 1247
1032 1293
190 2472
11 2534
1289 955
1077 1322
1719 1090
255 430
2292 719
1689 534
1538 315
1023 1950
2028 8
1976 1139
1353 105
1617 1181
1657 1606
2109 1447
945 966
2166 1936
1721 1892
724 2580
242 1651
1786 2264
1412 903
837 1656
2098 2573
347 1867
796 2184
2088 2334
741 1615
2356 2382
2309 863
1121 411
461 1219
1724 746
1852 2051
1241 670
1389 2051
1030 1669
2425 987
559 1610
2506 196
977 1871
2496 2468
370 2544
2399 1933
1038 616
2298 2370
1191 830
1616 131
1409 1661
200 780
1713 1605
347 533
226 1423
1542 1895
2549 695
381 2057
2024 1511
1441 2127
211 1163
544 404
61 1373
618 2191
477 1243
1115 743
1868 264
269 2334
1001 567
2265 1901
13 1947
101 2300
233 272
1306 1850
1562 2396
1177 236
1500 2550
1682 566
678 832
2568 1934
288 918
2488 798
1586 1857
826 2415
2083 1021
2077 763
738 843
1825 249
2367 1544
2498 1859
1619 2239
2211 1611
1596 2101
1275 1294
1851 155
873 1771
1488 149
1968 568
1685 145
1319 1988
1575 721
64 406
217 1453
1713 1218
155 2405
1755 2378
1510 2130
644 31
1046 393
198 1496
463 2067
1467 152
1628 2578
1629 418
719 1022
821 2423
990 2375
2253 73
2008 2522
2474 1638
1377 2208
190 2103
796 2350
1382 2221
1369 220
2374 1065
2522 299
182 2158
574 907
1264 125
1212 829
2320 2438
232 2106
1266 2044
417 1977
244 2421
1730 2094
588 1099
1780 1842
373 2591
2551 1615
1598 639
2412 1566
2122 1779
905 1787
332 857
1085 1769
2557 1232
2317 2397
1300 1388
1431 765
186 624
2181 2453
1381 2356
260 2102
2460 677
1140 625
12 990
1861 2309
950 1019
815 1492
1971 133
2229 308
426 2458
1037 550
249 37
904 1345
2528 404
1426 443
830 2205
1958 1840
2470 2036
2301 1295
2443 935
2007 694
685 1120
959 2022
698 2549
1866 345
2052 2194
2420 48
436 303
1104 1933
2004 306
377 1376
1520 1830
1625 1119
1159 613
519 2503
521 921
974 1099
2582 394
1907 1881
1680 557
2527 2175
431 951
1167 658
333 1833
1610 1413
781 855
332 897
1501 2401
1106 1327
1186 1364
108 1411
781 1252
1035 1245
1079 517
863 2359
1463 2557
2505 1231
1401 1666
2024 1404
1924 477
1086 1960
280 1142
648 1117
2250 1254
1648 1583
2284 1483
2 822
1085 864
317 2555
1710 41
17 1242
2377 670
1671 2487
274 1906
1950 1284
742 2277
1006 1703
2177 2551
372 2450
1634 1612
368 2077
1292 43
812 178
372 1460
1643 1757
2387 1130
116 1567
688 2528
69 2066
2197 2509
2074 1415
1712 438
479 285
1416 2472
2118 1714
1074 2138
227 409
2517 1719
2541 149
1071 937
2356 1289
2333 53
2461 2039
1429 1554
359 638
1790 793
1084 67
2211 2401
724 297
838 2007
639 2335
908 1022
1778 1318
2440 1744
718 824
2201 1558
724 765
1988 621
1732 473
1532 2468
1623 2453
100 882
1427 562
1195 1565
1767 1746
2395 428
57 2594
1790 718
1260 2164
1669 640
2187 1788
1566 1373
1655 652
948 525
2041 1756
2071 2316
1630 2337
602 989
152 883
639 1438
2082 2375
189 967
2267 1762
2077 1486
1207 175
2361 353
684 2353
402 1180
1109 350
846 379
1576 1854
661 1689
147 1534
1157 1106
846 821
1986 2411
561 2088
1134 236
325 37
2056 2506
935 48
1126 350
1695 144
1616 2504
262 558
2186 544
976 470
1703 1309
66 131
517 1323
645 1709
2530 1330
1543 1579
620 2562
1972 1290
314 213
13 1241
774 2165
2018 1364
2039 413
1856 1812
1937 974
291 1453
696 1386
1832 1743
719 673
2377 332
1325 1202
2555 2335
304 1655
2272 2066
2354 664
2006 2010
572 207
1411 30
1409 1683
928 716
954 1822
2217 991
1878 2564
55 221
903 1952
1145 2067
2508 498
900 2188
1503 886
2307 1659
1750 1983
771 1231
1440 602
99 1594
366 438
1428 1842
2277 2583
1371 471
1211 1371
1664 213
1955 205
1336 1255
1665 1528
2336 716
2305 996
191 800
374 1115
1474 1779
1960 214
97 1158
1822 1668
331 2400
539 1717
101 2270
637 2082
873 330
934 392
2489 950
2024 246
618 2343
1014 1795
1811 2426
813 300
107 730
65 152
2042 2372
640 469
2441 2463
1415 1037
2587 1079
2352 695
165 226
1544 941
1048 1489
1054 387
687 267
1858 1149
792 1251
1079 1634
2315 1184
1771 1823
245 25
484 1482
734 1549
750 886
1383 75
319 1913
640 1407
906 1491
360 1605
37 2174
1200 2034
1300 766
991 1823
612 616
125 1024
2512 79
583 2076
2525 1711
1496 583
2278 1282
2185 14
670 1661
1637 1701
651 1643
1345 2249
2017 2103
1061 162
2136 2336
295 2596
1550 842
2314 1561
1351 1766
1099 1758
1471 2019
1007 9
251 1181
2432 886
1790 765
74 1906
2019 1873
596 400
326 210
1890 1888
1766 774
1859 2218
2533 2459
2506 1833
1527 1105
1845 1646
1895 2241
953 2569
2375 1209
1774 607
436 1757
151 655
2413 30
2176 1374
1459 2062
1508 2252
137 1743
488 2368
1843 605
1101 89
925 2138
2523 1638
25 328
1904 2025
477 1451
432 517
1491 2261
322 887
2276 724
1124 1871
1648 1727
1742 909
1411 2298
393 84
2471 33
1782 2361
2262 1731
327 177
1182 31
1729 1770
739 1058
1144 2561
924 1834
908 1125
1450 2186
818 1995
1232 2523
230 1017
129 980
2032 2341
1359 634
435 400
771 867
1754 1539
1787 497
2254 530
1320 1707
487 1427
404 1643
835 1061
929 896
2521 835
954 1634
1297 1483
1688 603
1327 847
659 728
1956 2451
2276 1322
297 2193
2546 64
2391 1453
1530 2341
1380 312
1083 1755
864 535
764 824
1107 66
1754 179
816 1666
2111 1452
1069 330
1857 950
1777 1661
1702 1719
1549 1357
2010 2304
819 2186
2544 2443
1462 2442
2370 2306
2499 1742
802 1394
2308 2434
619 2312
2405 1972
641 1667
955 1700
1833 567
1688 959
1641 239
1559 577
1563 1237
2471 887
1691 1566
1693 946
1586 2410
1533 300
1442 1302
387 187
1751 1497
1346 1434
1445 2103
1037 2250
1703 1667
1390 1060
256 1242
182 1338
1007 883
1012 871
1948 29
625 409
874 2017
1330 205
2554 1906
1718 2347
572 230
329 73
1055 1695
2568 2010
2022 2525
864 924
2076 6
48 2310
1041 1363
1716 843
1020 1281
1911 137
863 1527
2190 110
1631 2554
312 1996
1745 868
2396 1582
2104 1629
2384 1392
2358 569
1078 1632
200 743
231 222
2579 338
683 1864
1350 1234
721 1408
176 1286
699 2507
667 637
273 1429
1954 706
2249 171
673 1528
487 64
16 727
50 636
1117 248
1563 1446
1610 690
1139 1709
2285 194
1801 2042
2129 1970
2129 1807
2012 800
1421 2235
865 602
1380 789
1252 1441
623 46
438 1786
2434 913
1486 2119
743 842
307 2166
2442 412
1540 1522
425 2406
810 1699
480 255
1388 971
502 540
1096 1404
549 2466
664 1868
2355 1516
1515 940
2437 1404
546 1706
326 1351
459 2107
693 1482
2075 2487
939 1100
250 1720
801 2389
2409 917
1047 645
1135 2175
1805 840
2306 1838
1881 259
1952 114
2 2119
2263 353
885 821
864 1789
783 1729
2494 431
102 2248
1698 1375
293 199
511 1707
1953 1055
2405 1943
262 1837
2237 1540
2031 2117
1929 1340
796 1875
571 338
634 2188
450 109
93 1331
2513 1258
338 1388
961 2575
1182 2422
2400 1871
466 1922
2123 1034
1818 2499
1611 2441
216 661
1632 1995
1306 2570
975 1888
408 443
2010 474
213 110
2038 153
2049 1484
268 1231
1650 467
92 104
1751 1868
595 783
2214 1907
1028 2242
994 2074
1587 756
1446 1223
1971 963
2333 891
883 1213
2032 1329
259 1226
495 1763
1278 2168
2094 430
412 2035
2316 155
2422 866
1198 34
1166 1492
2417 607
1837 445
1635 149
1113 1880
400 1225
1916 460
276 779
857 1268
1240 2169
2040 430
2068 1384
1729 1245
132 2281
106 2552
1942 448
2280 2484
821 1668
2404 1509
202 1277
660 1888
543 515
1520 399
2195 283
478 1463
1283 2434
1568 1417
1238 1633
1774 1007
1040 1810
144 227
1718 298
668 2039
1686 782
1867 1643
290 1728
1763 1258
1341 1101
123 901
922 2374
359 2085
1888 2018
978 403
2293 2028
786 231
1183 146
1251 577
545 790
714 856
1441 2277
253 2402
1499 1039
285 1226
1231 475
1286 1112
313 2277
845 1499
1070 226
983 2404
1646 2234
1932 1132
222 2424
2016 408
1918 1195
2421 733
1695 1908
1595 504
897 131
542 881
757 229
1160 641
720 2463
282 1164
2485 1245
1577 2082
55 1709
1201 1850
1826 2145
199 2452
1827 1565
1576 238
2129 970
2060 2536
1221 2329
382 2088
797 566
1056 1953
24 2378
1593 1506
573 1078
1174 1559
893 1270
897 808
1279 1635
1872 1231
426 1869
2516 1139
2164 177
1273 2091
374 913
414 716
1232 1726
454 2501
1053 1457
1810 1852
1167 950
499 564
1172 1055
2044 1976
1027 1048
50 176
507 1784
1487 399
945 1174
1234 483
588 1387
1707 626
1295 654
1344 567
423 2458
1739 1206
2572 1448
1891 707
819 1754
791 76
1536 378
1799 2499
1176 405
1294 71
1401 1167
1885 1260
136 2003
503 1606
935 1341
107 950
2520 1891
328 2508
182 361
661 808
427 1286
35 1564
94 704
1226 737
201 782
1429 1934
946 924
2515 2068
1765 455
228 1261
1002 1539
1136 924
2502 2034
2468 2176
570 221
2222 812
795 767
116 254
796 809
1654 2522
200 751
936 1441
843 1482
1014 1789
869 241
1691 860
2424 508
1387 600
321 442
98 555
2430 1642
2022 707
1148 2554
1889 2410
587 1267
6 1463
379 1396
1958 2361
2545 2426
2533 1681
1865 1474
291 2334
1059 1794
1378 656
2344 1636
2535 1440
1527 1312
1865 432
911 507
2320 1908
1114 1127
2527 1792
1954 1384
2472 1921
334 2592
1481 962
1526 1829
600 228
169 1764
1602 1895
1494 1008
303 2149
28 177
1520 2479
992 1303
523 1307
2482 149
2200 2513
2013 1879
637 1647
224 226
306 814
194 2576
2135 1005
1877 2415
1408 1389
208 1054
2474 1278
260 1632
1462 2421
62 440
1035 381
1237 624
497 1848
1869 1578
2027 693
68 1227
1025 1020
2271 420
1459 1763
1062 358
1112 689
2117 2569
1660 52
223 2007
1015 367
1926 430
2531 2305
776 319
1878 2408
1094 771
1003 2188
623 687
628 2285
986 1964
2521 904
651 1616
2264 2200
646 1502
53 1604
1233 728
1659 1449
1268 2214
944 1721
2458 2377
2158 2220
2328 2253
2268 1511
2583 814
2170 271
151 1472
1069 570
1472 525
2198 495
2081 710
2209 253
356 261
1869 1541
1127 341
1047 959
154 390
2342 947
224 476
1736 1199
2191 2138
1648 1233
2580 762
619 1714
311 720
2286 1588
2136 2313
47 1776
109 2326
2195 696
3 2155
1103 1366
1042 1103
300 2163
1592 1594
2082 2334
1703 1024
810 1643
2338 2489
952 1690
2154 993
1478 1613
1982 1372
595 647
2301 804
2499 214
160 508
1865 1266
939 354
615 469
2052 2059
173 371
1414 2493
2070 82
1528 1869
1839 234
1438 2514
2173 1353
1818 989
1894 683
1416 1580
993 930
1773 2490
20 1413
2366 2103
580 780
994 1694
1484 270
875 819
1323 2105
2178 2263
1852 2127
878 2339
2068 1721
1523 1081
2592 672
1346 2073
2057 2032
2225 689
1855 1968
2485 358
490 1143
2593 525
2360 105
1531 2186
1906 2121
79 1812
494 1339
1607 1074
1126 1685
1073 990
1827 121
1802 2044
642 830
1549 2323
2252 1854
2595 1710
9 906
1207 59
555 2070
470 1952
142 1886
2590 2110
1667 1974
83 1947
1328 466
2538 1917
1246 107
1141 1561
1202 1613
2539 1523
985 1161
1412 819
1606 1913
445 111
243 579
912 1737
2590 1405
1208 120
394 461
2196 825
1454 1240
520 42
2363 298
1537 465
1861 220
928 1673
1132 1514
2534 1818
597 1976
1054 1796
279 1820
2136 1000
974 657
35 721
461 694
1860 1261
1218 1794
2154 1741
983 968
830 1136
1917 2556
2129 2305
2091 2534
1851 1071
940 1464
523 1368
2493 728
1804 2481
1165 2189
2118 1437
1117 1536
2154 1503
30 1538
420 126
2348 222
1625 1130
219 920
262 404
752 1405
1168 2363
1236 244
1643 299
1955 1330
1773 164
2095 1099
1267 1354
2454 2570
2532 2040
720 2381
2334 2458
676 1733
1791 1259
2532 604
1496 2407
1843 100
1625 2370
1025 1418
2164 1744
196 829
1185 1955
1502 1277
685 719
1443 491
2188 1217
234 2521
889 2372
2382 403
2392 2103
2344 987
2219 2372
1957 670
566 2245
1242 2400
342 1176
563 2242
1325 711
684 2222
1876 1593
1181 2421
2390 1302
978 2095
229 2511
2407 1028
1663 2483
1893 795
1010 1514
2496 1826
939 1049
1896 1654
2059 2375
1551 1881
1677 352
2426 362
2332 1503
2372 448
1429 361
2298 403
1893 2117
971 357
2477 137
1776 1472
1645 933
1986 2463
1987 1128
1843 1263
1601 1206
195 390
1198 888
521 292
918 1630
138 2055
1022 1713
1004 425
2412 885
2573 2182
1249 572
2432 837
1444 119
1921 1552
2370 1082
1849 2234
1065 1583
2389 2332
2024 1322
52 561
911 1320
2556 1395
1753 1020
2303 230
1186 1400
388 88
409 972
1368 2514
515 249
1338 726
589 522
1823 279
1348 1342
1699 466
1576 1591
450 1328
389 87
2431 193
2103 744
1201 210
2100 2170
102 2263
412 1939
337 1247
2085 1618
1403 1677
773 278
659 2483
1011 2531
1654 1437
2403 2047
1488 2267
1356 1933
2524 2208
1949 1834
1156 1721
2438 1276
419 1104
2291 1446
445 870
1436 1747
279 533
2349 2363
174 2298
549 242
267 201
1711 1131
2062 222
1708 2297
1093 2427
2394 388
757 2532
303 1784
877 119
529 2084
517 2399
1834 850
1720 1686
1439 2210
2577 2035
2462 2267
665 312
2312 2256
1194 830
424 2028
1253 638
2159 1392
1214 701
1769 587
2139 380
495 613
1500 1352
2208 374
1091 777
387 1640
1931 1394
221 1032
360 2343
1973 1269
813 740
1324 2388
77 719
2179 656
594 2546
1484 819
1029 2181
2598 1243
1366 351
2086 1695
1629 1817
620 1674
2130 1626
201 2362
2402 439
105 392
1198 2246
821 2396
418 1667
2337 898
1368 1249
996 768
1785 1272
418 1796
1245 1584
577 660
1122 2152
920 1632
263 783
1 1089
360 2389
88 259
2320 2195
904 941
70 2519
869 715
1681 1058
2578 2277
2190 2469
2401 1030
1420 2129
988 203
1416 143
1525 2088
1700 2579
520 929
1475 1158
1739 439
375 1003
1579 216
1175 1487
807 1390
2306 1487
501 1067
751 1755
1961 2409
2090 1085
2101 444
1349 1351
2145 730
1432 2348
454 2453
533 2243
417 459
1270 1456
2537 983
1435 1886
2013 668
4 176
1260 1357
1305 1500
1927 2421
2403 1530
702 1312
922 2281
2342 2219
1012 1260
666 1596
2393 540
1504 1612
1123 1376
988 1552
2023 473
721 1702
919 2386
1585 182
1308 1018
1644 1607
959 1869
353 2026
1758 1194
750 590
2591 949
1901 258
868 488
1806 369
672 1364
1789 375
872 2263
246 1195
2239 615
2250 2403
1315 2398
2078 1738
955 1024
700 2044
1026 2576
1355 1463
966 1190
2419 132
2480 1112
1740 911
839 1368
2375 992
1017 779
1635 1943
2126 641
265 988
500 1959
2127 1653
2009 529
2566 942
2547 2234
1002 19
2094 412
296 681
1676 525
1277 558
103 772
1913 1369
2313 1124
1057 1693
1910 275
1502 1528
693 572
1759 50
61 898
744 2273
2526 11
1572 1167
2341 1486
1017 2289
1307 1217
2230 2147
421 1821
485 1010
32 1967
2456 15
563 972
483 2457
1829 1310
1974 2214
1897 1871
1510 408
1173 769
697 2463
2182 1669
934 1415
1892 284
226 755
1649 2507
1352 1829
632 1345
88 891
1553 2514
718 596
1897 1711
2168 2211
1593 2460
1578 1477
1989 1873
2238 1769
439 1654
40 2365
1361 1264
1854 941
1368 1147
2475 1858
1944 1587
1318 1260
837 989
225 1004
1611 2413
2070 1394
1362 18
1421 2041
215 1554
310 2142
709 243
1425 1433
1632 824
1808 1544
366 696
99 742
1768 1068
2491 2073
365 1389
891 154
1994 1201
1024 1638
1673 746
612 2444
2555 828
971 818
391 1173
925 661
506 1024
783 2576
2370 2559
2037 1817
675 724
1918 2143
1040 1601
1005 164
1044 1965
1231 2074
1046 1081
799 1538
415 30
1646 878
295 1410
652 1257
588 0
1986 1768
1044 191
2569 518
1033 727
1609 100
1233 758
788 37
241 879
1388 772
1949 221
1436 769
2116 2109
984 1961
2042 1912
670 1920
1048 1164
859 974
1031 1449
1536 536
1518 1484
1535 1960
970 105
557 1367
1299 364
2529 536
629 97
1871 1619
538 246
2347 1724
1468 1737
2269 444
1266 356
1088 1281
2379 2533
1678 745
258 1037
2518 2188
2060 1622
1101 619
799 1106
1058 15
2274 42
332 390
1798 1652
770 1910
997 938
1004 1561
80 1713
428 2203
668 1476
1236 2229
1870 772
1498 1546
1029 2571
2142 1574
1285 1109
1541 292
778 509
902 343
2010 931
386 94
1935 1902
2222 1754
2050 1278
2016 2428
2473 810
1831 1797
923 1429
616 1819
1917 791
35 2090
2067 1151
2345 596
604 2440
1331 2254
1995 1849
158 2080
760 683
285 1848
1739 781
492 1500
1863 1413
567 2488
109 1562
2309 2597
1273 179
1079 154
462 769
1371 903
502 2306
1100 84
2396 1773
86 2451
2093 2480
1000 1349
1962 2365
508 1381
2416 1061
921 627
710 2418
2288 1007
1715 1652
406 534
964 1413
2169 1219
1435 2236
2058 487
1385 1004
143 418
1219 373
546 2514
128 2563
2260 271
55 592
938 937
681 1267
2526 1067
2218 1749
2156 492
245 1639
1205 2035
1569 85
19 507
726 2580
921 163
2049 18
159 899
149 1052
323 1624
896 1716
1672 460
805 1358
2273 2303
125 1966
493 965
2594 1637
178 80
2481 1668
2077 1478
492 914
1969 420
803 2558
1813 192
8 2067
745 1413
270 1307
852 510
2058 2570
981 1702
249 1890
837 1971
834 1600
838 272
2280 2115
813 2434
2019 2403
1169 491
965 2024
1495 892
1528 654
1557 1521
1498 658
2571 543
1920 2544
2309 838
1515 758
1460 2128
397 2392
2275 2154
2120 2039
391 2370
2172 1504
1932 221
1599 2544
1767 1987
475 1491
1892 1174
1261 96
940 1856
1044 637
2272 1336
2237 1208
409 606
109 2429
1296 2004
2215 513
1148 1936
1284 422
2465 1429
708 1386
2278 1986
2104 2259
429 487
1780 2464
815 257
994 234
342 2273
1669 1315
1087 1237
2126 1978
930 2146
1247 1916
1382 920
2280 787
148 1672
438 2388
1456 562
1843 595
348 1264
2359 1833
1806 2462
971 1340
812 1753
1820 2041
1129 1894
2501 2550
498 1724
1215 1179
1795 2236
1806 986
1636 232
2242 1182
444 825
2161 618
555 784
2181 2261
2248 1590
1964 219
25 1807
608 1613
2452 2357
2451 1000
107 1525
116 1261
1556 995
2232 2145
586 79
1318 2424
1490 1152
302 1456
56 1491
680 791
1544 2365
1598 653
2358 1334
953 1223
684 1069
731 318
1316 594
840 1121
932 1724
2114 344
380 2184
2406 613
2265 706
466 44
341 936
1448 618
2087 581
92 1283
242 1900
52 1801
1038 1023
2270 1148
2265 401
2342 848
1695 1501
1171 1317
2015 853
1749 1619
1638 1662
919 2394
907 807
1959 380
1107 574
1686 995
87 893
2167 1651
1775 1780
2492 2206
1874 1293
1222 1654
1150 653
1615 902
2002 297
2445 132
1799 34
1551 1685
2047 75
175 1653
979 2412
1259 1381
2442 858
58 122
1351 166
351 1499
1591 383
1687 2296
1801 2514
1652 1580
385 936
2501 1302
2148 2178
2478 1274
925 1079
38 1833
887 2115
820 1963
680 233
11 1187
1234 1835
331 456
1513 39
328 1818
1175 908
1912 104
1193 2009
1491 1536
1872 2460
738 304
565 929
2035 1059
2492 906
1804 179
127 201
407 2525
774 422
1929 2388
2055 790
223 1247
1060 1959
1949 2035
1538 2461
2582 1721
317 44
2108 1465
1366 348
2471 1052
1662 1106
543 860
2209 2253
1774 2251
194 1761
715 102
608 1052
2049 966
1767 2111
316 2289
421 2583
150 1946
2247 1949
472 285
1068 1674
2372 665
1927 1744
1016 2441
2233 1840
1616 2584
537 1149
1133 772
2467 2481
248 1956
2432 1907
707 445
16 2036
745 379
2357 1978
1318 1125
1204 730
2009 1213
2287 2131
260 1068
1716 1543
132 755
1424 536
1640 1486
183 1654
2225 1701
2304 533
65 2248
749 1599
156 2298
1038 1403
1998 772
2596 2265
1462 2132
1744 279
1642 1555
593 1285
2483 364
538 219
1624 2591
376 2096
634 1292
478 754
2237 1529
1850 750
1211 2460
1491 1566
1298 102
1216 1753
1924 881
1064 1480
2034 2571
2062 482
551 1836
2325 907
721 2141
2278 856
21 1327
633 2354
1903 1759
2100 676
2146 2405
521 1707
1297 415
2450 1871
1315 513
2373 358
1982 785
2417 2157
657 2308
845 1699
1568 1270
1811 1589
670 1456
1760 874
1169 2059
1030 2234
320 59
820 847
2364 1027
2056 759
1524 1133
1829 463
2538 132
861 180
851 1421
890 2536
763 501
1010 1364
1238 343
367 809
89 980
947 2244
164 1367
1653 1587
256 1465
1136 2339
704 1371
1078 698
628 1547
151 1952
823 1165
701 2352
1381 135
158 554
890 2350
159 1930
1194 2121
1332 1990
275 215
1881 265
214 608
1378 362
899 1419
930 52
1939 388
87 2384
383 2430
850 1585
1125 1931
1450 1377
712 305
1720 882
1900 2002
285 1672
1181 2013
1477 2362
1469 11
658 173
67 2300
2267 660
425 1775
884 1062
1941 303
1009 597
1632 1139
1811 1897
2255 758
2490 1480
1024 1727
1883 2530
1594 245
30 1042
281 1447
140 998
274 789
2325 733
2532 1381
2424 2556
2325 1269
2244 853
1672 370
229 1267
2445 2510
512 2315
170 333
519 1876
2017 1908
635 1631
1084 1868
835 1198
1456 2349
2389 1107
1158 919
2416 1327
1679 2000
377 186
1317 1967
2420 858
2400 997
1215 603
1535 1598
1833 1782
1168 1543
1226 1620
142 883
547 265
1095 747
841 2235
539 2087
2199 2042
2559 2282
1752 1358
981 772
1421 526
255 1686
1581 2414
2153 1956
2495 2500
2164 1666
2245 2083
1570 1778
927 831
2289 2219
991 2085
687 531
1187 1930
407 1308
2593 753
2011 426
1723 816
60 1719
1604 2312
153 304
2047 120
610 1136
720 483
90 1499
826 217
502 2079
1777 1713
688 853
168 99
725 1349
14 875
1982 1567
41 2021
1598 1520
2259 1930
1193 492
329 1927
788 1815
1346 1536
12 2408
2428 1681
380 166
449 1083
1557 941
340 970
1424 358
1135 2495
1214 2478
1199 106
1644 2070
1457 315
1943 2314
294 500
2284 1255
202 848
1246 878
2435 848
892 1319
2166 1362
392 75
1373 322
341 929
305 1941
959 2139
638 1566
1220 311
1305 2273
403 1377
2120 1313
92 1557
1181 2562
1120 715
482 322
753 10
2114 1949
1470 1683
1875 1581
936 796
161 1661
338 688
2453 1532
1480 1724
1622 252
1335 1742
2437 2292
1101 783
2256 21
2542 1972
1344 11
582 999
1721 1374
210 2457
150 2378
272 1709
957 2510
2059 1166
2379 1105
1162 2339
1331 797
1701 1142
458 668
867 2042
1366 2085
2165 403
1463 1437
558 1041
1179 628
592 469
1551 2415
22 623
333 2306
2547 756
447 1998
279 1586
381 2470
404 1529
1842 1707
1620 1818
896 2159
1737 1554
42 2512
1068 116
1122 1169
1415 299
2431 1155
1854 2257
2440 1764
1266 2522
1821 916
2349 61
2051 1266
2509 1206
764 1
622 1680
1810 2392
605 987
2375 1828
1321 1197
1817 1993
1256 222
139 829
736 1085
2548 40
689 1968
2155 272
1837 456
1495 15
446 857
571 1444
626 2393
622 729
1097 1790
2199 1659
550 2386
7 71
1033 502
2262 2058
465 1831
740 1979
1924 596
414 1153
1005 62
1168 728
1058 2384
1968 2579
982 819
1887 2289
1491 16
983 1557
1907 577
1671 358
1418 41
411 140
1983 2545
2391 615
2101 1450
579 1553
745 63
2351 803
515 1763
1547 160
856 41
315 1877
631 1110
253 2220
29 1011
1476 436
2399 721
518 1093
2523 1847
427 22
2590 682
103 1210
2228 1281
1556 1605
345 1564
401 2240
1246 1538
15 1271
484 1008
541 34
2137 2302
1199 309
273 2225
692 2036
2341 1983
923 2254
236 1104
1963 2135
2271 2215
1455 2081
186 1493
2220 1494
1958 1948
1639 1809
31 448
1489 1525
1939 1208
39 1829
45 1210
174 2198
244 2460
1203 2512
2428 863
2183 1835
1516 2097
2359 2370
2192 2045
1828 1688
1934 832
68 582
289 330
2544 295
1898 1743
1080 326
1309 2265
478 1087
1852 816
563 799
882 2179
401 1697
1930 94
935 1034
1438 1517
2481 2565
445 1521
1872 1246
14 1058
846 2244
1075 1102
2439 576
113 1409
1847 3
302 1234
1099 1060
932 2238
756 2410
460 843
569 1616
681 1157
1645 601
145 496
1255 1701
1404 221
1354 535
2215 495
611 1145
2362 1588
1301 108
20 440
1813 383
1218 787
2218 849
46 1783
120 48
1995 1350
787 896
1120 851
751 1001
1469 402
1205 1018
903 598
655 1443
2239 1520
1595 1509
689 2042
1667 1724
1052 37
856 836
790 620
681 1548
724 994
1738 135
879 53
46 1739
2012 1017
1998 2084
893 2483
763 1364
1709 1671
587 1273
2072 1770
422 1278
2447 2246
375 2298
832 2249
332 1453
817 2541
1113 2514
1556 1737
801 659
2132 2221
1656 838
2421 1556
870 1616
1449 951
1820 1928
688 2340
2348 614
857 1505
2526 649
1974 432
1903 2503
711 1352
383 319
2502 1105
1433 1109
1063 2418
873 2292
2146 2046
208 2104
73 1667
1050 927
325 1555
1632 35
1195 300
106 1906
814 1004
257 1258
2097 1053
2075 1214
1864 1149
482 647
1593 2404
858 1492
2279 334
1543 2161
1607 1156
843 77
1418 262
761 653
2583 2398
1388 1799
4 696
2098 502
739 2167
2230 385
1125 1758
1832 1814
829 1852
469 1984
1102 1822
91 2142
2223 809
686 1435
334 188
1424 1182
290 440
1911 2314
2121 1400
1357 362
1930 2390
2175 1074
2379 2327
1380 2289
2005 2514
1637 33
1163 1600
2022 1651
277 2448
1831 890
1239 1194
1287 1026
2366 1892
373 2578
1046 105
1981 604
1542 1203
2106 2114
492 2530
1706 2064
2241 430
1891 1303
131 1523
156 1211
2020 274
339 469
2487 241
196 500
920 2186
1487 85
2528 2334
2107 997
1730 336
979 757
1791 1159
1908 2231
579 1205
1417 820
2212 375
1051 574
1304 1970
85 1007
403 341
895 2269
1470 1016
66 1956
1033 124
392 1170
1327 2461
1699 391
907 279
430 223
714 2435
2170 910
1453 359
460 1445
1021 2363
1272 1024
1699 1054
281 2551
2040 738
2131 1615
2384 1373
530 1389
1136 526
891 734
1776 1639
1434 1268
2339 2551
440 1263
1434 587
923 1843
493 2384
1731 2318
1223 2232
1773 1996
2254 2361
1931 375
794 1225
1970 1604
678 76
1855 1523
1303 716
1172 27
2039 280
916 305
387 2256
314 1798
101 361
1217 1836
567 2033
2035 521
1013 155
1152 2323
1097 2524
6 627
1613 1223
985 590
1797 1041
488 966
1385 1167
244 2571
307 2486
1485 813
1466 639
1731 429
2142 1032
1914 459
155 41
864 1776
908 1689
1648 631
2466 2472
2154 1804
63 313
2068 102
342 229
964 1017
1999 2342
2206 620
2207 1699
1982 2342
210 2042
110 436
2110 1754
1661 1613
1348 697
2202 2233
2535 2546
1532 2008
1919 646
274 382
834 2564
1235 478
190 290
1678 1118
371 619
2045 1304
1814 1685
1041 428
378 2303
2449 2573
890 1302
1938 371
2151 863
1041 643
1391 1533
2572 2149
1681 178
523 996
1728 1632
247 783
1413 1405
1472 661
1683 739
74 161
2016 292
1838 1981
517 1005
1735 772
984 2291
406 1289
350 275
409 438
2527 2331
126 1133
2410 2536
162 946
1094 1504
1850 786
768 181
725 365
2208 1347
1845 867
1741 1907
1565 2431
629 1654
48 1360
850 941
653 2206
398 647
1943 646
514 1218
1763 1642
2205 2025
2307 1389
1181 1851
802 73
1174 2285
2201 423
701 2505
598 1135
1529 2499
338 2248
2395 443
130 1023
1734 1370
916 1511
372 1634
2445 2411
402 2109
2356 165
1111 1539
1306 2262
241 211
2456 2053
892 1302
275 1565
1496 62
1895 1250
1016 267
1984 51
2184 1910
473 459
2001 2481
2556 1438
980 304
1659 1377
687 1521
2453 472
98 842
1959 1486
140 2328
2194 2007
433 747
1250 1
1130 2514
1940 1285
1720 2083
1537 1227
2580 1692
1221 390
2422 2136
2158 393
1473 520
293 1232
1082 1536
658 1909
1180 641
1336 1331
1896 1899
2345 190
2345 1830
2351 1775
875 573
553 573
79 779
1967 1644
2443 1815
624 1553
704 588
1292 2576
1423 1174
2415 15
1098 981
2245 1202
2415 2144
2321 558
855 1109
1816 779
2205 508
1369 450
2176 1784
1254 1088
1919 546
1353 1414
1745 1230
344 2501
527 461
841 1937
1661 1473
833 664
2350 167
1194 708
365 445
1717 193
310 2101
1616 1080
1322 471
2486 2184
1942 1384
1996 1068
780 172
432 1350
336 1294
261 78
1938 345
1898 829
2295 1262
1296 1353
1167 609
1320 84
1057 221
1534 2388
312 2248
2390 1036
2422 1901
2463 1786
536 2265
1884 74
1578 2156
818 2419
1321 1276
1326 31
168 918
65 589
754 1144
2405 247
79 328
1948 1305
343 2215
1734 525
1389 1104
2029 691
1040 1051
1626 1654
1762 1855
1060 1734
604 120
795 1231
1673 238
2088 1545
1615 1068
2079 1083
2452 2234
1965 1882
944 1756
892 598
658 649
2497 1052
1708 1734
348 728
1581 2325
354 2113
1493 587
1956 669
1819 2275
1377 1975
868 1370
1492 580
1349 557
520 1180
1552 1438
567 247
2248 50
587 23
390 748
1925 84
193 318
1467 740
883 571
2379 1234
1733 1923
434 368
356 2051
104 300
871 198
2224 453
114 392
379 1617
839 2561
2531 385
910 2589
429 243
171 2377
2095 1855
282 13
1622 690
2223 1237
201 647
2335 147
290 1942
1176 255
2095 1395
2030 2413
2141 9
81 2212
2310 2128
530 1548
1362 1008
1503 2029
330 1940
1842 2027
1133 588
637 2050
2541 2050
2084 67
80 2352
642 413
267 1162
1619 2592
1523 1940
307 252
2482 2134
489 882
489 813
2441 2137
1920 525
268 2155
798 196
1461 985
1042 1749
1258 466
900 1599
2365 308
2465 2237
344 1676
545 2233
1945 145
1710 2516
57 718
1895 1909
1448 2493
2384 1222
2316 1606
584 1576
1257 1616
1994 784
1132 937
1804 2324
1272 730
2386 1026
1656 316
2247 1167
1244 1426
2410 519
370 2201
981 2484
990 2012
2584 35
996 2431
2109 2369
1050 72
1820 1232
367 1070
2244 1016
1152 2002
831 225
2161 2130
2326 2378
956 1521
2538 461
2423 320
2330 1502
87 700
760 769
128 1121
1167 2323
2087 389
2285 2244
1371 1126
1034 2209
340 1104
603 1237
1249 1739
805 88
1995 179
690 2271
157 2139
417 1196
1975 29
1703 497
341 2038
1584 104
1339 1462
466 563
1746 938
1130 2436
643 1147
220 2190
1077 2096
1232 360
1459 1439
1259 317
1583 1378
1534 2179
568 2158
2358 2216
2125 76
2347 155
2354 160
27 347
446 249
1717 1357
1856 865
2372 1623
871 223
413 170
2097 1898
272 422
2167 1238
2317 557
1382 1220
2330 1627
258 1699
1803 67
2030 435
249 1903
509 891
2034 1334
1585 2304
80 1878
1282 292
41 1398
557 1264
329 934
78 399
1564 397
943 2142
1805 2223
76 82
1402 2551
2201 1162
866 1093
920 717
2555 393
1689 2408
1021 557
339 1344
977 2286
2123 1133
732 1830
441 2135
2511 2304
1309 571
907 1535
217 462
1053 173
589 1457
465 601
286 1820
1343 1555
599 1739
710 2107
1431 685
1293 1882
2588 2430
1913 2418
120 514
2201 16
2565 156
1932 1241
828 197
1659 1934
862 1935
194 1372
1015 1424
789 460
691 977
252 1041
972 2077
777 2283
354 1375
703 1963
1708 883
1169 963
411 2241
733 2067
854 804
82 2129
1464 2059
2216 983
187 810
1372 2307
1957 1469
468 2561
1610 903
560 2372
1792 132
2398 190
758 1544
40 120
2175 509
2381 758
524 608
1250 1357
2427 2462
2502 1715
452 236
1306 682
1874 929
753 2014
1262 698
2328 1683
197 2151
2230 1549
1363 2219
131 1082
2151 1640
1917 2524
535 2245
729 1469
747 2154
1910 1899
1502 1688
711 1452
2456 854
2255 676
1303 1706
2180 606
1727 145
1772 1858
209 249
927 1635
1255 2563
347 606
1146 2451
765 599
606 2177
596 695
2457 1644
1853 2127
2500 1610
1385 747
1088 2096
431 2506
1653 2492
1419 564
370 1269
354 592
1314 2455
1876 1107
2289 956
1334 1052
1647 1598
1656 2475
428 844
774 444
926 2016
62 2448
388 272
2209 1070
2144 1884
1375 655
2274 896
308 662
1360 309
1504 1054
2310 882
2063 364
2534 2059
2226 1463
2380 2236
365 1024
2501 2517
1516 1059
2512 115
164 1807
2177 278
3 34
1823 433
941 946
1743 2134
853 1646
223 2159
450 1280
50 1076
883 2076
695 2452
1365 158
2209 391
1883 396
1257 2309
2519 560
2296 360
1305 2419
790 1901
2090 11
1215 2150
1836 2291
1920 1004
1904 1140
680 549
2210 270
1807 2178
2047 1458
1012 2244
75 202
1725 731
1960 1722
723 580
2089 560
1740 1075
1978 1218
1293 296
1105 1827
64 2008
33 2527
2264 691
2398 1193
1036 1442
2511 1484
1482 1308
2065 137
2341 2564
1031 409
671 1473
2099 2068
232 1309
81 1767
2408 829
2120 0
252 952
2323 904
1639 609
1665 486
699 2352
2257 1191
42 427
28 158
17 1831
492 233
2241 1506
2415 2406
2416 1354
1874 1614
562 1047
2225 971
685 1987
370 625
1983 187
2092 965
2050 1220
203 2409
840 558
918 209
984 109
784 1349
383 1577
308 2224
402 450
826 851
1943 1363
901 745
2453 780
1683 2500
1034 2267
1961 697
1670 2565
591 1452
2031 912
2447 1030
364 100
2473 1239
2240 2274
1203 2422
564 183
769 1120
171 2267
995 1860
606 1765
542 1428
2343 442
2215 2273
1434 932
321 796
1579 435
1618 2468
2451 707
1343 2170
345 512
490 1618
2472 2482
2059 862
928 302
33 2406
2099 1706
1042 1127
231 1205
1345 1230
1357 1494
1554 146
2160 773
2011 771
976 329
2014 187
1621 2549
51 660
1106 971
1103 2335
191 996
181 2563
1603 2047
86 715
1770 446
1381 1955
979 2206
2497 1909
1394 1167
2293 117
1812 694
1400 970
1777 181
1467 1717
2135 2011
918 45
2373 541
173 1001
1243 321
680 674
207 1912
2134 2552
1447 2124
1110 1827
636 2151
473 1245
437 244
212 2342
1788 309
548 1400
929 109
384 1873
2268 365
1668 1910
825 1801
1401 2234
842 996
964 1499
2490 217
803 2515
2205 2472
2065 652
1367 607
1277 2531
833 1495
1224 221
2179 2102
570 1087
238 2431
430 512
825 1026
1454 1052
2535 2373
2386 1233
1224 2405
1393 243
236 1846
1086 1719
1780 1582
1185 2476
642 1481
1876 1720
500 342
554 160
1312 657
688 1681
2216 436
544 1224
2256 1841
1968 2469
369 1568
1352 1366
2540 1870
1383 1775
1081 1861
1493 2403
1563 594
1511 669
787 2560
877 1455
1756 2250
1492 2298
1659 1534
1499 692
37 2408
947 72
1763 1085
915 1334
1921 1747
1906 2035
1335 2595
1433 2509
837 1222
1780 1827
1248 1286
1521 1971
767 678
1525 2531
205 1108
769 1495
1570 2321
946 1079
1539 1872
328 963
49 850
756 1644
1824 956
995 1849
2591 329
2446 633
1373 2341
1561 2596
719 595
335 987
198 1160
2130 498
599 1346
399 346
2424 190
2044 2064
904 696
324 602
318 1613
507 1673
1559 804
557 1608
2411 1134
513 155
1493 2425
2336 2497
2352 1839
2532 1390
306 176
827 1502
309 608
2464 2570
211 1752
2557 1668
277 176
1590 1169
1766 2401
1489 286
2217 1492
1449 790
69 373
1866 1256
585 2374
807 1581
509 1793
348 1137
544 1915
500 224
727 1422
1938 491
324 1258
1354 1680
86 2425
1166 2135
1191 2166
1771 757
2512 2590
2407 2262
2519 1883
2021 2378
1248 2509
173 1987
351 2450
2367 773
1127 2002
656 708
97 700
940 1299
2172 2302
481 1523
910 1513
2353 95
2452 2263
2499 1907
644 1508
1389 668
221 2408
209 687
1916 1400
1830 781
2594 767
1529 951
1876 1596
596 2061
2227 2087
1752 2075
552 1437
252 1274
581 2188
2289 2169
2595 1161
2598 786
2397 1364
1013 2474
933 1479
1116 550
2546 254
1057 619
1764 757
382 2492
890 1765
262 2184
1796 2271
1866 1051
951 816
21 1480
758 1450
810 2067
2585 2441
2302 882
299 116
2223 2319
1263 2269
1747 2581
93 1329
1091 1325
256 213
1868 92
2511 1584
5 2303
997 262
841 2562
2322 2413
648 512
1127 1532
2381 2139
624 123
2524 2552
1286 2147
2524 1002
53 448
1193 1522
1885 2538
344 970
1819 820
1573 1482
2260 2198
1129 2074
1051 1593
2263 525
156 957
1178 151
1128 246
2287 1842
613 526
2294 723
1066 1708
1298 1436
1483 791
2295 981
133 1427
1247 1087
1075 1788
321 533
749 1835
962 73
2551 1335
2145 2476
970 51
1316 309
514 2083
931 330
331 2436
985 866
943 887
432 1953
2027 2084
983 517
1060 604
1360 475
155 10
316 385
1334 311
1298 1164
459 2327
1332 103
685 2302
1386 2488
1846 2281
1630 990
2179 1304
436 1353
469 836
1072 2369
709 883
376 1579
556 2408
1965 1554
503 2410
673 594
2349 659
524 728
386 2199
639 761
1204 169
748 538
2492 1763
2464 2049
655 752
1146 232
2232 2037
512 2219
2582 130
2271 1867
64 1866
195 2426
1652 2060
1213 1008
1226 73
2539 1549
1517 234
1825 1356
1901 1595
1132 1808
10 2213
1118 2033
1565 2199
1935 1440
1814 1865
1567 2172
2088 2140
2554 2029
146 91
467 1711
516 979
2437 2236
735 1433
660 1912
731 8
763 2228
442 852
50 1196
590 1794
1548 1584
1628 593
424 1792
1330 2439
1888 1597
2235 656
627 925
632 1383
1071 1032
2545 2098
795 2292
203 1784
372 712
2552 127
1734 911
2277 1901
739 1265
2574 828
2438 407
1432 2342
1531 2445
973 1810
2494 2577
150 278
151 1167
1379 757
755 1819
1426 546
958 305
1098 598
1562 1480
2595 306
1546 1954
1527 2179
1449 1589
2140 813
625 1751
16 1007
2247 1715
2107 290
1189 1251
801 250
123 1878
1813 1464
213 1699
2221 1013
1388 1476
2244 1828
378 666
409 1851
1228 1460
2434 524
1048 318
1501 353
1350 1083
1173 2043
2054 734
1155 2433
1068 1466
385 817
2227 2233
1026 1054
2500 2027
1274 626
1341 720
1391 912
45 6
702 2316
1752 524
938 1301
863 1193
1505 1343
87 517
1864 1253
1442 528
1761 140
2449 1774
860 1107
1287 492
1652 975
2545 688
1734 1107
2259 1053
601 1801
1858 1229
1678 1819
1248 2562
2531 710
1130 2196
637 755
2542 1104
1202 26
2581 625
278 416
1779 1315
717 1861
1301 117
1848 555
824 511
1768 2346
1271 533
437 2577
1840 1345
578 1212
2498 2598
1154 2019
2249 2045
1206 2026
866 691
1286 230
780 363
2593 1382
1600 528
2392 1045
793 2590
120 215
1176 2392
513 1845
1864 1992
1104 791
736 970
1837 181
2468 1110
485 1874
2467 2224
347 1439
529 305
2074 1729
780 1308
727 478
2506 807
506 2565
2560 695
2148 2428
2032 384
1773 1973
1174 1370
2144 1122
1723 897
2300 2262
1778 1749
2286 630
1571 1375
1470 1523
1192 792
2383 90
1928 340
900 920
1171 4
1046 245
1847 776
286 2019
1296 130
333 50
1228 1276
1739 959
1117 618
570 1395
1283 241
142 1344
1961 2083
2231 571
1765 1066
617 274
1836 2528
1008 2068
2462 1123
1571 1449
2489 152
382 1481
1498 2187
1177 1295
2374 213
1622 2312
1885 1360
1400 2352
1604 1315
2355 1363
823 629
706 2554
1728 2239
641 2529
1320 1994
2208 2587
879 1248
2014 2066
259 478
1055 161
2308 2143
2152 1282
1227 67
1935 1007
1002 2497
2451 1126
1941 2028
1463 1078
1164 1282
1702 657
1868 1222
2593 63
1893 1166
1483 2420
1761 1828
1502 48
1823 1813
1024 1007
1208 1813
803 2157
650 842
968 824
369 1139
44 235
1494 337
1143 538
1755 2126
2086 1154
876 1143
738 835
414 2304
136 1598
856 1899
1303 1633
2050 1727
2564 357
767 1291
56 191
2105 273
775 2039
258 220
66 2091
584 234
706 2110
2078 1879
1514 222
1638 2436
758 1171
1015 986
70 748
1043 1153
1738 534
362 2187
778 563
1367 570
1978 941
1151 1083
556 2206
568 1679
250 511
2592 1370
1781 694
575 1064
1477 84
241 227
1643 2511
2130 250
326 2345
1282 1830
936 2080
800 1018
223 1985
2439 762
733 1158
1206 381
323 455
835 1242
415 48
259 358
649 1979
1190 2264
30 2199
1279 1537
742 340
443 2049
976 132
962 2249
2516 788
2292 1862
2009 908
1834 751
839 1780
1989 2218
1714 951
691 1063
1822 1384
157 2524
2299 799
143 1452
2294 2175
1115 1811
1533 1118
1039 686
108 255
2161 2523
1490 999
1445 1164
1159 1080
2581 2501
2514 2018
548 1876
609 1551
2242 2182
809 2441
566 890
177 784
545 181
301 2550
735 1969
1315 1808
313 2113
1481 833
2319 593
889 2403
2149 2281
741 2568
2298 1530
166 45
2010 2051
2464 740
21 626
552 1619
1842 209
385 2301
1406 613
1313 1360
282 294
2559 2461
872 955
2559 654
2066 1695
97 1289
2353 1570
1036 677
2504 2250
184 58
2210 2110
1251 1570
1514 2264
1333 1374
1719 1092
1376 84
1405 2063
1796 2519
1347 2315
1187 2332
1080 593
1680 1928
1437 70
1096 320
330 2242
1074 580
934 742
2418 1741
721 2258
801 1552
2387 1542
738 2315
943 2245
2482 1618
1193 450
180 1044
2301 2378
1680 710
408 1646
1783 281
2369 1646
2199 893
2086 566
2197 1812
1114 1112
1856 1733
2493 1501
1237 1371
1541 1204
1913 1363
2346 2462
575 619
47 2005
1569 523
2293 1944
1112 2069
808 2020
2431 1831
2420 2545
485 1115
2168 1634
1998 2092
364 456
2425 1660
2119 97
1058 73
882 1028
17 388
2546 2488
737 93
690 1267
272 195
301 1391
1617 749
2025 2414
1475 2265
1886 1833
327 1005
772 289
1256 2008
613 976
1067 17
307 725
2461 742
327 182
52 1464
13 1325
1340 1736
203 1313
748 553
1431 96
1286 2065
175 1410
797 2417
1026 1000
560 2175
169 479
1269 86
24 2588
609 1256
1114 344
1914 1299
2558 1223
2553 1713
166 301
1337 559
1212 805
514 2433
497 1944
554 2185
2130 2435
1562 966
1078 2357
2188 204
2568 1871
2394 994
2362 1679
1700 832
1466 264
2192 2016
2460 369
1853 871
15 217
335 2061
1219 631
2298 2467
1704 1881
2133 2402
1295 341
1342 773
601 1186
537 2193
2486 1048
2146 2453
2108 1572
884 360
934 907
1744 1230
1238 2041
273 507
1376 356
187 626
15 1144
1207 2221
254 928
1532 1490
2322 2523
1568 1426
452 676
344 1513
561 1260
2360 2552
2128 217
786 96
1307 1037
1949 48
1908 1775
213 356
2487 1199
2518 1103
1143 1258
896 2257
337 963
1523 1211
2159 1510
2036 1205
1828 423
558 651
1594 1882
1202 2391
2048 2405
238 2369
430 1461
1846 1024
1547 1735
1199 1192
2080 649
152 62
507 1659
132 2087
1161 974
2406 387
1150 2453
1495 52
1208 1138
90 1344
538 1527
750 1228
1418 263
1605 996
1721 1780
2198 1717
454 1748
1901 1569
2587 1345
484 483
751 1358
1647 940
2212 1457
1126 2245
1988 1441
410 1913
2162 2088
2340 763
2577 1479
199 1599
734 1200
722 1836
573 671
470 2346
235 2053
1615 229
2514 832
1695 2008
1468 2066
752 1571
1321 660
381 1497
670 1889
67 1860
1413 2185
535 71
800 1163
1770 469
1420 1885
2225 1402
1128 1166
1584 565
1449 1259
2492 2027
1855 1111
1290 400
301 357
2368 1510
2006 1071
679 583
154 320
1278 2506
1859 689
26 893
1904 107
43 2309
2000 11
480 2324
1722 397
539 1941
937 38
1900 961
36 53
1798 1162
1128 1346
499 742
1339 800
1346 242
2476 2478
641 1806
2484 130
2098 927
800 996
1316 1425
2070 599
2169 1741
1190 2427
969 1704
208 37
315 699
1014 1511
2359 2189
2452 2330
1338 332
1697 1638
1324 770
1815 456
1996 394
391 1875
2067 992
2071 2418
1188 2368
311 796
1325 487
1596 992
2478 2085
264 2248
565 688
2113 2490
54 1415
663 2568
872 314
1031 579
179 615
1338 448
1348 2137
1482 1633
2213 1347
2040 120
684 733
693 544
2124 576
2203 1659
804 993
2063 2217
2521 620
1406 1932
1776 962
349 2460
1603 2315
1624 1680
1766 43
1537 1396
1861 264
597 1898
2018 2521
1230 1736
314 274
1439 433
560 1048
2226 1774
1215 1988
1931 1998
648 1194
1931 2454
1712 997
706 1537
1516 243
2135 1364
1794 1011
1006 1308
1319 37
325 1829
1698 1127
1506 1842
1767 1800
1267 1915
743 1731
1644 789
283 875
836 1928
1658 675
537 1983
1239 1943
404 1790
2491 2241
1552 18
1041 1941
845 276
1758 1609
2142 343
2229 1470
1408 894
1613 1717
642 1079
481 74
1715 1828
657 117
1555 269
1264 2419
533 1776
2026 130
528 2277
1299 2069
2562 2390
2134 344
1652 2073
1404 1274
42 538
2099 1086
881 1481
989 22
587 174
2165 1134
2504 1659
2020 2235
30 1937
1149 2301
1057 1988
2041 651
532 944
1171 374
298 2081
491 1080
358 1416
1171 163
301 947
1266 1028
2194 1887
306 1528
1190 25
1165 275
962 1196
2173 1178
1183 1969
1010 2173
1786 551
2454 59
780 2004
2117 1102
2549 1245
2178 522
1375 1698
2507 466
1580 490
75 1042
620 1050
1816 852
1867 369
2180 1905
1082 966
1613 1008
2477 1960
578 963
1785 1280
5 1231
1218 1036
806 1793
1332 1499
770 1354
2368 1269
633 1528
1915 1504
2193 541
2318 1457
1134 1883
518 77
2031 22
2056 1240
2035 2436
2316 1880
1298 747
2327 714
542 615
2504 265
1873 1649
771 971
1430 2152
2267 2188
794 2238
76 1286
2531 1611
2076 1340
1666 1438
697 10
163 1851
1693 526
912 1410
2166 200
789 959
1482 942
2465 706
2290 1564
1837 2263
2073 2250
1880 940
894 723
937 2267
895 1302
602 2327
662 1375
2291 2248
2281 2214
893 1043
398 453
1595 1825
2407 1080
2350 1890
1704 2063
956 159
1054 997
462 2338
2510 1493
1956 1270
1154 703
1839 1528
1674 2464
1119 2257
1386 142
1053 1947
1938 736
1789 1164
1680 2006
1802 879
1102 87
1209 2413
1722 1212
2013 928
2369 252
2409 419
361 2066
187 175
832 621
257 1375
403 2322
2556 1154
887 2010
2091 1799
1771 1333
7 1204
390 2112
1766 1461
1004 2227
2411 1127
1444 2500
227 1771
1212 2262
498 210
1666 2294
1522 2527
34 2436
1802 1757
689 272
2004 1794
2186 2116
1228 1563
2590 1904
1579 1023
1560 490
557 1299
2543 1966
1394 1780
607 1082
154 1573
1455 2584
726 2266
2093 750
96 2293
785 2368
1909 1572
853 111
2162 880
128 2013
441 1672
2476 2140
487 2336
2295 960
2145 1935
1275 2112
2488 1975
1580 1565
141 818
1886 1979
109 810
1897 2542
1641 748
126 2021
1384 1370
470 2373
686 1188
999 1183
831 1870
2105 2525
1618 701
1422 1870
352 507
1882 541
636 1225
2027 1739
1196 1167
285 1317
1459 994
759 904
2021 633
2166 2581
1089 1958
246 2022
551 1789
1340 1735
622 2041
2368 483
132 797
1427 1567
2039 395
714 2463
2459 1148
2057 1208
2089 1846
1588 674
1671 36
2516 2194
1 2103
166 1384
1206 270
106 1232
2252 1350
205 1387
2413 1591
1997 529
1048 366
2448 732
1045 353
793 1831
927 2223
261 2325
760 959
654 2332
2315 2366
303 787
431 2054
2258 2216
1870 1907
0 696
1368 1123
1258 297
2156 224
970 2351
2063 354
1321 2579
1225 2093
1082 77
89 1915
1320 1217
251 618
2165 490
1160 1963
2344 868
294 2042
2478 1597
1396 1034
1940 2217
1236 1711
794 1588
172 959
1937 2063
677 1152
1088 1266
193 303
2357 1202
2165 60
281 2133
1707 614
630 2521
811 1966
2170 2537
539 921
899 1693
2441 437
805 1076
1857 1011
573 390
1142 288
2562 79
324 1198
1151 643
422 1059
1465 2311
1869 1339
775 1794
975 1567
2069 2467
1379 2326
1289 454
2019 1071
2121 2072
1245 2335
2466 1592
669 2183
313 1020
1818 928
2091 237
1775 2213
757 271
458 1971
870 1290
627 753
1534 91
1808 2572
565 824
675 640
311 1506
1926 392
1239 684
578 1453
1677 1199
815 1742
338 166
1597 2359
825 238
790 1447
909 1767
2495 2331
412 289
351 1828
899 2042
1288 2198
1552 1446
1213 1131
2428 943
646 1597
1559 1287
956 2298
61 1180
1280 1310
302 214
636 791
1956 836
534 604
358 1407
1121 88
1708 162
1062 683
1025 455
777 1391
95 426
126 2469
508 1517
210 1303
1411 1767
1645 951
710 2347
671 1658
1402 2424
1188 2193
1129 457
1849 222
1696 1427
2328 844
2443 42
1747 1976
54 927
371 1494
345 1187
391 533
737 2051
1156 26
146 37
2228 693
527 1128
2503 1221
2551 768
2182 576
1490 1606
1002 476
513 652
2261 551
586 1087
2112 2111
2189 610
1453 235
435 1266
52 499
979 77
976 855
207 1783
2312 2565
1770 777
2469 906
2185 815
1242 537
1841 2104
1338 1240
1089 751
1223 365
1364 1327
1964 1417
195 1842
313 1525
269 1287
2332 592
10 1697
989 1543
206 179
453 2236
2543 22
411 1275
1173 1869
843 1767
367 391
2444 1404
1890 2307
431 2438
1398 2273
420 153
2224 1187
1658 649
1184 749
2407 1973
522 705
2462 1840
1862 1473
1489 2300
2513 68
1119 14
2123 1033
311 1946
410 2586
547 2260
439 830
1465 2320
1759 88
2552 2547
1456 1963
1083 1832
1617 1826
196 1357
2122 646
632 438
216 671
2083 1141
1673 1918
78 1221
2179 798
1570 927
965 2371
1301 2118
1355 485
399 856
925 1018
1738 2309
881 2570
1016 2565
110 2574
309 1849
2444 631
449 1395
1512 1880
2174 1527
1240 1532
1772 2038
1104 1182
1575 408
2446 338
379 1075
394 1162
1966 1680
662 192
1043 57
2003 1544
2426 2114
1627 503
2498 141
2496 1848
18 1210
1205 29
844 2255
183 2205
475 130
1839 904
153 443
836 826
2461 2099
265 236
1450 2225
198 1713
276 1643
1905 412
1488 514
1537 2052
615 1514
2290 2163
157 720
2266 2532
1741 655
1240 709
785 932
2109 1423
1635 2179
2505 1623
1534 396
1882 2250
1001 1072
1022 1279
1262 2387
127 909
2184 945
1879 1724
2565 894
2000 2561
1955 2409
284 831
1030 1138
1414 1792
1156 1532
1390 2269
543 39
842 1752
2043 2375
1158 2589
1784 1602
2329 183
1554 1306
246 1629
1280 706
1319 589
69 1144
298 498
1506 1335
755 2201
802 1226
1323 988
1476 1374
867 2237
1303 199
952 1164
1642 2000
1073 2434
189 1507
720 6
1355 1078
1631 2124
580 606
1085 853
1871 2196
1737 2522
1716 121
460 2520
360 277
1849 163
425 989
1560 572
1362 1901
1962 438
499 337
703 998
518 904
1038 463
1484 1974
2310 48
2376 1155
2507 1351
1309 1080
663 623
1396 1151
459 1660
2586 1252
914 2156
2523 1223
960 2126
1155 1885
98 1426
2025 2515
2235 2498
595 1170
1550 2223
2318 1275
119 2269
2303 2146
998 1096
965 2172
908 2470
2000 2476
1026 763
429 1186
1367 2247
137 689
2245 549
1875 587
1563 1044
2031 232
1966 837
2342 412
1971 1199
1992 1864
131 1200
1830 1486
2184 5
217 2182
611 1078
1995 565
2397 2503
1936 2522
1267 1821
214 605
507 1360
1372 906
2509 2005
1378 1237
1409 440
2059 1782
251 1015
300 662
1479 948
123 2321
2107 170
2039 1746
436 227
2060 755
842 538
2087 454
1920 2142
1322 147
827 1623
199 1362
180 1662
2530 1359
525 354
1727 2397
1451 1138
1165 10
1662 771
868 1174
2098 2135
1858 2150
1501 207
330 2594
117 1590
1260 1916
1377 10
1323 901
859 1448
2496 1918
2522 1018
446 750
1294 341
953 1056
1249 1660
1918 1558
2469 407
2369 1448
158 2245
2116 1747
1775 876
653 1083
77 2341
649 2466
1182 572
1505 1426
861 2151
1223 473
825 1530
2429 1230
464 704
2124 2495
2380 1417
171 1769
1363 427
1952 1757
533 339
1711 2498
355 1588
445 321
1711 172
1859 2145
2547 1153
1219 439
2445 1802
142 1487
469 766
1965 467
240 1636
1909 564
2442 2493
479 1549
443 1692
1036 1444
1010 683
1020 1818
406 1089
866 1947
1137 616
10 1637
932 1265
2194 1381
536 219
2469 363
1473 1908
2287 2579
2318 1494
823 2481
759 2128
2527 1268
531 1494
1165 1976
2026 225
2222 1484
2017 2421
1871 1510
973 538
457 2220
1370 2306
2563 1984
419 1948
828 1388
1250 2040
2227 1344
664 9
504 2498
2360 776
73 2323
2218 378
631 1815
1273 1786
2193 1745
1769 194
975 47
931 2353
373 387
629 1961
1125 2519
125 1697
2385 953
775 1092
63 957
1998 1315
61 1029
2401 2124
1587 629
884 1972
607 421
706 1159
64 2384
1633 2381
2419 2216
1066 2372
716 2266
487 232
98 775
1183 2370
886 1972
2246 1741
2481 2432
1009 2160
1079 2547
2101 2500
85 1570
693 330
1923 776
162 632
322 1563
1439 1066
952 2277
2568 1769
1933 1084
2127 1322
1501 577
1859 2570
787 794
1126 1424
1980 534
1013 2182
759 267
1979 1462
1457 766
292 1772
176 1768
1540 2033
742 1091
1390 1175
841 1830
1411 1691
2207 924
2343 349
1513 1597
1589 1085
359 2031
2459 806
2202 466
1902 2226
472 1461
1546 1406
2048 1590
1054 577
421 2289
2159 2303
862 782
1881 777
2297 870
1714 1881
1694 1742
618 1492
1786 1529
972 2049
2286 1483
284 498
1137 1114
1547 1108
771 1804
1209 1785
419 2462
2414 1046
317 1702
2037 41
993 1565
1198 2410
1051 1821
1585 1881
1533 1794
2448 1277
2332 220
1227 547
1045 2245
728 1344
210 2279
2505 1577
2397 1777
1233 1077
114 2003
60 343
373 1671
881 2578
661 1272
592 1289
1841 1837
1222 633
2143 999
1032 1379
605 1361
905 1914
1 1945
408 2065
2234 528
1141 816
2472 339
855 753
36 193
1365 859
2196 1063
241 216
1440 463
776 2061
183 1500
663 1076
1486 1909
82 900
2475 793
2458 1429
1197 1897
1800 215
740 242
822 585
1509 224
2320 1279
319 2002
2133 20
2137 2552
1925 739
1845 1414
1408 1560
255 1952
149 1399
1436 77
2460 1961
1835 2356
2222 242
501 1155
1573 760
448 2351
598 2357
2515 1557
523 2221
316 743
181 418
1016 1635
1679 2265
2454 2061
1229 1995
389 1770
1108 150
392 990
233 2302
2260 1259
1393 1004
1145 2379
1458 2251
1992 458
732 2240
1028 1885
2198 646
1836 1533
185 1327
1925 2352
655 1442
1582 856
1359 1891
2410 2155
1060 1673
2279 1271
1426 2074
1005 2364
323 54
188 2475
1654 1208
288 2340
1319 1220
1687 2024
2229 1150
1394 853
336 1688
1752 2519
1836 237
1497 2453
1751 1570
2350 2359
2003 2401
2500 1467
2423 1259
2002 1346
850 2488
1036 1863
530 705
1844 168
514 1294
1493 1785
589 2462
1280 1364
1396 1781
1794 1925
559 617
2584 889
1296 2316
2361 1751
791 112
1696 2486
486 850
1115 2014
2143 2052
447 1574
561 419
2550 2053
1325 940
1819 718
874 1737
993 1315
617 1118
83 1465
606 2000
711 2147
696 967
604 2144
138 1179
2214 2101
962 504
2439 2407
639 233
400 2240
384 2350
1950 613
1375 2014
733 2516
165 1699
987 446
2260 966
946 813
1862 1976
1483 378
784 1685
2401 1594
2134 727
1384 2094
2196 1093
2171 688
25 1080
1879 1064
2211 1277
1261 2543
1241 1941
475 1950
2045 233
8 1639
740 2462
761 1763
2442 985
2193 1990
1573 350
380 2530
2472 2389
273 1150
19 12
1541 2052
505 630
2057 866
1151 2242
698 1077
58 2431
1806 916
585 123
2186 1226
12 1524
2340 1587
1447 931
1105 957
1736 1084
2102 506
2367 825
1650 1886
1157 29
1542 2415
1225 68
602 896
336 1565
2575 1866
1251 273
1830 1608
230 1681
999 1482
2249 181
1720 1416
215 166
1158 1796
1789 1920
2387 2140
1359 2592
558 1644
264 258
2393 1944
582 823
1004 1799
717 2341
144 2235
2539 1456
2285 393
2457 970
1252 1319
950 505
933 2466
51 1672
2176 114
949 1145
2015 7
211 1677
2373 286
1088 667
1328 960
112 793
2112 709
2563 2282
1135 1163
2105 639
2302 1938
161 2072
203 220
632 154
111 1220
1179 672
1204 2015
1191 1106
2544 2391
2406 1485
1519 1083
2341 2167
2118 1441
901 2296
2304 1761
1785 1270
476 975
141 683
1689 1682
2371 281
909 360
1924 563
160 1317
546 801
172 74
1531 83
2338 2042
380 2284
2323 414
794 2317
941 2082
1210 1870
1489 510
1518 2085
2106 566
1886 1099
1566 264
2563 2538
2036 1565
1454 2420
2427 48
1815 2521
1650 1466
1991 541
920 1871
1150 66
1724 2173
967 100
1131 1956
808 1671
1149 2269
238 691
1835 2230
1139 386
2541 452
1554 764
2365 1259
872 1036
504 1701
2036 542
271 159
304 1825
1878 976
405 620
242 2585
1641 2083
2150 2564
682 1781
288 241
2534 2460
2334 1846
1354 891
785 1732
2459 1833
2078 2045
1821 1985
880 2061
1746 2257
116 2560
2202 1831
2359 1826
399 1026
2411 612
2299 2479
184 982
536 1010
1627 2505
2072 902
2266 1139
2073 202
2589 2157
1990 1555
1521 1782
1977 2400
817 1432
961 781
1292 2039
749 1325
1520 2211
1515 658
39 1148
1705 2398
1754 1127
1593 886
47 2158
1930 1564
898 336
1623 2263
2269 615
649 466
401 205
1187 2217
1464 1444
735 1908
929 1956
2561 736
447 2004
2317 1031
2428 2398
1704 1361
153 323
1786 1752
1444 335
2573 1690
1688 386
1033 1880
1139 2287
260 1994
1255 2042
1143 260
1096 1612
1210 909
2236 1934
1415 1539
2541 1334
1509 1092
20 1724
915 1424
1826 1508
2221 385
1297 1142
2200 2155
1196 1040
2571 1802
298 2043
1239 2274
647 1977
586 1026
1138 1456
1163 2442
1709 2467
638 1417
832 2385
141 465
935 1349
1185 2436
278 813
2035 752
1317 2364
509 614
186 601
1684 2112
2183 2280
1618 33
790 2161
202 79
2174 276
746 2434
571 886
1452 1599
93 2053
1172 1116
2397 94
2514 356
2305 1299
2233 2075
2511 2129
477 2191
610 19
152 1518
2566 330
78 1932
1647 1464
1978 2485
85 240
589 1767
2577 243
2110 1332
938 342
1614 449
1515 1956
2020 2187
71 287
969 2230
1020 282
1521 1422
2433 1851
2597 409
2144 777
805 2447
1567 485
1542 1052
874 534
623 170
1946 1137
1163 2523
286 975
532 2264
1106 325
473 630
990 1829
867 837
1831 719
1701 1566
2220 52
1935 1594
2254 1459
944 1045
2576 392
601 191
1719 2337
2029 1743
584 1442
510 1155
1474 1989
1363 758
2277 1064
1589 1565
2339 652
21 19
2308 1947
1909 682
2070 1809
1674 1751
192 300
1863 2214
1108 824
1751 349
1203 246
746 822
397 743
1519 1208
1031 1983
1139 441
2226 726
1315 1634
102 1633
2498 1494
1064 837
2362 2430
2195 2012
761 977
809 1207
1366 2455
1634 2500
2479 530
1676 1423
2185 402
2308 1497
1794 234
1224 40
1216 153
216 711
867 2025
2138 1009
1543 694
530 1327
485 1393
1142 1712
205 1088
1781 521
145 819
835 1617
330 1393
1753 1528
1793 677
2299 836
418 1531
728 1386
248 488
2385 733
893 871
94 1610
506 1302
2362 1726
540 517
235 2077
479 1566
1074 1624
2275 692
1878 1692
1481 771
711 35
2528 696
941 228
1442 1244
1853 60
104 1907
1573 76
1178 1975
1690 1565
590 1537
1715 877
453 579
1037 2068
2315 491
1742 2345
1119 1190
1630 1388
624 2132
513 2127
2564 1870
264 2157
2240 1515
1759 823
29 1643
1922 2296
112 467
451 549
1674 1539
2178 1930
2299 600
765 420
2535 2519
576 122
1764 2081
902 205
1850 2015
537 314
1945 1904
74 2534
1963 177
1647 270
1017 2342
2295 765
889 1218
2478 1124
1052 2065
1778 1267
377 1330
1978 1093
471 830
2376 672
516 102
184 1910
1395 710
1113 229
1953 687
2275 126
1481 605
2569 1205
2270 1243
2178 1421
1503 2361
276 839
1556 1287
1112 924
753 141
1149 1443
1090 1070
1760 2138
715 2183
998 982
1351 2511
830 1201
906 712
1122 1982
1184 1491
831 2555
9 2308
2251 1929
1231 486
1087 1376
59 2526
1600 1750
2220 6
1694 2056
340 1961
1032 1229
713 1765
1729 2230
858 2117
138 680
1192 1844
1307 351
1985 1398
1574 1341
1452 1714
2018 281
510 1244
196 1650
1764 2029
937 935
1176 2070
2196 1984
1323 135
2517 854
1055 2524
830 1835
621 1020
859 1570
1795 1256
193 1118
1619 1956
969 541
2033 934
2364 1065
1049 338
1220 2030
1052 868
2599 2083
501 2234
1576 1403
1782 2425
339 1082
1149 1233
525 1482
992 496
1881 2207
1633 2134
797 1627
19 2372
1312 2481
2053 2171
600 183
804 263
189 1311
1100 558
1005 907
662 2301
967 1692
1480 1434
1588 1169
2409 2245
784 2333
616 903
1812 2333
366 512
2011 1665
231 1837
826 90
621 1240
1867 1793
73 2499
1469 791
290 1970
1710 539
2297 1845
2319 663
1271 104
1104 1826
2485 707
247 107
1966 540
2156 1093
1948 1843
1784 451
2542 583
768 1757
1727 245
2113 2565
356 2166
913 2449
495 1377
122 163
1811 2245
1281 2345
2343 2431
2429 108
1557 449
2056 1543
1640 590
1672 1387
175 508
250 2555
2086 1445
2346 1672
29 1754
2530 1512
2093 215
822 752
2493 2384
1801 38
1614 2218
511 1784
2564 1774
1530 653
1209 1158
1847 1410
204 1228
1486 355
422 1174
2339 1412
476 2325
562 411
2186 1784
508 1289
2210 349
1621 1174
2264 491
2029 2303
341 1917
2005 1602
2559 1050
1400 1852
1981 1196
808 2227
882 695
2054 252
2597 90
1090 445
875 820
2488 63
2016 584
747 1483
1753 1226
2321 1999
2224 520
2330 1225
1903 448
1540 418
2021 1222
1698 182
455 1879
2103 1570
22 868
253 1244
1692 723
351 2572
334 692
2218 1246
1653 118
2364 351
2480 323
1549 2358
913 430
2592 809
2415 1340
184 1766
308 1781
2584 229
654 2126
1229 1667
1091 45
1756 466
1090 2193
1109 1366
2418 1889
443 478
1824 2547
1649 1838
1809 2250
1730 1846
1365 2599
2355 1427
353 648
2239 1928
1235 329
204 1679
1600 2089
1923 346
229 1323
526 2085
128 1057
172 108
1003 1443
1438 1022
1350 1673
2094 879
2258 1998
293 652
1987 2151
70 2274
1017 1292
444 1234
1043 1437
700 1690
1132 161
2041 30
2019 1885
1702 2186
723 1245
626 215
396 848
1639 1786
1475 520
227 1179
2429 414
2596 2363
1804 2436
2479 2299
665 2246
2494 2563
2416 2380
389 459
2151 1732
488 1511
2328 1689
2422 301
1081 2334
2418 788
2284 1833
991 799
895 1732
1802 1224
1295 1426
732 950
364 604
103 2061
2396 2483
806 2224
849 957
1748 2316
412 33
988 2361
1407 2398
146 483
1705 1314
674 1950
319 1900
1106 2549
1990 1582
368 1932
1253 1788
1479 188
731 563
105 2119
786 1566
535 1717
747 1391
1197 907
2323 1944
554 1813
2020 2333
2458 1320
1605 1237
931 1912
287 2556
2585 993
2153 161
1423 337
1055 1717
2349 12
723 1930
2579 1219
400 1232
315 2577
2061 1584
583 2438
909 238
2364 1132
2395 968
591 2596
1277 16
1343 2323
100 1314
168 2361
58 1876
532 633
2140 1484
1428 996
1281 2304
1860 837
505 525
1857 2050
844 996
1981 770
1428 1094
1911 472
1634 1248
1164 2051
33 1642
1846 1155
2204 2487
2131 1678
1369 1363
1217 289
824 1013
1384 2563
1229 844
1409 1211
1476 533
1059 923
963 2232
583 2552
2082 121
1945 810
1466 1239
1691 1444
1681 1970
1385 1653
96 462
547 1737
2220 1895
2369 942
295 2552
1579 2486
981 1500
504 1374
1007 1992
816 915
1726 2441
1664 633
2007 1049
369 2306
1553 1596
2487 97
1907 859
2191 940
1110 932
1219 844
1725 2326
2015 2198
623 1826
754 927
1832 1232
115 914
658 1474
800 268
468 862
661 1024
38 575
865 2519
1743 1835
1546 2126
628 276
1310 2471
504 1107
634 1148
703 976
161 1536
781 2241
1760 2329
1265 2055
528 835
76 1232
2321 397
566 2494
520 1882
113 968
1374 2170
1430 1196
1507 2395
2573 2541
415 1006
909 2548
497 1173
2224 244
834 2572
1997 1857
243 677
1076 1513
1027 528
1349 731
1718 1445
700 1358
161 448
1977 1861
948 2337
2147 483
237 785
2413 915
1569 1025
1297 173
1512 859
1951 1348
2289 342
2255 1230
488 1991
1510 783
226 2160
2250 1461
582 2145
1008 416
191 1905
2229 2045
111 1109
1230 1257
953 988
1610 1018
1835 2139
1161 2545
192 1135
1788 123
871 1315
2143 2545
1564 12
614 2029
1058 1587
2085 1060
148 794
1417 1958
2177 1276
256 158
2517 243
917 443
204 2174
1271 921
458 203
1160 1959
2290 696
1809 2291
1220 2020
14 1349
2507 1948
1603 302
799 34
2497 2299
1159 595
231 2539
1263 262
1308 711
2484 373
1577 2004
481 1815
1035 725
2292 462
1946 2459
1738 2435
630 684
1073 848
1692 883
847 2218
1486 846
1188 536
2282 445
1890 360
991 592
2265 169
1944 1067
1899 301
540 1348
2268 166
515 469
2564 192
1798 718
1675 227
1447 613
258 2280
1309 2407
218 1644
1522 1688
2401 488
581 1137
1312 1603
2073 328
627 592
483 687
2311 1501
900 243
2491 792
709 50
1530 158
576 1317
2185 266
2228 1692
1557 2392
35 211
894 720
1597 1763
2257 2090
148 2347
350 690
645 2178
407 1459
2106 431
996 2160
996 1429
2376 859
880 1619
18 271
2071 956
1747 1594
336 2280
2236 1210
2540 912
653 2243
1422 264
1732 2161
982 522
798 1729
1764 1964
1750 440
178 956
606 1535
1602 2245
113 1534
806 1867
559 1537
1386 1574
1892 135
1288 1263
1380 2392
1398 887
600 308
2068 1323
14 1626
1996 787
105 1176
590 332
1657 275
600 791
1951 306
453 1746
1511 413
948 1993
848 2078
924 1391
1081 1076
127 2206
1372 1961
707 1872
1518 1253
1076 1932
1129 358
1191 1579
798 703
1035 2055
2131 61
53 64
1670 1342
603 2533
986 1491
2263 2248
2100 1893
319 1843
51 148
1564 254
705 1776
2243 1627
1138 640
1908 2045
1030 247
1075 1746
1828 1741
853 710
2212 1253
1213 977
283 1750
926 2553
2121 1152
115 894
2596 297
1706 1652
2053 2377
1733 1262
2064 2003
46 1096
965 568
853 2550
2152 2124
1743 2130
2540 1822
8 530
2471 1160
1119 659
1611 907
392 1177
2581 1633
1884 789
1220 1659
85 200
1278 581
532 1238
1100 332
168 1136
1984 368
1293 2130
86 192
2112 411
2324 2450
140 1104
2200 1594
450 1763
1283 2130
1863 1213
1408 2039
1059 1984
1834 719
2427 1396
833 1319
2459 394
1536 720
2331 240
2335 1779
769 2055
2043 583
809 1869
1991 458
354 936
1826 407
1313 1150
463 2542
1513 539
1586 2554
1158 1889
2311 2563
845 771
1282 2001
291 161
576 954
563 1244
2003 1920
2596 2536
416 612
326 1968
1844 45
930 89
1577 1508
1494 220
2188 1247
452 1700
708 626
163 2144
759 712
438 1749
2089 412
1252 2477
1209 559
1533 1429
346 2309
843 2069
755 308
82 1603
1606 1765
2543 1148
2352 301
736 1482
813 1965
2158 1071
941 1227
2208 1576
1742 557
2463 583
1116 2299
574 2500
2021 177
103 1407
23 208
1655 426
1740 2107
2552 472
1911 1632
56 2013
877 544
473 1834
787 2077
1192 260
764 66
2058 2193
38 1527
914 1773
2560 2594
1873 1009
2066 635
456 961
464 2089
2421 749
1000 231
48 2118
2501 2593
1539 1505
1133 570
393 373
755 2297
2444 907
660 2079
1974 2466
1393 1720
2591 2398
1594 1383
437 1425
1285 1587
1989 1794
1693 822
206 2248
2391 2266
1403 931
45 1423
1807 439
1284 1877
1166 1092
1340 1036
1111 2242
378 1658
1446 2031
2038 1567
2510 2526
2383 2576
1513 2574
1103 1843
656 675
426 1583
1529 2244
270 1031
1403 1182
144 1819
2 2496
952 473
1348 1520
2281 2467
2107 1355
1910 475
1532 1195
629 2542
2254 94
972 275
1580 1739
694 552
1951 2373
2536 480
2114 1906
1838 998
147 2530
1570 2201
1509 1014
1448 933
2081 233
958 2180
847 2587
2450 2027
337 1624
2357 1775
517 272
1823 343
730 381
139 200
1612 360
80 769
2075 2035
1543 169
1906 1343
1511 1359
1023 2124
899 1022
84 2560
18 1474
2111 816
429 2344
388 328
2434 128
1936 751
499 1456
2276 238
1056 848
408 370
2159 804
1851 2229
228 1294
185 1729
2280 1000
1270 1215
1567 1039
2204 560
811 2583
2261 1547
1834 2300
121 790
571 1553
2204 860
2203 1049
244 2582
618 1143
1000 1102
858 1886
439 2535
1947 2432
2366 1552
1278 102
226 2015
1504 1583
2252 1549
1170 965
139 2072
511 1135
470 1764
1840 1821
613 2306
268 1039
933 531
1166 2363
1218 1984
484 456
1879 339
451 1680
2286 2248
875 2104
819 2127
836 599
167 1149
1116 2533
846 1907
699 1738
512 409
1211 178
1384 2362
496 2458
44 1550
2550 1059
1407 2417
2576 321
1397 1565
2076 2503
2444 1446
1418 97
1492 1267
1148 983
474 2032
2072 332
1427 1571
395 26
277 707
1353 1515
750 1457
869 448
616 1661
1095 700
653 97
1100 924
2002 1379
1213 833
374 2426
397 192
1528 2234
2127 2520
1196 1580
197 104
1851 1463
1845 221
2126 1722
1895 1608
1590 391
973 266
2414 1867
1783 1218
774 991
524 593
2431 1443
945 1381
2025 1982
24 2553
740 2236
2249 700
863 2485
574 1302
1630 1923
1200 2268
2446 1896
1747 137
2137 368
2378 1385
926 1751
422 1218
1241 1562
506 1781
705 1487
2345 1848
635 1024
266 2155
306 2537
364 118
803 228
2399 1275
562 753
1544 1428
36 754
1141 535
744 1780
465 787
1482 2348
1405 1026
1575 2474
1781 2505
2331 1881
2160 1838
901 1392
816 532
1329 333
2466 1746
1640 658
1465 775
505 54
1281 580
143 1814
860 497
810 119
2300 431
467 1776
2163 1295
194 1308
59 1436
999 134
1199 1696
980 2119
1644 920
594 2265
47 1169
1651 659
987 527
495 2080
23 454
42 821
2557 1833
2306 612
2479 323
124 2054
2569 2266
739 1334
2406 1134
2049 1759
31 2181
1620 921
1651 857
2589 2019
2327 789
350 1061
569 1558
1699 1375
1045 1354
1370 94
173 1254
1223 2172
2479 2235
878 1598
124 1849
175 1104
298 1341
1980 1231
628 559
1045 68
2560 301
2485 1238
924 2094
1381 925
2283 2096
2563 2063
1014 1432
818 2011
4 140
737 2041
1398 2202
264 1284
62 1859
1471 1396
427 1237
1202 2158
1882 1200
167 1108
888 325
1131 2208
2000 1121
1979 420
2353 651
1487 569
135 2363
1302 801
1522 2540
2151 2052
652 1393
1451 2560
346 207
555 2555
199 363
1352 1611
1909 618
1694 1130
265 352
1664 1898
1565 1339
1074 1668
868 2289
174 820
2586 2137
2544 2171
772 1446
1400 1657
1350 2368
1290 2436
668 858
26 1883
1808 2534
1575 1032
620 2556
1276 439
861 1376
188 1595
2190 2314
910 584
1379 612
2300 1402
2051 1446
1894 943
1314 316
1044 568
593 324
529 364
1265 287
1608 1868
2529 1121
2598 2002
756 713
2108 1757
1765 907
2561 720
1947 1174
468 793
2594 1275
318 320
1672 737
1089 2547
2055 696
68 2224
954 370
39 1834
2240 495
865 2234
461 1102
357 1678
2248 2162
1808 2149
2503 2535
1889 356
713 323
2575 1787
2389 362
960 374
2207 499
1143 1936
1304 789
891 1784
72 2354
1638 2446
1955 1139
1446 910
2221 2247
348 2551
363 137
2067 919
106 2154
626 714
1264 337
480 2342
1077 1289
1269 2573
2324 735
2599 1330
446 1487
377 1814
1967 1202
2202 361
1425 1802
772 1264
1732 2469
1700 2572
1983 2424
27 197
926 2115
1776 1239
9 1431
1783 128
971 1925
855 2209
1369 64
1261 306
1620 975
245 2094
1655 1366
1452 1698
1379 1968
2111 1536
1728 629
1744 1095
2537 1977
1705 239
958 279
1102 1736
197 657
541 1451
527 2465
1807 654
292 1665
1715 2055
363 67
1681 1626
384 333
405 689
2157 1245
1566 103
1497 492
1142 1787
1138 318
1333 1411
792 1715
131 1540
448 243
2066 414
1452 610
729 2268
271 1772
902 1324
2216 2005
1248 2261
2519 616
1224 77
2557 2210
1539 1118
90 1418
339 99
1122 2319
945 719
1101 2352
274 868
2002 1317
638 1444
88 469
580 275
1334 2347
659 1752
862 1654
817 625
2464 2197
305 1619
383 1218
2133 2500
1805 1734
1712 1081
1505 1595
2261 868
1419 1106
1758 563
1355 904
1469 1233
455 565
1156 1729
564 341
211 610
442 1975
49 2392
382 1474
2150 776
1679 432
34 1795
2120 334
1735 325
224 1882
2274 208
617 526
1136 271
1685 2104
148 536
486 603
2383 703
1283 500
1973 500
1578 265
857 1490
1258 1752
1601 1045
1709 680
2037 911
96 156
1160 159
70 880
2284 1794
1887 279
1714 2528
751 2158
1392 539
1562 1187
472 2120
987 1659
897 2479
1756 765
417 592
671 2354
95 2278
1749 1738
40 931
1961 28
2408 856
1869 2529
2212 2499
609 2223
1138 199
1582 95
1337 1432
57 2352
266 2472
829 1134
1668 2075
1107 1663
714 1703
357 534
2558 1022
917 2293
305 403
1330 646
1976 1226
595 1581
2246 1857
1726 505
592 961
782 972
1471 831
1470 662
540 1037
903 1162
179 2438
1476 184
490 1604
1506 519
1317 1552
1352 663
529 2150
1608 670
165 1299
2259 438
669 2481
603 1441
1951 1079
1663 1503
1848 155
1552 2318
2383 169
1584 1235
2468 2452
1717 43
1300 262
1170 2146
1382 145
1065 820
1244 1937
66 1558
452 955
1992 2535
1800 2098
1969 1300
1827 363
1013 158
212 1481
1505 1994
31 2452
1986 865
822 1523
878 2556
1440 1620
1170 2590
81 569
986 2145
859 837
320 1710
117 1868
1953 28
1915 1873
1990 405
1455 1498
137 586
133 317
1208 466
2005 687
0 2517
1281 2318
2533 750
1626 1986
797 1792
2190 2291
476 2560
1517 1005
519 140
2402 2289
1334 2428
2463 912
1076 1782
2483 2520
2115 2531
2534 2221
1417 804
2587 289
1548 54
91 217
1356 2109
2435 768
717 172
2219 2373
501 2280
675 1462
2525 1488
1196 626
1906 1683
465 2297
2335 444
1109 87
2329 217
475 756
1572 1136
542 1378
1162 1766
760 1943
12 2272
2329 2392
2382 463
2131 337
1522 2223
2270 1540
2133 242
1712 1680
1422 1943
1414 2151
1602 2549
1864 642
1108 2315
207 1222
2504 1611
389 6
2447 1897
869 2125
442 1362
1987 1174
2162 1440
1441 149
1942 1369
2585 2034
127 1883
1714 1062
1826 2422
1676 1551
655 849
2321 506
1308 266
293 902
1367 1947
2177 629
2118 2498
1521 1133
1848 1682
82 1088
1614 1413
1241 1354
180 2020
1628 420
631 1624
2455 2097
1324 1082
767 1820
1793 2237
1183 237
1922 12
75 399
2432 1364
1019 413
224 2338
2081 1381
1624 830
1784 1154
849 1879
2162 1462
1037 66
1554 2475
1596 999
2138 323
363 637
2028 254
2466 2108
649 2337
1333 1958
792 447
978 2424
2278 1786
19 2025
1268 2378
1284 1067
806 627
1423 2213
2143 2265
112 2591
2469 29
266 734
1216 482
1987 1876
386 2093
1569 462
2327 2488
63 2520
1259 791
2390 1020
1817 412
2294 802
1147 2127
457 1296
1435 1387
1976 2088
1434 1168
1244 799
2515 2057
2081 1649
1829 52
1902 1181
1643 375
2413 1237
1284 247
1105 1940
335 2195
145 15
1934 1717
204 76
912 739
1412 483
2373 669
426 982
190 940
1090 1889
2503 968
960 76
2351 1215
974 1552
1653 1976
2194 1284
1985 2399
1387 2328
164 820
2433 103
777 2084
656 1112
1308 2434
1508 2319
74 729
11 258
697 1667
536 2569
647 2335
1066 997
779 2572
665 2474
1195 2285
84 1329
1697 756
163 2256
1445 169
1116 357
1662 1338
522 2105
1564 2453
496 1160
1665 494
207 910
526 798
2392 1920
1587 2344
2187 297
411 1504
1745 359
1701 2040
119 2113
1633 1192
423 1349
2065 1323
613 1971
1282 175
928 1057
1151 1159
1568 107
1454 1943
2435 2585
1787 1547
185 1270
1353 1255
1131 1327
614 1822
734 2148
1923 768
1492 1829
1027 2311
2536 2255
135 1181
2206 185
277 687
1809 1023
1861 2025
1622 1223
424 7
1795 2351
1721 1221
2589 2222
1178 2180
705 1226
236 104
792 101
1475 816
2381 1277
2503 2355
1448 1138
1947 1337
1312 4
0 499
1360 616
170 2548
1663 2047
2588 2215
968 1828
118 1417
1255 2547
1934 432
951 1902
1433 1022
1086 804
1958 1859
1328 1218
1397 2255
2121 1427
2594 1250
546 1684
1028 451
2301 550
1221 2358
133 2217
954 120
2126 1857
712 1673
2322 469
2388 2379
1450 391
1419 2047
1629 1904
2074 857
359 1775
1960 2185
2526 1603
1496 182
1169 2545
870 2317
1666 2530
53 293
455 173
2147 2374
2110 87
528 2115
1601 1059
2181 439
1742 1496
2104 1932
402 693
89 974
2084 761
2192 219
1396 2139
1343 901
1147 1858
1437 652
1928 1029
1894 825
1372 1143
32 1064
2014 1285
2125 1591
1498 389
1022 2379
548 2510
1395 2243
2025 1116
167 1726
986 285
779 1773
921 2500
1087 1064
2051 65
1524 25
2119 1759
2043 1541
1860 308
886 376
2575 1126
1565 1996
541 716
1392 298
2425 699
176 2221
37 1841
1800 560
2303 2272
1186 1592
89 2247
1433 2377
2578 109
741 1501
1589 1674
2258 2484
1268 1877
182 1
682 437
823 1879
1227 1086
1737 1395
1693 1612
2213 926
222 963
1290 1676
1264 2260
2217 195
591 2564
362 2579
1582 1390
13 1706
1797 1932
844 1814
2314 1432
911 2146
396 799
1279 1025
1706 2494
2200 836
217 628
1374 2139
1472 2094
1027 936
1514 1663
2304 1750
1627 2595
1838 2554
1237 1148
1095 2554
894 2036
1506 1986
280 2388
1067 1694
807 967
2124 1597
1822 803
598 1944
1260 2160
586 903
1757 338
438 259
440 2257
2004 1636
287 1571
1490 2552
2089 1774
1942 807
667 1924
1291 680
169 240
1612 1101
972 1837
591 2003
22 200
225 1223
2204 768
2475 2030
381 704
1039 780
1550 71
1018 1678
2554 2433
1523 1039
2009 1338
1399 1208
261 2169
1606 51
1592 1481
625 138
1769 1805
1347 125
2339 58
2014 1095
2079 1243
669 263
1310 1240
1814 1849
552 1355
968 487
820 1202
2305 275
611 1618
1178 2165
698 459
2549 1122
1882 1910
1884 1559
766 2477
2069 1965
2266 1877
2282 613
2148 1316
545 925
2356 2024
1748 370
3 83
2326 422
521 136
582 2235
708 1578
1112 2105
135 864
2510 2381
2591 776
2066 2422
1560 716
1222 1660
2377 1617
1328 440
2414 1518
1997 1739
1888 1801
950 1839
2597 2064
886 2575
2398 117
1993 1980
816 743
1432 1727
239 1600
654 1161
666 2312
2240 870
316 1660
254 86
1326 2501
764 1115
234 258
2061 2070
745 84
1959 1072
433 2251
1596 1019
1141 1089
1665 2362
1084 542
1803 1000
1337 981
1737 1919
1973 284
122 2167
243 346
1651 923
197 285
2294 763
768 774
464 431
1584 1908
1311 515
775 1217
2263 565
2238 1399
1420 488
2187 499
2313 1169
97 2386
212 1225
95 1501
2232 867
29 2459
2333 1485
1243 2231
2522 516
910 669
1131 943
320 815
414 1535
885 914
512 2361
627 718
998 1948
581 2506
2058 1987
123 1
2490 1389
1790 1122
2116 2456
2189 39
2237 1623
1597 698
2483 1643
1914 577
2536 2296
1302 829
854 1351
2153 1163
966 72
1069 374
1399 1841
247 1707
2027 1677
543 1256
36 2532
461 121
1053 1755
1097 1834
376 1202
2380 1150
49 1804
448 2356
1440 362
1718 2177
888 967
355 2288
1464 2253
1267 1016
1929 555
1726 1157
776 1879
478 1692
1018 353
239 40
1349 2575
1753 894
236 336
1387 1863
621 1896
254 39
2163 587
956 1127
1854 1858
1217 1023
1583 1131
2404 2005
268 710
220 1558
177 1021
2344 221
287 2166
1123 168
914 2177
1768 1945
1873 921
635 242
701 921
675 636
233 2300
534 2503
1364 2582
1830 282
2106 2159
1485 415
1603 1109
2 1416
2243 1756
522 319
906 1901
1185 580
1365 1550
1086 580
1819 499
1667 2061
2023 1667
2599 2529
1590 529
2486 1047
2296 2173
2073 1829
1358 1828
2149 1267
189 583
1410 2291
505 1646
2274 311
209 305
99 2464
2374 841
1548 1033
352 2440
854 249
2450 407
597 1233
1508 793
1902 1886
2233 2179
694 556
1591 1332
1460 975
1003 1599
2291 1610
788 930
883 459
1453 1409
2170 2242
1399 1840
1326 1454
2054 174
1518 597
1500 1556
283 637
1696 1107
2411 1470
1412 434
1820 316
1153 998
2460 250
2403 768
23 1388
133 468
2122 795
2382 2156
2046 2193
2269 478
1443 1382
1397 2210
540 1979
1228 2057
1111 2166
1483 981
1853 1900
467 481
171 2141
773 90
374 1530
423 2100
2589 572
1733 1742
2387 547
548 932
1145 2346
1741 322
793 2409
549 1948
1516 705
208 1947
2283 1650
2275 106
1922 324
1954 1266
2117 548
2112 2271
2187 827
1755 2074
2041 42
2227 159
511 286
1049 546
915 2125
2110 791
1203 1817
2082 1448
1916 1594
1391 1805
94 2061
2238 2256
1952 1760
2006 25
1591 2104
2477 627
622 963
2509 1112
2288 1727
1211 536
2348 1958
1792 1453
819 961
917 1641
1082 496
1226 353
848 495
2437 1264
1941 865
2423 2293
772 1211
1447 196
1919 2179
568 1135
1574 281
1777 1366
881 873
2489 306
1317 2459
266 1158
583 190
416 2343
2497 164
1682 1399
2371 2211
2311 1478
2104 28
762 2006
1609 1725
1245 164
674 2485
1032 777
1690 1078
282 1899
1358 555
1124 457
1824 367
476 666
118 2544
147 2571
1618 711
1852 1161
2271 1067
1093 23
2515 30
1553 2180
1358 1170
1009 2216
2297 520
998 2120
1071 2031
508 1122
831 600
815 822
2272 2121
2347 1980
1840 759
2553 146
943 1643
2251 2124
378 1742
1146 183
1875 143
2371 621
2235 1438
27 1826
2558 999
2157 2051
572 1693
122 1360
323 1182
1799 1755
2419 2479
44 2359
2153 552
840 1071
741 984
1246 1098
2322 38
289 1424
278 1468
2043 2243
516 1925
2258 593
1937 1713
43 2079
4 1344
550 1329
1404 1777
1748 106
597 2571
599 2157
494 694
1592 271
1844 2189
840 658
1941 2255
2150 1421
1294 571
415 1709
643 1813
1123 116
957 545
2090 2582
657 1733
108 1054
607 494
770 1594
2297 96
1417 192
1177 582
118 2570
1762 1592
2520 760
191 1476
1614 810
704 1809
312 802
686 1147
906 707
1607 1867
768 2358
265 2414
1796 924
1771 1010
994 1385
748 133
1076 719
2288 1987
950 1056
1668 2428
58 2178
1458 1738
1040 1926
2064 420
2262 1406
2093 74
1893 298
1832 1342
2319 818
526 1388
2023 1804
73 2468
1092 2522
439 2324
1174 1205
2231 2236
1289 2426
2223 299
1688 1254
1687 2500
163 116
2481 1223
634 964
2583 1748
1403 2446
1460 2162
1816 459
1600 1958
1509 2280
1168 564
403 1705
726 657
894 1572
1050 1158
7 2016
2508 2386
1660 2212
933 1956
107 1884
2268 1118
942 842
1180 519
1499 589
2006 2368
2189 427
305 507
551 1284
588 873
1413 562
118 2037
2293 128
1065 664
1263 3
1821 1806
1880 1998
2256 1793
2266 1518
135 333
2101 903
2085 1846
1549 781
1070 1556
1877 1724
1650 1865
1868 2397
1894 180
617 1827
1425 730
593 85
248 784
1512 1473
1962 1342
568 1037
358 2400
2276 2567
2235 888
1526 2505
1177 2546
1258 587
158 1696
2147 539
2215 2086
605 2528
1529 2319
7 1032
1981 1367
248 1338
398 91
683 2314
985 1893
2505 1439
2542 2186
2521 1652
1855 170
2513 1419
129 860
1115 845
1701 624
435 1487
1933 1126
129 78
922 80
2394 1857
722 1360
1873 2391
188 731
1162 1503
2385 1180
1904 811
964 1701
2230 1998
1635 195
2247 19
1437 543
2072 2405
2052 2337
569 604
1291 683
2128 2286
958 1642
1157 282
1633 920
681 767
1500 1464
961 2489
2282 2270
1860 479
2398 143
342 203
2425 220
1517 1738
2111 113
1443 2251
192 881
942 339
1872 185
851 1720
1497 2490
1313 1799
322 1440
2402 745
310 197
111 1508
1812 215
1289 1299
652 61
144 1336
237 1901
2211 2213
395 1044
888 38
105 403
