200
175 49
145 189
6 177
113 55
17 96
113 196
64 27
179 135
127 176
115 90
184 108
135 143
19 22
180 193
152 109
150 189
187 41
153 37
50 87
5 168
139 51
104 6
109 65
144 94
119 51
106 6
0 120
110 68
30 72
162 90
165 55
156 126
147 148
35 42
166 119
82 189
94 135
185 103
71 49
181 47
99 58
125 133
94 34
194 67
53 26
30 175
73 24
118 123
53 24
4 18
63 103
80 188
161 53
88 20
3 76
58 91
2 172
49 10
160 187
114 131
99 127
2 50
58 138
170 70
86 179
90 53
18 120
36 38
130 97
20 14
36 184
124 57
191 95
55 7
107 132
45 28
126 85
102 140
46 17
61 146
195 178
116 133
56 106
193 4
80 89
41 168
161 133
123 146
188 114
86 28
180 198
174 182
132 50
103 133
87 34
151 66
1 87
155 190
142 36
41 59
56 107
168 24
120 152
104 133
176 184
16 176
59 81
150 165
182 166
22 18
175 76
13 108
29 88
59 112
26 34
61 98
129 142
154 189
123 24
163 93
19 121
194 102
84 134
11 60
67 75
165 58
125 101
170 91
62 167
157 116
8 53
173 105
72 183
119 164
159 52
168 99
21 65
91 176
81 130
135 156
63 173
35 178
78 116
137 123
147 27
64 3
28 194
84 62
183 58
155 13
114 0
75 28
195 100
70 54
39 116
184 100
153 129
69 176
23 138
141 161
93 84
60 180
138 30
86 145
149 4
9 139
24 42
159 152
140 95
19 62
66 166
52 71
172 153
30 45
121 40
169 98
34 105
49 191
126 197
58 12
39 55
134 48
84 47
6 142
65 75
177 147
129 88
37 189
11 181
11 111
8 133
97 101
117 72
65 14
55 129
22 81
173 184
29 3
151 77
103 22
64 184
76 19
149 62
148 196
96 72
154 33
21 90
116 124
193 6
61 11
176 90
71 36
101 135
17 194
32 168
190 59
9 156
81 141
4 128
139 153
157 136
178 73
112 82
143 130
45 187
44 188
67 194
78 37
26 19
193 189
73 50
102 172
8 48
192 123
67 14
43 61
166 173
65 129
160 57
120 45
147 138
38 76
22 11
175 30
62 1
39 28
128 2
0 61
52 126
152 172
174 127
158 144
124 74
141 163
127 182
5 158
45 108
122 47
101 98
99 103
199 6
13 34
55 40
7 178
136 196
115 54
34 189
126 194
164 106
159 180
163 67
120 62
167 121
188 26
54 131
39 180
10 118
25 81
50 120
6 147
185 119
96 123
196 101
7 158
19 92
109 128
89 14
192 112
155 194
50 17
127 85
156 127
169 171
68 108
141 113
198 1
27 25
125 12
23 25
138 151
144 163
13 180
150 31
14 98
157 24
91 132
151 55
28 88
85 176
178 192
192 40
131 164
124 127
33 196
32 19
173 183
104 20
133 16
24 144
10 81
124 3
83 192
12 158
190 153
122 89
89 66
158 16
74 140
79 56
166 55
174 35
77 170
184 76
35 132
104 108
51 140
106 175
70 88
188 81
90 129
56 31
85 17
10 139
85 134
45 79
162 26
42 103
17 7
143 194
72 186
182 115
115 176
5 131
111 190
62 78
197 88
120 172
94 133
101 0
164 85
110 130
79 140
38 78
128 99
74 61
144 52
95 26
95 20
108 142
107 0
60 82
172 112
106 105
98 108
95 86
24 22
105 15
6 11
69 96
3 169
99 17
199 192
139 159
170 39
15 104
147 106
71 64
158 133
117 106
145 186
44 107
159 58
171 162
4 194
82 193
186 66
59 16
179 159
15 109
73 64
92 16
76 32
52 193
73 109
18 100
116 158
181 183
40 92
102 189
145 27
31 35
130 74
40 193
186 61
55 126
141 151
43 75
164 155
93 75
168 160
26 190
154 151
183 156
97 185
151 181
146 68
66 26
3 165
137 113
191 104
41 136
63 76
52 113
20 5
172 179
139 175
194 193
69 95
56 186
7 18
110 75
160 136
192 107
128 139
105 170
57 156
161 179
183 76
49 121
14 35
61 69
92 155
47 18
15 26
8 180
28 159
149 154
97 151
173 60
118 195
119 182
90 141
171 143
137 22
150 151
91 86
133 192
126 17
189 155
135 73
7 59
25 189
34 131
196 54
57 104
12 69
178 50
171 29
179 88
17 78
88 8
82 182
177 12
185 90
9 90
146 187
21 136
81 96
136 31
38 89
103 62
148 11
48 46
197 3
198 18
87 162
108 53
3 74
191 166
112 197
42 3
12 110
51 162
186 35
177 52
118 55
177 171
14 54
178 102
96 13
137 95
57 25
198 27
143 15
122 56
110 81
196 149
77 28
119 133
133 38
36 47
163 125
184 31
105 49
140 171
157 121
18 162
145 182
182 104
100 27
146 8
132 139
30 163
28 153
81 53
186 47
167 90
37 25
187 117
88 33
109 82
122 71
170 1
165 17
16 173
46 121
138 190
29 130
169 28
92 26
79 23
4 188
33 37
43 79
11 160
114 183
43 115
75 11
64 103
78 137
48 189
71 115
156 84
176 129
63 180
46 112
40 166
142 16
60 53
131 41
23 66
163 157
94 86
37 168
121 75
168 42
21 38
95 178
75 137
115 62
20 156
68 40
106 167
93 17
112 158
44 112
176 97
41 139
125 155
27 118
140 135
66 168
38 7
85 33
162 142
27 131
108 74
88 137
70 161
189 20
1 174
107 66
152 5
24 60
103 94
54 119
91 128
83 149
89 65
190 110
98 77
1 30
86 178
13 56
111 176
0 95
123 43
66 57
14 144
82 25
74 87
169 104
80 64
165 171
154 108
134 136
102 178
2 28
10 96
50 190
26 177
1 22
51 196
180 153
196 12
32 50
180 82
117 121
54 167
135 140
129 99
76 162
181 49
36 91
68 163
48 25
53 89
148 175
53 16
193 121
31 32
195 6
87 132
15 192
166 185
96 192
89 171
191 163
142 109
100 43
134 18
131 91
47 51
189 33
48 96
140 184
90 162
20 198
148 195
54 183
162 79
108 85
160 142
174 78
167 6
111 79
195 147
67 142
77 79
18 99
197 120
121 89
98 50
129 188
31 81
74 149
130 60
123 130
42 109
79 52
93 82
179 180
72 6
16 56
32 135
182 68
69 19
83 25
171 65
156 129
12 106
78 61
111 9
143 122
100 78
98 23
101 41
152 14
172 176
40 148
161 195
27 51
31 61
187 90
59 89
188 24
29 63
138 137
9 60
185 20
113 169
62 193
116 165
87 81
97 161
80 4
155 137
83 162
44 51
144 151
114 190
107 139
105 158
92 18
112 163
23 179
131 92
58 84
113 135
132 88
199 161
34 89
175 2
167 180
187 123
5 160
25 34
84 104
51 161
183 191
46 178
37 127
109 74
2 37
149 144
190 139
35 28
72 149
164 161
47 174
0 40
121 123
70 35
65 153
16 125
76 67
77 106
199 81
25 86
33 29
42 11
158 116
100 61
57 34
136 135
128 1
197 85
142 104
118 116
153 76
33 112
189 58
60 85
146 99
133 141
130 195
194 114
75 15
22 15
181 93
136 19
198 127
153 147
47 7
117 2
132 134
134 6
68 76
127 88
49 145
