1600
662 814
898 1087
1228 287
334 95
1074 505
280 1465
1053 866
1576 1390
140 1218
1014 1327
70 1068
1560 1582
1138 113
884 490
307 1108
131 124
1386 1115
730 21
394 445
698 382
471 459
167 1567
937 1464
140 499
1370 1522
876 490
23 1371
460 402
1138 724
161 275
542 754
923 1517
430 1167
1119 1142
242 1078
317 1111
467 248
684 633
273 969
652 1244
77 727
474 151
482 493
1438 165
473 3
505 1497
192 948
952 976
1250 379
1178 1403
1144 699
1415 1274
513 957
728 1277
683 424
827 511
1171 1386
1535 1515
992 863
1497 969
454 1406
748 1332
109 794
816 1190
364 1393
462 1394
1447 298
664 393
1560 1182
1564 942
590 1496
55 1398
1316 1359
358 1556
534 785
265 1252
1521 391
1159 1460
645 1546
1085 525
215 1397
340 561
623 628
140 917
937 1325
1395 1364
1086 1435
1286 129
895 1188
1337 263
1536 386
1365 191
274 1415
1089 196
616 1326
1225 810
269 1147
1066 196
608 229
146 644
509 1087
1136 516
755 639
1422 795
1301 503
197 1067
1194 648
323 402
1021 783
1013 1128
840 665
224 246
410 1258
1577 544
917 879
610 1313
1488 967
73 1234
539 1599
1522 1045
121 1288
1400 770
126 455
1001 1301
1401 336
774 1293
1325 1189
370 1079
362 957
447 1433
1354 578
1548 454
1586 694
1549 1115
1455 249
1262 671
781 352
1076 84
841 1169
97 1134
304 1305
912 1354
886 574
198 1170
1445 622
1437 1256
1467 535
1153 1238
692 110
1175 1324
1459 378
968 1497
1085 1450
1418 1387
857 1096
504 1049
1312 1391
675 1168
54 519
662 1063
600 1445
617 1256
267 708
491 294
1471 33
460 545
661 678
1472 979
345 533
133 857
481 70
696 469
1044 602
1248 695
1029 721
713 531
1059 193
821 353
1052 1279
397 1296
715 1003
1475 1546
954 818
168 1541
417 606
1392 1251
951 1213
1491 1334
1564 1125
444 316
108 219
142 2
76 1189
429 404
800 984
1471 152
1575 74
1345 1284
284 228
1366 811
973 159
804 869
1177 1270
986 741
970 889
1173 1083
1163 232
1112 35
784 834
219 1390
1465 1448
1333 1473
315 266
1296 813
404 1049
810 1435
1470 26
1340 1544
872 1047
1532 903
430 852
1226 1248
608 5
879 610
689 1285
776 1059
944 919
600 1167
746 1570
1137 1469
790 687
1146 1367
935 799
205 1383
798 820
199 172
879 1028
478 326
1438 1580
560 25
301 133
1152 15
1190 742
241 1371
521 1177
921 610
423 376
263 29
425 1231
1229 906
1307 1185
602 823
162 767
98 587
1468 1361
83 249
279 1434
300 1204
688 1476
66 607
667 722
135 1084
777 1490
198 302
901 182
858 1274
1434 759
1591 709
1048 517
1438 218
1474 1536
496 1294
95 965
197 743
142 271
196 1065
289 734
374 1393
175 584
1240 985
787 452
315 850
185 995
872 1230
373 235
550 1337
61 561
614 219
127 1121
884 1580
1501 9
1240 1396
440 536
107 740
383 0
515 691
407 437
905 845
1072 68
788 28
791 1113
1037 676
653 1001
244 276
406 188
1001 724
1498 1469
406 859
554 809
638 851
1429 1451
881 1130
621 1123
106 677
713 959
745 12
382 608
733 1022
1455 1099
748 1108
1156 309
1252 688
395 1206
231 1439
1534 1067
970 977
1143 535
654 1434
1015 326
931 810
365 1518
935 586
1532 136
518 904
589 1432
1432 1556
725 746
437 360
1244 1258
72 1553
5 178
1595 957
291 1266
302 99
1323 796
1133 1
1227 105
54 906
1315 961
684 1576
1316 208
956 1538
288 1588
732 906
1511 588
484 345
412 1306
184 1157
236 1171
170 605
1405 1311
301 337
1215 391
885 187
1349 777
1084 308
1532 1405
1584 208
1000 566
1566 698
1435 1385
161 345
840 1200
872 1535
337 917
462 1172
949 842
1195 1253
834 244
1045 494
282 231
891 956
711 589
509 304
1423 667
1070 406
313 1247
576 851
1415 1235
873 1198
1047 171
300 616
519 1441
245 1264
449 702
998 461
1553 1524
1517 520
864 1044
171 554
607 1535
659 1543
30 599
1181 452
683 1198
1070 209
520 434
62 752
296 958
147 933
580 56
200 1163
336 1524
1457 416
40 102
1335 326
545 436
1310 809
1161 13
1233 1102
380 441
887 1235
611 1355
1447 1107
654 92
1155 644
331 1099
39 437
1138 771
1058 136
666 927
623 909
566 267
1302 592
1290 939
1037 815
32 643
1514 1277
78 1585
284 1434
557 982
862 427
103 1203
511 1134
544 1555
60 91
1373 1336
1259 867
822 1596
532 940
220 621
1134 594
381 977
97 378
1035 664
443 528
640 567
1279 1518
377 963
1435 1345
11 1442
979 1520
889 620
375 207
237 1134
289 769
549 285
22 760
503 1464
797 1426
45 1167
1124 1029
1222 424
2 444
1419 73
18 552
1047 563
720 878
1141 360
173 153
937 1444
666 375
900 96
436 658
503 373
829 721
732 446
904 226
122 280
1405 624
1051 354
217 629
169 643
232 937
605 1048
731 43
911 20
1287 275
1542 780
314 1269
232 616
685 333
532 535
425 76
847 595
938 516
100 626
1365 932
317 1018
926 323
11 28
357 9
41 1067
1458 919
1303 1201
217 809
1267 89
754 255
1233 1268
822 883
528 667
315 1238
545 612
1189 941
411 1527
1003 856
1477 1190
700 1472
871 253
1125 312
839 366
1140 877
402 426
73 978
1041 100
1347 381
1112 1262
145 809
329 1347
1341 1570
187 25
1519 519
240 1228
157 755
29 1126
811 369
878 901
50 1343
670 599
775 1124
1529 1267
801 189
58 1190
202 1525
1193 295
702 1352
1024 272
1332 1150
1047 370
1598 149
916 430
1527 1192
444 562
221 1185
1312 1202
1232 1313
251 369
1072 164
447 404
1054 793
618 227
108 978
1038 153
604 242
565 1267
1305 292
969 35
655 1147
1421 1274
1495 257
927 813
47 1362
1478 1282
1353 1103
620 1244
371 892
1033 485
764 1040
1507 796
16 1238
1009 1424
264 42
403 207
1121 1452
117 789
884 1198
94 392
316 1142
109 760
1533 713
1293 1568
973 147
656 867
21 1580
1369 1263
1049 1540
250 436
858 1204
331 589
1450 1349
801 974
904 987
237 101
1111 1514
1072 1135
116 639
232 144
712 868
686 1151
1023 1194
219 883
1485 716
766 846
124 1007
898 1059
1474 1196
1565 1456
1578 819
1178 322
313 1095
258 782
383 1079
499 1059
196 1320
487 572
1296 1458
951 947
1326 978
1486 1271
948 1500
710 1332
371 612
51 1410
791 100
1334 112
1184 377
1286 1203
1366 1004
1387 902
804 1530
1224 1077
158 1054
1369 593
330 1526
1094 817
157 163
224 191
474 1272
918 529
723 920
1382 318
15 4
1032 1044
1315 157
697 489
499 569
1579 98
350 255
348 25
1598 1353
344 441
1286 1367
539 1597
60 662
215 276
214 1567
1346 1224
260 1001
479 1345
269 720
466 1001
1190 652
23 1516
53 570
994 55
1450 509
777 1313
324 1592
1571 1300
518 730
1253 1338
782 532
761 271
259 564
695 1507
727 1274
1300 85
1369 769
227 407
475 1017
1447 1395
68 1371
1053 257
1594 554
185 922
1090 91
388 205
986 32
1198 1297
305 1031
1046 63
818 99
754 860
318 253
426 1490
1051 923
52 374
1421 621
1517 654
1328 127
982 1156
531 1270
1348 1556
590 85
68 204
52 633
1446 1286
621 42
779 1327
823 660
546 282
176 1035
1040 131
1339 679
909 921
1097 1224
1361 509
8 416
581 645
187 676
551 628
634 21
28 790
651 1179
514 578
934 1043
554 284
776 1504
1031 434
1161 1253
535 654
139 1367
459 1167
72 1389
456 1421
1002 1075
1321 786
578 734
206 463
793 366
836 141
1499 659
645 1083
291 276
1210 1326
1330 1578
1490 621
1314 703
630 758
1359 220
845 815
749 839
589 1431
22 507
71 116
1478 1262
297 287
560 334
188 71
1144 1341
967 1332
1367 1117
1265 909
740 1467
317 409
879 1353
533 123
681 929
690 1096
1083 667
1275 176
40 1178
333 387
1076 74
1089 683
846 843
1404 994
871 111
813 214
89 664
1149 1048
397 1215
1460 1111
856 923
134 662
634 687
682 1152
1440 1550
566 762
434 61
1317 411
276 499
648 1501
1535 1315
1084 1248
1166 946
692 806
1243 249
1050 875
967 505
394 872
1128 1375
71 222
981 287
541 617
666 439
144 449
1362 916
935 16
1005 485
1458 1331
780 724
1096 390
1269 658
1344 1255
540 999
1219 618
253 1350
218 1489
525 310
1347 1298
399 385
1031 1321
1451 197
92 407
1044 405
1437 1074
1273 1520
1513 322
1429 306
396 643
661 1471
1154 525
379 219
874 1014
588 234
1304 98
1513 891
1120 855
1325 1020
1155 976
1451 59
598 977
944 1268
110 262
1289 1423
141 1134
939 770
1575 1321
1083 167
1194 1204
295 171
1295 1163
1121 41
649 1295
1587 177
853 1475
716 709
457 736
278 1423
1466 456
1258 536
933 1276
1408 978
1459 296
953 1001
1450 417
1408 1433
432 990
1480 295
594 513
366 368
576 1036
1379 264
980 1263
826 1496
316 501
531 538
1075 1218
378 1239
330 450
1184 242
42 1284
687 421
718 1509
1123 383
194 492
1242 144
682 1460
1014 221
249 1116
433 1327
386 360
119 315
439 733
1116 1339
304 495
450 717
1500 1496
58 581
555 84
805 247
1145 317
463 350
1281 708
276 902
1391 436
1449 631
243 1214
1524 1554
29 1333
847 481
602 595
1139 81
1498 374
619 1345
816 246
272 606
1530 1526
546 640
492 1299
917 648
1378 548
1462 107
71 23
393 336
895 883
421 158
448 1447
515 1466
1011 553
976 691
941 1544
1111 161
1015 123
1136 534
1413 818
1030 1252
958 1058
1267 952
870 736
351 1001
695 39
1539 869
265 1382
1497 122
549 779
119 599
1540 1369
410 634
662 1314
472 823
299 720
1018 775
1303 1400
1095 651
1320 1388
809 510
190 310
270 544
201 223
1429 464
813 637
220 584
646 589
758 313
965 1112
520 1593
307 1223
497 560
615 728
177 91
608 1187
109 1133
452 1222
663 901
315 1265
132 290
321 373
254 626
56 391
1147 1414
257 1379
617 780
428 1519
164 1026
1354 300
226 1075
472 939
676 985
201 928
1370 507
293 318
495 422
1344 602
7 835
1230 39
639 141
148 75
843 27
1233 1146
865 626
261 1480
1599 68
1510 1539
59 1546
579 368
610 551
92 1357
1569 1387
573 1078
854 1025
1384 114
775 606
236 321
1411 29
239 27
67 1430
398 1546
699 1398
386 489
983 95
477 1336
483 1595
290 444
345 333
557 864
277 367
1192 788
580 1504
1370 609
1266 1561
855 823
572 1447
265 607
563 853
118 360
347 1
370 889
166 1512
1499 1272
1087 181
590 173
305 561
929 104
871 166
632 713
733 730
1103 1500
1285 1419
1453 283
1283 1009
80 672
1473 590
683 1480
826 1146
1142 539
825 870
1381 278
1401 868
308 595
421 1226
1134 1354
169 172
1439 450
625 324
1102 503
815 722
1287 1147
461 386
1231 66
1421 1092
505 248
918 640
1147 416
1283 182
522 884
742 356
399 1055
458 482
1103 596
778 1017
377 980
1360 630
1285 1273
1022 332
915 134
1161 1361
1467 457
1353 1437
1221 933
1448 1006
1373 946
1591 250
494 1034
179 870
1092 178
1554 1112
1526 540
1034 1323
76 790
1058 490
128 220
1023 18
1298 589
322 35
69 1121
1119 65
424 905
809 1431
1299 672
670 634
1479 74
1014 269
171 1469
529 1115
104 1345
789 656
1325 606
1379 1563
757 1252
93 303
159 736
588 772
1080 593
227 383
1433 493
508 1502
307 757
1524 576
464 1457
829 1427
792 131
339 391
671 1512
192 64
233 371
246 870
1524 1223
97 887
99 921
1492 305
856 1509
130 453
1217 1247
1001 143
739 1194
1386 596
527 977
1378 462
818 1579
308 551
554 484
762 1005
1219 844
4 1415
514 22
1211 1501
375 1334
1336 909
635 1515
1065 796
1195 374
639 1493
570 827
894 1040
973 1363
1562 1260
1452 912
798 327
877 162
208 88
24 540
1504 219
1077 484
830 1517
745 880
1110 1047
887 1075
994 1417
1484 762
1476 396
793 669
1236 748
847 406
906 1087
268 704
1547 1462
507 397
1356 227
1549 212
698 1100
727 430
332 101
115 590
1170 568
541 240
1241 70
833 1152
357 1525
387 1433
761 850
1140 473
1214 224
1413 389
1418 580
1418 1022
1181 1372
691 456
897 585
557 607
231 1596
776 278
1099 149
479 412
534 1347
1265 703
1018 488
303 41
1032 1483
34 762
130 123
1043 253
644 447
261 12
1385 673
1517 736
1031 74
1282 108
522 218
151 1409
1164 846
328 225
1394 684
1432 78
52 607
1506 1556
629 1324
879 327
1588 91
1556 409
955 573
910 562
1358 1344
955 1533
1356 1345
147 1038
378 345
1181 692
481 1525
63 137
398 1452
1343 1206
367 66
168 319
546 49
596 721
1272 439
1171 1166
120 312
1229 811
1036 798
47 1373
1280 457
1436 1574
1580 211
60 450
647 1348
675 1521
1486 1224
294 1326
702 1115
1249 810
1022 121
1073 1184
1377 157
335 1563
582 637
1357 804
1262 1118
369 708
78 117
1042 840
923 463
246 818
841 1314
975 775
80 176
1348 1593
1589 886
651 1047
127 242
712 428
589 1597
1084 206
526 577
1275 1063
1227 1203
241 469
19 1583
165 1240
151 688
471 110
1091 1413
231 791
1323 1236
462 996
1306 1352
1521 1031
1178 705
209 875
657 1200
958 760
1280 1012
227 1148
1026 1574
1545 146
153 21
978 523
831 609
769 1448
1365 1446
1013 868
987 1249
632 1038
189 1318
552 1466
15 586
1072 18
977 260
1013 1336
717 482
1149 121
988 648
597 50
351 654
741 535
1363 797
100 630
1173 437
356 496
573 825
792 1081
711 570
658 41
181 34
437 1560
337 536
467 129
1218 1377
987 210
992 1389
875 1520
41 1230
1319 1560
166 337
1438 1028
1538 1365
1256 250
966 1134
342 1536
520 1475
1376 724
549 440
1228 1580
266 97
1415 703
497 359
1109 119
59 728
538 1120
1070 1319
1130 1547
441 1140
899 309
1537 1284
176 347
343 1376
1264 864
975 315
843 1071
1228 1329
696 969
225 1149
608 310
1591 545
821 737
1217 1438
1171 507
1466 599
733 98
935 878
1406 863
762 933
759 937
191 610
714 1188
82 230
483 968
588 1023
10 868
289 656
1327 1077
1462 729
788 1369
56 1421
627 105
803 504
27 425
1408 923
862 684
1028 171
403 501
969 916
1025 127
630 1012
256 378
880 912
1209 77
1459 1522
373 242
1421 787
1490 314
249 709
593 983
415 28
494 1320
1442 239
1397 260
1125 1083
1081 480
1175 262
1019 16
852 328
982 91
360 1072
1423 169
1594 441
1399 614
1186 714
524 1428
10 81
69 726
228 8
1335 1095
1574 1174
1590 499
968 1368
1590 869
1431 751
794 1404
226 905
587 481
1112 1263
536 770
824 173
1108 1395
261 578
129 438
388 440
744 840
1472 1549
776 689
674 1154
1288 1164
722 277
1241 1537
1597 601
1211 325
151 1356
32 538
273 506
534 1416
459 1185
51 700
1007 1383
384 1406
1423 954
751 130
388 618
1424 1168
1017 36
1151 1183
1221 1498
628 1504
1094 904
443 573
1538 307
1277 1190
1313 1519
489 536
1509 1137
1285 781
1490 858
669 402
685 394
353 147
1597 749
1114 1120
349 653
1153 1032
1071 1403
1026 120
1433 1478
971 533
326 647
838 782
842 1570
392 228
660 290
817 1426
1039 410
767 335
1372 116
138 43
907 1339
552 330
1028 238
297 792
913 42
1078 1274
575 1035
1247 498
1584 637
822 1093
951 1352
178 121
869 42
1157 712
1081 1377
1264 152
1086 1168
1331 1336
1179 970
53 1204
477 974
546 430
619 580
841 830
736 1425
839 1377
1284 1567
972 1354
71 301
851 200
113 1578
1289 1003
274 1288
299 1361
1422 743
1070 1503
1411 342
989 1020
687 604
766 1299
772 1372
327 710
1426 210
1241 501
115 457
345 1525
1444 585
1097 523
1227 1107
347 637
549 1136
861 1294
366 1196
547 1357
1223 351
896 1422
1345 681
270 796
272 1575
216 1141
1530 964
616 24
1350 18
175 648
810 605
378 1007
40 781
1510 567
936 10
334 918
728 412
785 390
534 1517
792 148
1135 391
597 560
787 1292
1065 1244
8 475
389 1499
1309 392
468 229
144 1108
19 545
197 51
500 289
180 1475
101 1492
1416 1259
543 788
1232 732
268 1116
837 530
1189 933
558 941
717 533
894 184
1558 1158
116 917
1454 292
1081 1372
816 603
826 138
895 381
328 796
1007 1343
680 357
755 687
690 1255
962 565
446 1583
1425 85
966 275
978 1307
647 577
1331 681
88 577
102 926
1516 632
1258 433
10 905
421 1008
1067 75
453 1333
1182 1266
814 1323
927 454
1476 905
1416 1504
213 379
396 542
143 1529
1029 302
1253 167
661 420
379 1305
303 223
1107 78
1250 239
461 129
1354 1325
1282 177
203 474
41 418
528 956
451 897
32 126
985 1289
825 927
911 1337
716 1142
721 785
1252 724
1281 1082
153 1154
735 1426
1329 1269
1016 1232
358 1252
402 1181
62 1193
412 1051
809 1178
1100 339
58 977
1392 1429
559 1345
1519 1313
901 1167
340 538
124 387
946 847
309 715
379 269
683 545
1024 121
980 633
569 776
1171 127
1016 547
1237 1196
1006 1435
391 1199
1342 1
834 103
446 958
997 539
1254 1100
1361 873
1115 143
1396 1363
1343 824
1228 630
727 423
544 339
769 1461
1328 71
223 912
262 1490
1209 294
1272 104
299 451
1033 852
1294 701
1540 1331
1250 896
255 107
352 1480
1463 662
1458 357
1193 885
679 1518
1397 202
1245 995
679 625
1034 356
605 1029
481 1158
1268 1232
119 653
977 1471
8 275
123 883
62 1220
810 1065
1436 489
322 1167
739 66
1519 1071
396 1255
766 219
700 110
892 822
1108 866
85 1307
37 850
349 1221
903 668
104 1477
1042 1292
813 876
252 493
1062 359
64 178
1457 1145
63 1230
1129 763
1170 1192
341 1549
1477 678
128 1545
962 443
785 1044
145 1285
1372 558
82 471
646 992
930 1130
333 1574
1164 1520
858 480
1180 928
530 886
100 1558
1578 772
420 510
1521 891
681 1074
223 496
804 933
1431 601
661 1516
591 523
1278 1137
836 1252
449 369
57 1501
293 1320
300 112
189 573
1152 1473
319 450
1468 428
913 109
212 393
244 166
291 989
1132 687
186 1486
161 926
460 1114
1537 666
1075 229
471 513
440 481
1318 1388
667 1002
686 1137
312 155
242 783
520 1253
16 873
1485 287
538 463
1297 1435
676 381
123 130
142 734
1590 456
521 537
754 1297
751 240
114 953
974 970
538 1015
1558 272
125 1148
1445 474
283 849
1055 1305
1213 1016
607 732
1264 1447
1383 931
285 1104
392 30
750 776
488 946
992 9
1258 351
626 1499
1197 652
1500 564
978 1545
210 474
1249 267
1023 842
208 807
211 1084
195 448
434 1376
1501 880
998 444
213 851
988 1113
1105 1137
950 143
1162 1149
856 1131
1570 606
984 824
873 378
479 152
614 534
1095 354
734 421
1187 690
1212 1247
1306 1234
1470 1034
1430 191
1185 401
236 1046
1065 996
1367 412
578 1408
1139 406
1387 983
1332 562
347 69
419 730
1570 1035
1056 1308
466 607
1375 188
1475 1298
13 692
562 187
1064 1167
1123 1462
744 354
238 712
1149 412
486 769
932 1104
548 1467
1130 1116
89 1167
368 985
316 604
957 1238
1115 1392
1382 103
1350 95
1320 498
51 993
1129 1330
825 1141
1150 171
20 1429
867 573
25 921
800 1422
674 26
1298 746
909 399
1307 659
1432 124
953 24
627 1355
62 1318
1361 1095
31 476
374 369
1261 959
153 1286
882 97
572 715
805 1134
1558 807
1457 239
163 914
383 1267
288 851
1402 631
307 931
1416 963
638 1521
849 1462
16 952
891 901
694 523
990 715
1192 1193
464 421
1504 397
36 641
429 471
109 473
56 219
737 514
542 1395
747 224
592 704
888 854
387 1064
1156 713
1166 609
1021 1400
1552 1574
1599 1487
1346 641
383 351
545 1578
1116 670
1106 685
1534 280
1280 51
656 1010
357 1033
181 212
200 1014
1382 390
409 158
938 55
161 117
1009 969
143 797
995 602
506 673
1207 475
703 585
797 46
1566 427
702 1250
472 357
1581 1218
1274 630
433 1549
229 916
938 1434
684 1256
418 1575
1008 85
1310 1365
1037 1123
1561 276
300 262
296 172
782 330
1259 212
416 226
1547 1028
224 12
1489 913
838 854
1321 15
635 379
501 1233
888 1030
23 909
1010 1270
1020 81
133 1400
95 455
53 203
1247 1218
490 1452
164 679
105 787
574 752
1151 519
1555 478
594 1000
341 856
1284 148
1426 1597
562 568
1076 104
1147 1200
110 784
128 1552
118 1161
146 191
1503 974
709 938
1347 791
789 608
1508 0
781 152
880 1469
1160 1398
537 1136
101 203
532 625
583 699
1163 1130
802 23
1539 1243
827 931
340 1554
1525 1398
1565 1316
141 646
155 945
577 847
565 820
9 1514
418 929
514 110
1117 1187
751 335
1266 781
94 848
2 300
1039 1548
1452 246
1552 93
435 1151
1588 1226
1500 1506
1250 1047
1119 1021
1002 171
1504 103
243 151
97 1174
572 1117
948 1556
159 1015
867 574
908 1598
578 1088
693 1028
1598 851
389 129
529 1484
1331 466
1272 1533
841 761
1105 546
1472 451
1424 1421
1580 356
277 626
872 464
434 506
609 514
706 1432
1330 1594
1347 1245
1174 291
320 886
175 565
1010 601
394 746
1319 702
150 640
220 1316
643 1015
697 1205
897 543
902 1129
962 372
75 1424
518 1287
621 172
1582 1164
571 943
609 768
1247 100
197 698
498 1462
355 1111
333 1438
1494 757
301 1287
131 1490
516 277
428 1317
596 478
231 1135
1255 1516
1064 189
86 133
813 264
314 1187
885 1121
941 12
868 1344
171 582
1242 418
1528 1187
568 1542
1583 1041
417 258
775 1185
419 1053
793 671
704 1263
753 1196
1274 1118
853 1209
1235 1551
790 657
1540 549
1294 1174
876 880
217 1299
364 222
781 1565
837 469
152 612
1003 782
920 859
1431 509
1362 226
591 964
1491 561
1223 1121
1437 1474
808 1157
774 269
739 147
1576 1436
1357 1452
136 106
99 25
1384 462
36 1136
930 633
1386 922
1326 70
17 548
930 553
177 1596
155 725
897 102
729 895
250 579
1482 270
322 949
1375 1082
81 1144
773 1527
1364 851
122 799
1057 954
1204 1128
715 1173
1544 349
569 1150
875 1098
1483 770
1069 1321
110 1593
476 1163
495 257
1014 1128
1303 1438
1246 1470
414 907
1518 840
1555 1103
1341 1314
1424 1179
37 67
318 1554
1529 95
502 529
1290 845
833 916
130 906
0 1388
468 1302
1098 1318
1376 46
70 561
987 1351
1126 377
452 1062
1501 1416
1586 1031
666 1159
1491 982
1577 792
1063 1035
1543 690
90 376
690 1238
1506 205
255 327
87 911
298 1576
107 76
1506 0
227 948
352 466
625 1570
996 918
662 1134
1442 741
844 646
1109 662
297 1091
1199 1391
1467 393
501 1235
1230 970
1478 1076
878 1397
1137 211
802 730
386 1102
828 772
478 1158
708 1081
1221 1021
1101 402
842 806
1308 285
1057 182
562 1572
531 1410
860 1374
893 919
1281 30
1295 192
1032 1574
586 1022
895 800
167 649
1335 259
1333 1107
1318 1530
939 238
1030 878
327 1342
67 373
964 203
1019 124
516 1275
413 982
65 1589
403 152
1249 275
207 535
135 370
579 1349
485 1059
116 894
1380 352
540 755
563 337
721 632
1103 192
12 408
779 581
932 92
313 1109
1350 945
736 963
442 375
695 1261
1220 1106
3 100
903 90
366 1567
49 497
1458 258
65 1226
1229 597
671 763
369 79
1120 569
1374 664
1051 757
1052 386
977 1388
1404 1458
720 537
1541 188
111 777
1520 449
1129 270
871 392
904 1392
587 756
612 922
1082 1385
947 695
1046 49
632 718
409 1177
422 255
981 452
548 1304
1474 964
1222 1272
993 1064
1571 940
1334 314
569 1336
653 353
70 386
1568 742
698 745
1266 911
1389 868
141 755
1038 838
1292 326
995 1465
252 371
1160 630
64 1032
1321 1433
30 399
1142 710
774 208
710 128
835 175
243 99
1324 75
1249 1028
906 28
709 335
1461 1383
1248 66
1237 1516
1454 998
594 646
359 1291
1596 1471
1079 177
556 75
234 984
365 1523
1284 578
1417 640
310 460
420 797
192 250
1554 1169
1189 444
1220 757
271 86
1592 1102
186 461
960 712
1245 1473
1291 147
1123 624
764 1334
176 551
80 1214
1544 562
1281 1006
1515 315
857 1301
360 604
1414 241
240 532
1483 1206
767 975
1463 989
889 97
1239 848
1144 122
791 923
1017 1536
1325 11
314 870
637 1452
1561 1519
1094 90
364 724
430 1407
376 1183
180 906
445 511
1035 1254
1107 7
1289 763
1430 717
933 155
1464 1245
1153 1075
1078 778
1082 520
480 31
936 1412
90 507
485 1231
1277 324
280 113
593 363
113 1292
396 406
327 1297
270 653
1523 1245
156 919
800 449
771 196
735 979
1410 741
1305 172
1360 1186
784 1084
423 231
1302 798
306 1344
691 80
1224 1281
1212 212
439 366
960 133
1201 395
457 356
1246 1060
1320 768
316 553
205 619
1188 112
1163 858
1301 1451
641 1312
356 1227
892 774
413 385
1551 586
783 166
76 188
143 1061
461 414
623 245
1335 646
321 504
724 639
1059 1169
901 880
1592 703
57 64
711 1308
664 622
1253 927
656 758
908 318
365 656
435 106
1342 407
1484 333
889 389
16 474
427 1220
673 196
1521 63
637 527
847 1106
1539 1488
712 284
605 1419
715 966
639 1143
529 705
287 113
1578 1012
1559 1367
423 87
1082 157
1089 322
492 1115
1599 820
122 268
1092 523
1317 768
836 756
713 1399
1533 1130
932 129
592 1560
1045 1099
1578 32
561 94
37 215
154 792
1102 1417
1111 1175
596 280
717 1430
742 68
1340 558
312 297
699 120
464 959
1422 1287
1239 272
678 1477
267 1036
445 271
865 1132
24 1469
551 630
579 373
1235 1
1351 216
1216 382
355 266
1169 870
574 992
526 256
785 477
1208 32
371 1066
506 605
257 426
111 1326
251 588
440 431
1233 1094
963 930
828 1259
1571 385
1079 120
1423 1428
1587 332
1124 388
1456 1405
1172 1019
602 1189
561 449
1085 1268
765 1293
408 1072
631 1530
1512 399
645 388
179 900
708 814
1401 1490
718 1205
1097 768
119 225
1045 39
1496 95
208 596
1352 492
920 524
705 975
90 924
1472 103
1374 740
999 956
650 989
222 1071
245 175
205 487
411 623
1017 82
424 1594
611 806
1407 1412
1272 699
497 74
901 1367
1591 1137
944 1067
104 257
1551 321
797 1246
203 879
245 441
948 427
1589 966
424 768
763 430
1568 777
39 642
459 992
1410 1474
1497 1331
696 1557
659 17
1035 481
1198 207
64 1436
710 1377
638 828
1118 1129
1431 965
149 1000
246 21
467 1207
483 224
1409 1094
1227 304
1311 812
320 334
716 673
1515 1480
1005 925
49 637
768 464
28 1319
675 367
1028 1496
767 851
415 519
631 1175
909 1520
1418 1552
956 237
317 421
368 1061
186 765
406 1204
692 794
1358 1282
1557 648
1081 942
1557 1523
451 407
631 254
454 407
281 274
620 1020
1242 360
1079 1227
756 617
88 994
564 877
1225 1438
977 996
906 1300
266 1116
1057 17
1440 899
893 1077
1351 514
148 332
751 101
1466 698
969 111
296 1390
1372 869
1161 728
1529 1338
106 694
235 347
695 1413
1392 215
363 1464
283 281
1391 1313
940 735
519 423
170 229
814 544
207 474
1397 875
1208 852
677 749
1336 549
98 361
122 1207
1380 1436
1405 1437
1292 873
75 734
1183 783
368 446
689 1074
209 90
908 965
1312 408
1300 354
1427 847
1185 785
649 658
149 623
1585 953
484 700
362 406
120 507
465 1239
1566 895
1130 998
441 1435
1450 393
1080 807
558 1387
1443 1475
746 1397
376 1295
1048 1015
1251 425
1185 1325
1119 1524
1202 980
852 1198
444 165
1238 432
219 625
30 933
453 1362
179 544
59 1327
997 1295
166 1153
363 1056
259 1373
211 1093
439 332
1216 683
814 1154
443 1260
722 411
1278 1225
407 859
1349 1011
1575 1354
318 74
407 500
756 727
1018 242
846 1211
1567 1532
502 1165
338 720
664 1311
388 176
1441 408
784 1163
963 837
486 262
850 92
733 64
106 1282
1096 71
914 568
760 295
208 1065
701 389
50 321
1487 213
505 733
958 1011
732 882
636 1562
1400 1004
686 1096
85 363
984 442
887 1321
93 1434
1127 1424
1538 1212
748 1170
1349 913
77 627
753 671
807 1505
584 879
374 951
44 695
265 825
646 737
397 1406
1069 83
1379 549
105 692
1530 588
146 1478
3 510
269 1513
303 384
1354 1167
382 200
1066 869
541 533
450 279
933 713
966 1212
106 165
77 850
614 1228
218 1279
1115 590
606 921
1105 511
263 1336
550 599
454 1452
457 924
429 448
1595 866
1559 649
704 1558
92 1511
682 90
941 337
900 609
886 1181
1558 701
888 1588
159 1234
537 1388
480 110
1497 1421
319 378
997 1463
745 33
791 1059
634 689
953 1388
867 1205
1140 411
79 37
945 1133
1127 214
179 1336
1363 839
1376 77
1445 755
92 132
1241 1388
1503 1297
1134 1343
351 1339
821 339
1061 1541
15 251
719 521
1350 733
468 319
203 143
603 1434
435 1531
494 1470
187 934
737 1595
1527 1104
195 189
11 291
418 371
1351 494
1260 278
540 1108
1536 640
1321 1096
1089 1366
757 1069
405 431
108 342
976 457
1310 852
234 843
1010 1496
33 296
725 451
1360 1359
606 134
760 713
1531 207
1213 580
707 1543
925 1517
1487 645
831 1438
1243 918
1047 98
9 162
960 1094
6 1574
1146 304
770 860
363 623
1128 323
1520 308
950 1094
1244 996
7 813
1327 1245
310 1021
900 205
375 1428
693 629
493 912
806 148
968 280
384 1010
737 235
1495 271
12 87
1582 876
968 1304
1139 498
253 439
1110 1536
1529 1196
861 1064
88 1036
1313 1462
167 1355
1593 1470
561 1324
1311 1560
974 1130
1175 873
1576 111
99 1041
643 1180
17 613
884 1369
883 597
1323 437
796 931
808 542
772 46
1316 840
1389 159
670 1570
1277 159
1254 625
811 264
1252 1079
511 832
414 1497
342 430
88 1116
278 927
873 299
102 872
166 1591
419 503
304 669
510 1440
1020 1437
567 1026
1267 1168
1453 1504
665 83
350 733
279 1033
490 778
446 327
1276 1245
1514 37
1480 860
521 784
1190 1339
1087 1398
753 545
309 10
578 887
599 960
1232 672
629 239
1004 1253
55 545
950 903
1344 564
323 968
1405 1589
1488 410
1314 1134
1289 142
563 388
727 1082
1314 904
868 1345
1362 1184
1114 962
361 98
1489 1590
966 525
1080 722
491 861
730 485
247 1010
1318 1164
1022 145
1033 678
1337 983
1182 403
1402 705
1055 580
1476 565
641 1124
738 485
390 337
135 856
189 963
1042 707
1146 773
1542 214
1084 552
1273 375
1248 1549
1582 896
500 488
173 571
46 560
168 1094
125 176
1207 533
1425 775
1216 979
756 789
1143 0
736 767
1560 4
848 1134
1461 1252
1572 900
1410 781
220 1243
794 1194
1479 544
257 1390
886 1302
580 711
628 947
924 1285
550 755
934 652
1167 1244
1320 813
399 937
1160 705
778 329
82 1163
1121 605
535 281
644 1015
1364 1522
1556 32
989 866
1465 950
1204 1269
332 8
665 602
817 1230
1475 1543
1355 26
861 1362
229 123
758 1139
91 1064
1504 917
1296 764
1077 1326
248 1246
720 1155
293 221
81 119
1393 919
1565 448
1489 793
1518 42
239 582
1324 1128
31 673
1220 764
724 668
1573 1130
725 773
1370 1037
648 1495
1360 602
1358 60
992 1259
1027 537
1174 1268
1104 411
5 310
212 468
223 409
1448 793
360 318
1000 336
465 1172
981 1181
1199 792
1215 1345
807 971
1107 1013
38 1224
1503 38
860 407
946 187
1223 966
589 1317
249 1216
160 1432
770 834
775 307
469 1178
121 415
566 1237
952 1104
210 1116
516 1441
365 414
701 39
1542 658
378 81
1015 1565
1460 821
1154 1472
1345 876
1326 224
703 1446
1496 1268
1120 915
282 1319
946 1030
1220 584
744 118
1130 252
1379 1294
1389 780
1299 1172
377 325
597 751
1210 874
605 853
1107 934
650 156
1446 1229
325 1196
42 1159
255 75
278 743
949 1350
898 1068
371 1279
536 109
1479 305
646 794
1115 161
1280 520
1460 266
201 376
1327 1275
915 348
39 1152
936 309
718 1161
1002 960
276 729
1528 503
1500 613
1132 1593
671 1527
911 306
501 1142
1322 142
1071 192
582 438
46 357
1025 1581
689 1059
1294 1139
213 813
1085 1370
416 1096
1393 911
384 402
40 279
553 246
1156 1551
846 404
1398 1009
869 358
795 881
1342 829
1169 1319
310 710
1164 892
455 1280
976 362
815 1457
581 477
732 910
830 954
1068 1373
908 1411
1245 1506
1387 779
567 1152
780 185
1090 166
1565 1077
1276 213
987 634
1470 310
1060 1256
1426 1477
385 1380
1125 1241
518 459
947 708
1576 994
1196 945
482 597
172 244
947 948
1485 1575
909 1284
247 176
1511 316
359 1357
1365 746
345 599
63 289
685 1440
1246 1379
1357 1069
864 155
464 755
536 1424
1398 1263
860 1451
1481 587
501 677
748 879
1543 565
484 1111
1433 410
1041 1447
1388 500
1385 1468
228 1384
416 487
372 712
1346 1185
798 1580
1082 1343
1557 253
858 960
487 1190
509 982
783 1375
741 1157
653 1347
1363 909
848 786
225 1214
181 1294
921 1568
750 1481
94 362
195 272
524 263
262 391
618 956
519 1580
230 1089
1295 171
3 1365
1369 49
6 1115
1183 765
431 231
1037 127
298 811
348 661
455 240
445 1399
1214 970
1214 134
799 1323
1359 66
840 930
918 13
530 538
1338 608
1444 344
757 230
24 1411
402 930
1306 1403
1163 1187
263 15
964 594
1310 86
1266 360
196 757
216 1456
102 852
584 1303
253 1162
264 611
862 676
237 1499
624 571
860 468
1127 1021
528 134
84 299
714 200
1102 259
50 23
834 1582
711 1212
173 1358
344 94
770 666
1086 635
14 619
112 764
1352 239
660 1000
1373 147
786 1532
242 284
1507 1146
1258 974
290 1160
1006 520
965 1187
1547 640
925 1467
117 868
1553 926
132 113
25 5
10 1378
896 300
14 1107
101 52
812 1225
577 792
203 2
434 907
98 718
883 563
591 386
295 477
25 438
55 103
447 354
1284 157
77 267
400 1388
956 158
611 1062
248 1411
1054 352
803 1200
473 1130
1270 719
674 76
882 805
156 645
845 764
723 770
1151 1043
888 532
444 508
878 963
496 1299
580 376
1441 1215
1260 347
911 1173
1515 875
361 1585
959 801
1559 564
572 137
1000 1487
1053 1246
613 1170
481 1122
1188 792
848 15
311 1133
678 1134
1551 1319
1165 49
503 601
38 89
1291 181
9 1057
866 281
488 357
26 9
1022 544
876 189
784 835
1444 1187
868 1274
635 535
1561 929
461 1319
1200 1420
755 280
824 249
114 1466
1298 763
499 921
1298 453
1201 56
260 1029
496 1425
1531 272
819 798
890 415
922 1176
342 1113
719 1225
312 982
1150 827
1294 1555
248 884
1095 1226
853 457
72 529
864 874
174 283
850 1591
1271 1481
1585 986
126 777
477 589
76 1111
1491 1062
680 184
1074 692
1592 158
615 1228
1141 230
916 21
821 928
168 88
479 133
19 1245
1377 663
660 1286
1492 495
1133 161
124 713
1297 268
61 235
1102 1335
927 1342
254 876
129 993
132 1156
142 695
863 519
694 1376
457 1369
845 61
428 1545
595 1355
335 1438
1451 981
1169 23
215 1429
435 1587
1511 1325
200 581
1159 1274
1300 1565
1049 356
677 1549
1144 1116
1076 764
1324 1278
1461 1530
275 39
950 1078
1584 322
1399 1488
1517 1133
752 553
66 890
155 371
1595 983
725 1012
1583 267
1179 311
644 533
1305 1026
1182 1134
1039 1427
433 883
861 1596
719 738
687 1402
184 150
1515 748
796 510
881 322
1512 1566
172 961
33 1004
129 208
1507 218
1098 138
512 263
443 263
640 750
648 519
1432 1403
1596 297
599 88
360 1023
12 829
1009 1332
492 335
1027 1086
663 201
660 164
1506 9
1449 1369
267 1557
561 254
26 1153
20 198
1371 124
257 518
960 259
789 1595
1402 348
1417 977
170 1498
702 678
607 1311
1455 913
1493 1196
206 697
260 166
329 63
1176 346
292 450
1329 1406
907 273
891 1306
1448 18
1403 95
254 1219
687 1488
854 709
995 976
1095 1199
624 246
48 498
221 1029
1080 59
1128 1077
508 745
361 1548
1520 1003
603 70
1274 1038
7 1531
405 406
729 1588
1393 1416
199 747
112 46
289 877
653 1512
2 182
525 1458
294 684
612 1528
906 676
35 1238
1061 1241
827 43
1093 761
86 1089
1159 1
294 19
1344 1054
209 1216
719 872
156 1509
1481 408
769 1095
965 533
441 520
1053 1074
1234 1041
612 674
33 101
478 1551
1237 931
802 1001
436 1167
1442 1031
136 196
603 282
1254 1359
511 60
1260 428
340 460
527 514
1168 1181
1073 48
204 1293
1454 1173
376 1313
7 219
898 1217
983 1223
708 796
185 269
118 1478
699 1228
1012 646
100 1033
1525 397
805 534
629 600
896 130
235 902
292 350
302 1178
244 5
741 865
1208 290
452 1283
669 780
1043 1068
1396 740
990 832
1131 381
831 1506
1179 1398
59 1379
793 600
1060 1274
517 459
353 1136
709 980
1343 1196
1567 931
618 283
1488 365
1287 759
1383 1176
247 1303
1282 594
838 651
1393 630
108 63
1008 514
924 1015
488 1263
405 1338
188 964
616 1315
1572 499
1547 782
147 1064
1446 591
1315 1422
1352 1290
1518 135
829 1406
178 174
1268 1281
131 366
1056 66
809 528
1204 1523
603 224
885 1478
504 425
83 508
137 701
1069 1208
1167 164
115 910
190 1051
451 922
1293 22
1483 1481
274 843
1020 342
1543 1292
348 844
943 688
665 46
1 1511
786 29
1177 539
1190 1347
1534 454
832 1218
1480 836
512 1415
107 1043
993 1450
652 551
899 1265
211 1125
708 1277
543 44
9 856
783 1408
206 910
334 1317
946 511
1378 1389
1257 1249
1071 63
103 628
1403 923
922 371
95 1547
849 7
1271 821
1180 390
390 499
1308 536
507 641
341 1377
1247 1078
593 957
75 556
1236 584
648 850
372 667
367 5
945 1102
1122 1340
1139 1389
1400 988
563 1568
1480 1256
364 307
558 285
1391 1111
726 107
723 1382
1530 1053
1006 1333
773 22
673 324
676 898
1396 178
1225 813
878 1012
32 1434
958 806
1271 609
1036 525
640 515
1348 910
1254 1199
1309 1245
327 931
698 143
194 209
398 1474
449 1571
74 424
655 1061
571 1081
1240 726
1030 1015
1302 479
164 605
637 222
1445 896
67 893
54 389
600 48
430 1244
812 1374
1566 1076
1412 487
432 601
1548 353
1537 305
285 373
1593 620
37 668
1041 369
1541 756
1275 813
1162 1168
808 1550
789 1099
1514 519
724 1257
372 657
1059 655
137 123
959 777
1215 991
13 652
237 1454
1457 857
395 912
890 493
1206 304
1232 300
728 1294
1367 291
1380 954
408 173
253 475
684 586
928 196
102 544
610 1174
1019 274
1361 622
1157 860
529 1379
1587 384
417 19
1540 550
150 973
753 237
112 1051
458 1294
1526 1489
458 707
458 1363
1293 64
885 189
562 950
582 1341
857 400
806 623
500 1464
359 1554
169 652
374 349
146 1129
480 492
27 796
170 1219
38 1226
874 1236
1528 167
369 808
513 517
705 988
1184 1103
651 623
1239 739
0 895
228 1245
275 1033
668 172
626 709
565 409
1110 446
259 1440
893 1305
21 285
438 1043
1502 1195
595 602
17 766
395 572
1146 1308
410 1199
216 867
304 1395
1332 807
476 1023
1011 1513
376 1250
409 1141
772 142
1259 135
979 203
1054 1457
216 414
1371 828
286 224
130 1087
706 116
1062 860
811 1423
1269 239
1209 1059
1226 1151
980 467
1446 397
254 1507
669 1313
362 965
850 276
209 1458
226 808
283 382
1050 448
222 1292
1466 56
1016 706
1170 559
1449 755
823 1118
1071 1322
1150 66
513 1273
659 619
837 1399
597 741
19 1021
1412 1584
1595 431
581 1262
1174 1080
620 1372
411 699
1044 11
1334 198
1434 624
183 129
996 1016
703 374
1569 447
494 1450
311 448
441 15
1462 903
1177 657
344 776
335 1318
335 402
1435 731
613 11
1520 1387
267 1116
238 820
264 109
1206 1464
768 1497
1512 1231
1524 943
1546 67
1027 697
799 42
226 379
1193 625
1596 1374
734 1308
285 495
250 546
1550 1502
1550 315
1297 488
688 817
865 1165
903 363
1327 437
668 1328
1211 447
1484 1254
1195 846
998 1082
1182 1097
150 1478
728 910
133 531
152 899
522 205
1311 206
1588 891
200 140
530 526
635 450
537 615
136 426
845 1081
1168 747
542 1501
1382 1587
842 1531
1123 436
423 88
1359 432
1055 1048
1113 1228
1443 861
752 335
204 253
574 209
624 1351
366 968
369 1123
1527 568
777 687
1264 426
1183 387
995 657
403 1187
929 1220
1292 125
961 138
1494 1485
986 781
517 883
466 351
482 570
954 450
826 13
442 968
834 665
743 702
51 977
1398 14
99 111
1385 1482
1068 874
1336 1002
731 1571
1229 390
868 976
424 639
892 1073
346 958
1064 1173
400 108
742 1065
127 402
43 161
639 311
252 283
225 45
21 1492
912 1244
975 290
763 636
1388 464
256 118
672 3
431 262
862 1057
591 1148
997 1418
768 1048
928 262
422 504
1166 900
1050 32
330 513
513 129
433 151
533 1183
592 1257
171 640
647 1422
1179 532
493 572
559 1494
1279 280
731 1074
298 412
795 1083
833 1460
1548 168
138 1547
352 887
664 1022
1148 813
920 1417
325 549
955 168
232 58
1074 1388
510 387
1388 186
555 691
178 1323
319 1528
552 1346
134 1155
1420 259
1493 537
429 1008
73 1393
362 812
1187 776
688 931
583 1399
510 1288
135 201
121 1019
1173 879
691 151
1596 406
1078 545
1197 37
568 816
229 1543
874 1029
919 670
1011 534
1419 244
470 1174
835 1110
1556 829
617 786
835 766
1394 1122
588 241
576 739
432 1473
1069 110
1158 1322
1498 1249
1309 770
532 441
598 867
139 350
1409 959
507 1118
160 1309
575 604
17 1272
566 845
616 38
1333 1530
148 506
44 810
527 774
718 992
363 526
870 566
31 1311
1313 1399
694 334
361 476
864 976
731 1377
1439 551
1516 1475
15 1481
462 964
14 1415
1381 694
905 519
690 252
1554 390
64 967
942 771
820 54
1593 1353
920 237
124 369
1290 543
999 1154
506 1062
354 1587
138 1087
543 919
1230 61
219 791
1096 571
1093 286
1286 1105
929 879
1583 1445
294 759
1499 1331
1106 697
795 403
1399 764
836 1324
681 1371
785 1534
1397 1310
1374 537
1427 31
306 175
1473 1413
876 697
628 936
96 925
677 614
1276 61
352 491
1322 653
641 163
1088 434
542 481
1441 824
1301 69
326 774
1541 797
787 178
263 267
1307 577
559 1459
568 1365
286 1013
476 141
126 789
548 315
1545 713
308 633
943 463
1005 1050
75 1296
74 706
707 941
921 1375
1194 269
90 1038
1238 188
1563 1586
652 286
726 1392
147 1487
112 1075
476 244
818 449
1204 947
339 215
82 224
138 1408
1203 1251
651 1471
782 1407
917 841
1073 826
1178 938
780 548
425 751
747 136
1225 1529
948 120
1384 173
1404 330
1055 848
1180 905
515 439
488 1200
1191 1562
1288 1000
1091 1327
1267 1441
530 868
380 876
499 656
1007 681
545 78
581 1526
492 549
1127 270
397 995
738 367
1251 1240
1029 1197
271 1297
844 1465
555 1382
924 225
431 1337
451 428
98 697
401 1056
485 1036
387 1315
856 1440
1299 469
1386 1165
954 1386
853 1418
1165 444
118 291
1255 897
863 1258
1508 260
1545 786
859 470
407 309
1257 966
1469 981
442 1451
1465 1032
469 272
1355 1035
373 283
601 938
436 138
1013 1134
1197 1397
983 757
790 1309
329 727
20 389
1260 694
1388 761
218 1025
1334 690
1188 939
585 118
387 1588
1279 894
743 354
936 335
548 115
0 724
1526 468
235 508
535 1594
735 1019
523 1072
222 1256
625 1301
637 283
765 883
1372 500
552 1115
773 196
493 999
411 1080
760 545
777 982
455 114
617 1448
536 81
183 246
1262 1458
851 110
34 1149
79 1325
86 660
174 785
832 314
1291 284
105 1266
681 566
759 1556
1213 1170
1246 248
1278 5
1083 482
971 1248
1004 1011
84 1160
465 226
1574 310
182 351
393 1066
331 1424
116 954
1340 227
465 423
759 541
502 98
336 1398
1279 457
238 1289
643 412
1244 545
505 133
1434 1373
182 217
756 70
1567 1025
586 1252
550 277
613 1542
1368 888
1594 47
498 54
485 1407
757 121
746 551
778 104
1319 1513
1088 743
79 928
1436 902
260 717
1198 806
659 568
1363 1341
570 1545
1222 1049
1323 858
1238 1201
1478 706
1403 62
934 889
767 441
239 383
445 1266
974 385
772 198
916 57
202 89
1067 1333
1552 1049
427 420
700 1091
883 60
1339 753
336 50
447 228
181 802
27 1242
1202 577
28 839
1177 16
491 217
859 1367
1503 379
1210 1300
525 712
381 1530
212 1262
202 1240
79 1095
1412 1122
1148 1531
437 1211
230 939
803 589
266 528
792 978
1456 848
1577 409
587 1243
910 1099
766 641
269 1050
852 1297
390 944
649 810
141 1085
899 739
18 823
1575 378
1238 1516
1329 1402
1137 570
1135 1433
329 1482
314 932
199 364
749 36
159 243
657 1046
1538 643
131 661
1513 1234
1440 1354
1309 167
1212 614
1211 1244
700 382
162 1146
1582 1067
797 305
1489 1017
1057 1287
891 615
991 959
1203 315
377 1593
843 25
1271 205
400 179
1136 564
1390 636
1073 910
740 453
1394 284
193 369
49 659
1158 241
560 299
1532 181
381 291
896 788
1169 1486
1551 956
877 1466
202 848
1534 239
1537 300
705 935
1077 1145
721 1046
1168 59
1462 1412
391 755
264 1208
633 891
224 1488
763 972
1149 741
694 502
1067 505
1100 423
381 579
1052 407
1124 1
869 892
1012 1167
1484 1
1486 397
1477 203
1033 408
413 691
1297 345
1209 342
234 1420
658 1124
669 21
1490 556
0 500
194 1415
866 717
1240 1004
553 836
308 430
714 1459
870 179
313 193
1273 1294
470 714
758 1045
1375 1099
557 473
489 869
1562 467
1291 87
1483 483
321 1073
132 109
567 136
802 143
947 352
812 914
1568 300
1451 460
1176 550
114 1192
722 1264
279 921
1131 872
473 104
625 232
1376 1044
422 1046
246 841
819 378
1031 469
1120 298
1154 1279
984 465
1203 226
61 1150
35 346
996 1261
1152 819
609 690
931 845
339 1433
1593 1016
1063 518
677 528
414 785
917 1370
511 243
623 1250
1145 307
886 411
794 83
994 1299
638 845
404 1247
1339 643
679 1367
636 577
1395 506
1406 761
115 912
470 624
354 668
175 1468
897 134
66 1470
417 143
1322 626
704 61
184 145
157 100
235 638
25 487
473 606
1387 283
1526 839
291 1214
807 388
837 225
717 359
205 490
1058 1180
1156 664
401 306
139 1503
523 1419
1273 206
182 643
575 971
186 1360
1548 1364
925 1425
1581 121
928 284
1038 976
515 311
1162 743
355 822
5 1044
1237 446
391 180
742 1256
827 149
1151 1394
1518 502
1471 757
1216 134
247 958
125 781
258 316
192 441
778 17
970 1304
508 961
65 1173
918 311
1481 1003
1202 1380
1285 12
996 408
1110 393
584 1195
198 494
859 1567
1261 924
1136 1376
1270 950
11 451
1563 39
739 1266
287 1378
1543 1332
478 1475
386 381
1522 1120
1074 1211
1004 849
1207 257
238 563
284 727
243 808
584 1309
1048 1541
281 933
626 120
1114 1168
1224 1205
258 423
524 90
156 708
199 1485
1555 1539
924 512
1287 384
755 318
574 743
764 312
1581 563
1577 468
1475 517
249 375
1533 653
1569 487
1296 689
1433 61
221 393
1516 464
1300 972
1598 120
91 444
1535 800
1122 344
1455 564
204 294
610 1481
736 308
940 1082
393 396
1226 1328
1165 874
1122 641
1465 310
663 893
915 394
957 1056
1573 681
395 827
188 449
213 467
1106 1499
1415 1475
379 979
830 1507
1373 838
1482 176
173 897
743 325
1510 1493
174 1415
774 137
336 1107
971 913
738 1003
1125 141
34 81
74 172
2 455
1172 821
319 82
30 1039
469 48
1584 530
394 1169
120 694
1293 1217
279 531
229 1033
1563 1509
306 1490
1063 121
1459 1287
1495 567
745 25
1586 691
622 1194
620 1264
1349 1232
696 1373
1275 80
1134 819
1191 204
1283 1242
849 284
1502 890
1428 115
129 1135
1338 995
1034 1
875 527
1124 1329
1545 103
1137 915
526 1480
571 1059
453 153
1243 1282
1062 715
1192 1259
1337 1020
983 1047
544 58
1002 1270
48 802
1143 461
1 1191
1525 935
722 793
370 270
592 947
854 695
1569 1286
628 1268
255 1333
165 587
519 74
1187 1433
176 593
880 1069
1512 1093
590 1430
1091 960
622 705
811 1022
658 961
1479 1453
796 1077
614 42
926 1485
743 550
456 1414
290 95
1368 857
1307 297
943 664
523 169
384 900
111 331
123 387
212 274
930 127
491 904
807 751
144 438
425 1578
1439 1254
1067 1232
301 1052
1330 149
533 607
45 1050
599 366
782 270
1384 153
1324 187
20 509
914 240
151 1498
758 1519
959 99
1528 52
1492 1558
273 734
480 50
475 30
338 668
1256 1337
484 945
1155 1564
1508 263
87 1039
1427 1052
1420 28
922 406
380 842
576 1546
1000 622
1403 1246
1597 523
164 77
1425 226
285 527
154 42
502 1312
139 979
1255 283
150 697
1168 1599
38 810
832 1020
1571 1313
1214 984
1359 454
1116 845
763 962
804 1516
48 502
343 256
627 601
1564 288
324 1497
454 1368
516 892
372 906
81 1139
609 616
560 859
309 1022
883 626
428 48
990 1365
848 773
823 705
163 405
221 884
573 985
1522 546
174 1048
36 1378
1012 1042
1005 1504
604 1078
1201 1229
1206 1301
1404 1270
672 1269
450 612
899 766
35 201
585 1435
1131 1026
392 1449
375 10
570 659
994 146
569 1238
910 217
1492 465
211 499
607 722
288 1242
6 560
1118 1028
280 1074
676 952
1505 939
1135 1594
1036 1174
746 549
769 523
1219 1254
61 703
1098 1332
367 1027
1589 1227
1198 1315
1341 352
1215 1475
564 533
1099 544
949 579
567 711
673 1303
1306 1128
1420 230
1499 173
1113 1511
189 618
1326 1061
1574 1158
154 560
979 941
991 24
972 106
1351 889
286 257
1345 1270
1581 1488
506 916
1276 853
165 848
933 614
582 1109
1448 978
1099 299
1200 1130
137 158
644 759
1148 295
626 447
1274 987
509 24
44 214
1544 291
251 1504
1319 1291
252 1563
4 49
1519 446
280 918
1392 333
726 878
905 1145
1563 537
393 1337
398 1155
3 1369
1008 421
771 1128
1259 1529
956 612
43 1157
1051 1351
1016 1311
844 1004
1265 1102
1205 1135
1269 423
385 1303
973 733
1408 1429
72 1194
1199 1079
1045 719
350 1095
456 763
941 583
798 465
652 921
601 573
815 63
117 1311
22 1490
1525 1230
471 136
539 1
385 802
137 599
453 848
356 511
1117 1268
29 351
1147 1263
1541 223
162 1405
1328 225
1230 1358
989 154
1187 1311
1430 907
1314 520
1140 50
985 608
974 1538
1165 24
1197 1124
1496 90
535 976
1585 1263
865 584
87 1273
91 238
89 909
1034 351
604 650
747 795
287 1470
1527 20
595 1423
1473 1319
1077 1487
547 487
87 89
4 1529
1332 110
741 1511
729 1062
1556 690
1038 1165
787 226
993 563
750 1493
893 140
1407 680
961 389
697 1144
282 1408
553 332
413 771
1101 332
984 586
697 18
730 980
373 1052
281 1157
839 1290
1025 1123
952 662
463 1436
641 122
556 3
976 429
689 263
673 1077
85 1102
1510 1236
855 292
1549 956
551 349
1594 476
1035 1228
1493 597
1531 355
1101 1057
110 397
431 86
855 580
1562 1221
1018 1359
970 117
343 1455
14 1005
955 1117
467 408
1278 1114
322 399
440 22
311 216
1235 679
1270 330
1030 71
1394 897
1170 872
709 410
633 1428
1570 910
820 1313
1193 1445
1315 101
278 875
1463 794
1157 1273
210 783
1217 1584
969 1019
426 1487
961 1246
801 1500
922 1393
1256 1443
167 1469
1587 1160
815 1193
1145 1532
663 1383
47 171
963 874
56 1146
1205 973
1206 1071
1357 1512
1553 598
575 285
1234 1438
1552 1570
126 207
1200 1281
1338 336
564 1234
1012 1330
762 223
342 65
786 640
555 1445
1098 258
207 1388
1050 725
762 383
1341 1302
650 383
145 277
583 677
68 1350
750 740
1063 339
80 730
190 1074
1535 1225
5 1039
1406 663
1132 1036
1505 655
825 1476
779 1128
912 737
1191 131
283 692
426 581
466 69
1270 89
788 832
482 1158
507 571
1494 210
517 522
1112 236
240 787
619 942
715 186
647 1296
1560 40
1355 1032
866 1105
449 114
113 1033
1367 1237
1196 888
1580 939
293 1015
854 1522
1004 421
55 822
1514 763
752 447
1579 719
642 427
493 621
24 1516
1443 1235
1550 1340
1176 1415
1414 473
919 454
564 921
95 925
1358 1315
902 71
649 1202
1184 462
988 414
1288 1276
989 612
1200 519
760 818
940 1513
504 914
1040 848
1511 1121
1495 89
1111 963
96 241
923 953
1467 1577
967 1527
866 127
183 294
822 471
618 398
105 573
206 305
640 33
916 484
985 1528
914 1344
1554 434
1371 740
1231 911
1562 1030
1092 966
1419 84
931 453
1189 1140
1201 1210
402 94
1362 1244
13 537
1263 405
214 1249
1135 418
1487 1396
1269 1350
1470 388
1441 922
587 896
665 363
1356 1168
963 1369
964 47
1060 259
193 1104
881 128
1105 118
829 493
58 816
1402 1426
1158 1392
1 1119
310 730
874 827
894 443
284 1269
241 901
28 789
349 574
191 266
420 952
1003 479
1221 1338
154 1181
1255 1478
295 95
531 176
991 1512
556 122
558 1527
1109 771
1154 1337
1311 1479
153 982
1222 871
1059 1313
1523 954
824 829
788 1019
1104 1332
1546 1048
385 681
817 1554
1048 396
586 615
107 878
47 501
152 1263
448 1213
273 844
438 1599
547 1216
1482 524
894 534
1366 213
302 794
512 720
1429 1175
419 634
633 654
1083 716
401 357
1411 826
69 612
67 290
1213 1136
1572 969
332 1009
846 823
207 343
1141 1573
1261 732
965 1548
1129 709
1096 438
1049 148
288 382
892 1483
1352 680
855 1350
1277 606
533 653
1304 660
127 1340
602 262
1299 298
309 852
859 319
21 785
358 198
633 464
1305 371
1078 1592
277 296
148 661
577 95
276 170
1454 1367
929 728
838 435
1322 1566
599 1544
266 1529
1378 128
962 63
1460 768
1414 245
544 212
556 1578
1292 133
432 536
1064 1417
1113 191
1188 1563
177 169
953 1073
1425 385
1338 1490
230 1448
655 498
49 1412
724 711
1001 883
1304 1493
1488 682
299 1411
1401 499
290 445
942 1537
149 1092
990 567
1346 468
275 1166
632 14
521 1166
1068 898
913 1400
1097 484
268 957
42 1529
215 768
353 1445
714 1272
1039 964
355 1407
907 1321
140 1371
1283 974
436 784
1008 583
954 1012
672 1040
1406 605
882 802
406 980
60 509
13 219
1122 636
101 1359
228 1163
816 911
272 1326
359 1536
887 1382
1474 1555
330 1123
554 192
1181 110
1487 487
1574 763
939 995
1531 1274
1385 411
1343 16
1434 584
297 101
986 821
439 74
1196 1545
1036 452
410 954
671 995
998 180
819 960
1426 34
1375 1098
707 407
1090 86
771 260
188 609
1148 976
937 1481
869 316
1304 869
1544 1438
1040 249
18 279
1244 498
1174 0
938 165
1502 498
149 233
399 490
1245 1020
1493 1014
604 1041
1355 782
606 536
1330 430
1100 667
744 546
241 1428
1476 1081
18 553
272 1007
1570 1005
594 392
70 502
123 1104
1572 1333
346 682
889 1498
324 779
463 308
1113 1275
1498 1591
320 1285
915 896
43 249
1042 400
1509 1394
1509 694
323 1370
1242 376
1231 1297
420 1560
1263 1022
1268 1243
1481 215
734 404
134 703
418 1444
1413 864
706 1228
1236 23
1106 1587
1390 1586
389 528
1409 921
450 187
404 378
22 779
951 1138
657 1291
475 1142
1061 215
487 370
1104 1298
1353 1079
78 379
875 481
1501 227
945 376
1261 465
1461 629
380 964
754 642
344 873
601 1135
1428 837
1088 810
1202 1097
475 1329
1303 561
415 274
89 30
1348 324
84 1419
1155 1101
985 467
972 238
880 313
1195 1389
764 712
270 346
817 1247
1364 1250
1508 73
1502 1211
1331 265
1419 543
1533 494
1485 1011
111 1087
1027 297
526 683
844 1184
1413 605
729 1299
1212 465
842 344
1417 558
1539 558
57 454
1065 1578
94 1210
1223 1450
286 1374
1191 1297
890 288
1175 397
765 1495
1015 1161
988 1364
177 854
1117 1208
657 1595
303 1201
783 1227
354 340
1248 442
225 364
1153 442
73 66
820 1129
600 157
245 1173
701 669
1482 1445
1142 447
1075 1028
1087 326
1464 770
820 180
1218 679
1172 1119
680 795
1463 1034
271 1327
667 779
931 164
781 738
1427 1108
1103 1491
41 829
353 179
1251 1436
42 1355
1444 454
971 559
1162 647
348 1448
1159 1536
1126 1287
1158 1299
926 989
710 1068
840 505
905 430
452 144
1029 1196
39 149
1218 825
85 505
939 1273
1003 1239
4 1370
629 691
900 564
33 873
68 391
1219 830
1062 50
913 790
1407 788
401 544
198 852
1398 835
1383 135
824 1146
1381 1548
927 415
1592 865
1340 1504
619 1538
163 805
144 1126
1262 516
979 260
1368 387
500 1078
621 1141
191 1300
1145 1342
699 11
1579 758
771 348
503 1585
233 782
1133 937
780 656
799 661
978 719
843 1238
1523 383
495 1202
932 188
346 201
801 1511
1523 826
489 379
145 585
312 1242
1486 146
46 186
262 649
1546 1275
975 931
720 80
214 440
1546 688
332 1369
1407 697
678 418
943 1353
1295 1509
1453 1414
1505 1416
338 464
426 1501
1056 1383
81 757
1568 832
1164 720
1389 476
701 645
805 491
1210 907
598 1102
1108 1448
934 1157
1513 1416
391 1443
870 1436
172 1215
1440 108
244 1548
1439 711
726 1333
595 355
321 357
1505 312
537 731
1564 88
1302 763
341 456
1288 1547
1194 877
980 836
706 424
703 679
326 873
508 801
926 656
577 499
642 877
194 274
1430 1596
658 786
409 846
292 538
1126 569
1353 759
455 871
1337 1183
910 1552
1086 869
1468 1287
959 1546
180 386
713 895
1138 1551
747 1025
1585 1216
1579 379
358 840
1167 646
593 779
1308 380
29 802
1580 801
210 1342
1032 1341
45 1529
448 547
1368 845
404 1155
524 535
326 686
121 1070
158 625
705 387
104 391
1553 1213
615 894
91 990
790 185
514 936
6 1197
1377 456
155 497
799 363
642 548
902 1086
195 781
1542 375
528 1335
133 348
1094 635
1342 1075
773 1229
1024 177
36 622
1186 636
957 670
357 968
1414 413
382 595
1550 1236
517 1205
655 252
1464 486
890 158
982 571
158 573
1371 12
1573 709
324 188
903 650
446 600
233 166
634 1431
1268 559
654 1258
1374 842
882 854
472 297
1087 268
1399 587
1043 574
668 873
944 164
414 1481
553 1061
1099 93
367 1203
1172 289
333 888
172 1006
1199 1586
945 1012
615 0
812 1436
427 575
74 420
685 1179
400 1197
83 574
1024 523
1364 201
1143 577
1205 513
738 1178
486 181
337 770
117 161
437 1156
318 1139
277 926
668 263
1041 385
295 139
1126 1148
1473 1466
679 1399
469 1256
810 391
416 990
389 376
543 502
1121 1173
686 1318
8 1448
1224 938
1516 969
645 1238
240 744
222 94
162 882
1396 787
1555 820
873 106
1118 295
460 816
999 1251
693 710
796 698
863 821
128 224
786 706
678 1251
1522 804
1020 93
828 808
540 1063
93 429
1118 1377
1496 634
819 1057
487 166
103 963
305 594
474 705
851 965
952 339
1317 1453
136 600
1420 543
636 79
1477 950
125 983
596 964
218 579
1234 715
1009 967
740 876
1318 500
217 790
765 979
806 732
96 1535
1117 956
46 1456
525 640
69 270
991 825
1567 936
904 615
923 950
940 1490
1226 162
849 512
1019 1078
84 58
275 890
483 1015
490 1556
351 395
851 1333
512 22
251 154
1263 544
334 76
35 1303
1066 379
1536 1288
165 136
356 311
54 99
470 630
1400 1109
1183 1035
281 869
942 831
1132 537
672 6
795 995
1428 869
1007 1081
184 1491
1066 642
1597 1326
606 720
1599 637
1114 1599
730 119
1166 1282
586 760
1468 1391
392 754
1104 1261
408 47
1583 1327
1383 1452
667 1421
1469 90
1203 920
306 674
1173 566
214 36
305 1440
1150 1144
256 1525
114 221
158 405
601 704
839 637
831 1465
737 1215
1589 252
712 1034
448 1121
1449 1267
350 775
852 678
818 267
1092 512
1 1051
157 1241
320 470
1588 276
1507 461
622 582
53 351
1447 1420
1023 1185
611 1535
27 1075
66 1061
1301 122
585 875
1141 769
1186 616
1435 423
627 1472
1536 968
1091 850
1494 225
1422 838
204 1461
185 206
12 494
1046 469
323 481
1116 1270
1142 1176
1093 36
120 379
201 1055
752 847
415 1215
1263 1133
412 396
749 226
160 1313
1093 67
1573 1495
1239 1068
468 411
1251 147
1040 1198
806 79
650 787
1028 981
134 912
1208 786
1265 384
912 295
1253 874
1217 283
1464 38
1390 902
331 499
1336 117
721 105
474 1275
919 1153
716 1269
187 378
1101 841
1090 686
857 14
583 202
1282 348
412 651
803 1125
1252 303
262 1247
863 307
50 537
624 16
622 852
230 1482
274 951
1390 323
236 339
1025 672
1257 20
1167 774
180 782
1377 897
1410 125
1308 443
759 518
328 469
914 1234
631 1436
1231 44
967 1020
48 828
570 1207
1075 643
1243 1171
196 1325
1054 654
427 876
287 80
630 264
1152 1325
735 648
382 1246
539 1293
761 1369
1471 425
1043 1280
523 1481
568 688
770 1054
337 1398
1317 226
338 623
1060 258
902 84
259 134
670 1449
438 138
498 483
1395 570
339 411
877 1120
31 1207
964 1564
734 689
1218 68
1391 943
1006 380
828 345
1339 958
1180 1158
643 857
248 1113
522 367
113 101
830 1199
282 218
1234 616
302 1454
34 844
223 400
191 1441
1381 1448
768 274
496 1310
982 1060
1443 242
52 114
972 680
347 972
490 958
1437 1461
881 727
328 610
1328 1522
504 1452
654 754
442 117
93 1479
833 1535
325 803
850 859
1128 874
271 908
23 1215
1010 1568
1044 1323
1236 45
949 787
1557 333
43 834
193 820
1380 399
1235 348
163 549
1176 901
421 270
354 795
999 1373
497 1111
370 1266
1424 958
692 1511
160 1573
761 665
674 162
152 230
1052 81
656 1086
1185 1045
193 1087
298 51
1452 509
103 163
867 888
877 345
1469 749
1469 1034
832 1532
814 867
1061 474
422 1515
1428 655
1290 1148
438 1247
675 611
573 1458
1011 1009
1021 366
268 633
258 876
1329 842
1192 245
349 599
1049 475
325 775
928 783
463 1537
565 805
26 421
541 1392
707 1505
486 537
1068 850
239 896
1058 1398
794 1398
579 1217
292 1565
1207 1469
921 778
1409 1285
311 1455
1056 133
1131 26
538 1094
723 538
242 194
86 341
907 347
1316 961
1108 542
1416 1060
1017 854
642 492
630 221
957 1219
547 826
256 874
800 1343
65 362
682 1440
1456 1409
234 1300
78 1449
1509 456
835 478
459 347
368 812
182 569
233 129
688 488
1456 268
44 589
1088 364
1026 1419
636 831
1549 630
495 1206
405 1267
1026 560
1100 946
1021 1310
1366 997
26 1114
585 342
993 273
693 722
612 301
1453 466
779 1556
749 302
346 56
83 101
63 818
1590 894
704 1212
571 1550
45 551
178 581
1313 912
1046 1447
942 812
598 923
296 262
1256 802
527 863
1079 454
498 1376
1586 454
190 866
477 1320
1356 692
456 761
1157 164
551 801
1411 687
680 1132
981 1411
390 68
489 905
691 1324
961 783
1333 1381
96 1251
1186 188
1133 635
1109 550
1412 480
143 450
925 791
740 448
613 470
559 1016
510 0
169 145
57 1524
919 113
1452 1586
408 202
1205 1144
1442 1023
1312 683
343 1238
808 483
1257 715
1559 448
250 788
1196 31
1561 277
823 1461
1160 452
1417 1542
1395 536
183 1023
261 352
1436 531
