1800
1520 1107
836 1631
477 24
1402 1194
93 1361
967 335
530 229
259 195
1054 732
775 779
252 1086
903 835
57 1545
915 149
984 206
1338 504
1092 1335
1519 686
1604 118
139 802
1241 855
1261 184
505 1771
789 1031
366 1649
1461 534
1382 104
6 122
1127 1190
635 1185
703 428
29 225
424 175
96 1755
1247 835
1066 1233
182 1750
1524 1759
1110 1550
488 1666
1237 284
125 1395
799 51
804 1108
211 356
846 840
738 557
1622 203
1333 817
1222 1658
335 497
1088 797
1473 446
1790 869
450 883
571 744
1366 46
1405 868
1013 416
40 94
98 1506
512 1742
1343 851
456 1543
1039 103
1618 1
1356 957
999 609
508 224
1776 1510
1687 959
19 98
704 730
774 641
497 1155
1222 821
378 353
848 624
132 179
1193 1715
301 29
200 1245
159 477
1204 1339
1081 1775
1226 1598
1588 1197
1162 620
1515 1706
1114 649
1554 911
601 1620
335 796
722 198
424 276
1765 1612
1170 1499
1499 1790
740 1602
469 1115
1324 549
413 153
356 1580
327 1492
676 1656
1777 289
338 965
1302 862
733 1710
1695 1060
418 1288
332 1613
366 734
1279 1754
794 741
1530 1672
1203 876
630 1582
125 665
1737 248
399 237
248 129
201 405
193 1583
1268 726
1429 1482
115 764
402 189
683 899
660 248
1192 1142
1707 1068
1577 938
1326 1649
1098 791
800 768
137 744
1577 1267
557 487
600 1314
1794 1044
814 173
920 1246
881 1648
848 1033
833 884
928 1184
141 1166
1313 485
959 1707
1509 479
1582 897
1041 50
1333 1006
1206 1163
844 1665
840 1125
969 313
484 105
745 1408
1751 657
97 1216
1498 604
1670 862
471 1393
85 1306
1193 764
176 155
727 784
718 1450
1731 1697
793 766
336 1539
344 270
312 667
734 1022
711 1734
1209 25
447 531
779 206
1320 877
1704 851
258 102
1220 63
1710 1327
924 970
1653 1054
217 342
974 193
152 392
593 537
347 977
245 1232
119 249
1129 1606
1488 748
1068 1484
1247 1400
126 534
81 1371
1484 1132
767 363
1679 1676
1106 1022
1649 1799
453 476
1241 799
1287 896
195 912
638 225
784 558
184 1780
86 383
757 824
1135 1298
1688 652
853 864
487 1234
1073 19
1240 542
1616 1101
417 783
442 1270
84 1421
1379 1762
1334 168
657 376
1623 1387
1335 1783
284 1524
653 1666
521 491
1394 1264
754 1110
1468 1578
1051 1564
931 1355
583 939
515 996
1544 251
404 540
42 1014
1123 1419
477 16
1392 1087
59 505
839 154
812 110
1045 1464
426 429
168 1425
1290 1378
1046 1770
312 45
1097 99
431 816
124 172
1630 325
1272 1561
234 766
1635 11
1387 1024
261 397
1071 1241
63 1606
1613 1434
388 1783
520 1504
358 589
481 1772
1045 1106
1183 885
1232 1046
350 450
25 1457
1281 1714
1534 602
30 711
239 1733
1377 657
1614 1742
279 1068
643 1012
1238 713
131 1043
14 156
343 558
330 564
238 1577
505 217
986 1053
481 245
1059 1570
766 525
740 1019
675 379
91 904
1150 449
1520 900
251 23
1518 26
1383 867
1436 965
1594 694
353 643
1134 626
1507 408
1498 1597
1218 844
1350 1339
1561 583
966 1347
1245 595
763 1735
1301 1502
225 73
1107 1460
1447 1252
1198 1273
1660 1725
1395 782
250 118
990 1467
1464 1755
1651 1377
1558 671
1773 504
943 268
293 453
1565 3
1160 718
494 645
1672 1624
117 760
626 48
822 988
1260 1284
577 101
831 1075
1189 1777
1781 108
550 354
652 665
439 1157
1687 244
493 1311
1076 757
642 1251
1398 826
1262 1716
586 1302
560 309
1706 716
1340 1732
1263 508
1248 1617
461 170
1150 873
154 510
1560 913
1388 59
1325 152
1675 760
569 358
1129 156
1767 848
489 1184
417 1593
1482 595
556 1403
59 7
333 1536
1593 1664
788 93
1735 185
1496 270
1606 568
860 1429
315 1041
849 919
1369 1
154 1427
390 532
843 1110
1729 1389
977 779
103 695
1433 643
880 1369
1590 447
374 818
1400 769
953 602
492 1717
387 900
1776 92
1491 1453
903 722
376 1521
419 957
1612 346
544 340
115 586
324 1378
319 1419
689 86
1343 1798
509 1630
55 1540
1531 1169
1096 1261
1592 757
1425 815
316 150
72 85
1340 683
64 96
1580 648
369 1136
1734 1799
1381 261
131 46
1710 1387
1456 35
381 1656
165 368
1465 1139
1686 321
701 917
246 1540
1277 487
1414 158
1208 394
660 752
657 1107
317 581
684 449
907 1095
41 1025
1072 1783
224 344
856 598
1332 273
1608 174
428 145
195 889
81 1109
1738 955
501 550
1236 270
339 120
1569 1034
1611 772
1056 1252
1725 1213
123 452
1640 91
1 1659
435 1429
837 236
778 1065
1413 564
1764 422
1185 1480
923 1414
249 1031
1037 951
1399 1160
358 381
1157 1713
119 869
853 1465
360 1739
1561 1071
1712 1143
1276 808
1573 993
1276 712
1515 1349
164 533
1184 55
646 415
658 219
1571 1799
728 829
1424 205
1480 126
1208 202
400 877
1472 1162
665 1163
1672 212
1647 179
1638 1356
566 1492
1313 452
1365 1529
525 1635
541 1396
1241 332
555 46
1182 188
397 1632
646 1409
1799 822
1559 1221
1581 1788
417 1126
952 387
356 927
493 180
699 1092
1662 1033
1252 1742
1444 1405
1267 1592
949 606
1649 1675
1467 177
642 765
275 955
110 125
1204 1342
1335 1467
640 1734
1591 1556
1710 1147
290 422
1338 91
1003 542
1699 1200
1416 1279
1404 571
1589 1006
865 893
705 1457
61 1255
363 911
65 521
1443 677
425 650
1113 624
963 959
1167 1004
1510 1660
1499 1104
1067 1128
639 1033
1110 845
664 506
319 1662
538 950
950 531
838 1040
192 481
146 272
93 70
1196 1044
227 1024
344 842
646 848
1755 1353
264 1530
1777 1640
1415 1368
1003 1331
857 1670
1422 488
58 1293
1234 1756
905 1498
346 1723
1265 452
1195 764
1667 672
1149 443
1565 1506
1432 21
1768 362
1603 1096
1397 913
213 445
1625 267
1103 1674
791 933
94 1691
325 174
206 1129
817 781
1671 1261
96 516
1649 1303
1076 833
649 1671
340 384
868 1475
1008 1146
521 844
582 650
1787 1539
12 1625
972 1496
1357 1401
1472 1114
92 49
1799 1661
1530 245
1033 425
312 891
1519 1615
1117 1094
1789 1179
6 833
1621 241
615 1537
227 907
443 367
1119 1796
1064 1568
1285 862
812 1345
1132 1538
558 79
432 1070
1458 1046
187 1450
950 1486
1098 862
246 1767
1231 1300
353 52
298 1087
1384 713
805 342
585 1795
1575 1140
1714 330
1792 943
100 994
1425 712
677 1702
580 1708
768 872
1037 1712
1244 1299
403 1355
495 539
1571 373
1466 1151
367 1711
1669 1133
126 1045
725 399
1709 1644
106 57
194 1548
1745 773
1123 1211
1039 761
222 1200
1282 1604
1437 822
1421 1504
364 395
1652 1711
1741 965
362 224
1796 1783
1116 1015
229 1020
1450 652
1187 763
1605 961
87 98
1372 1326
1692 275
605 1136
1736 114
823 267
885 1308
500 502
1453 1088
1775 366
196 842
572 4
888 1263
1322 1737
26 1162
99 560
600 130
456 1212
944 1280
1281 43
663 667
1089 1072
1424 644
188 712
1549 1205
1147 1094
554 852
223 842
288 1756
1792 361
731 1738
1420 227
959 1737
539 734
819 415
1171 747
607 492
904 979
337 437
1244 457
74 1451
1718 877
901 768
1518 750
498 640
412 1562
1692 55
1590 1630
400 1314
828 1577
941 1332
1712 1671
750 1201
1692 1600
936 50
376 612
794 213
786 454
1109 500
1516 41
1036 723
467 1459
1661 281
692 177
355 701
1017 143
3 240
1512 87
1460 1479
510 1137
1780 355
1077 1247
316 1117
1341 1681
1689 1078
1109 870
854 1509
728 940
524 1620
1200 322
10 1555
207 327
180 699
219 459
641 408
1729 295
622 185
68 761
100 959
942 1311
140 596
540 297
1242 801
919 206
698 719
1041 743
1572 1278
1337 711
1074 1757
216 679
892 762
1168 958
1489 780
1227 694
1770 431
693 403
1052 1554
1600 333
463 1784
1206 1711
1139 1566
197 922
1611 1003
286 538
782 1548
65 1464
816 984
516 1746
374 1635
91 1663
592 840
586 1370
1152 608
1240 157
973 688
734 442
330 1176
211 292
570 342
523 356
357 963
809 529
1084 207
184 693
444 79
1474 1642
613 1367
619 100
1106 336
708 902
73 1764
30 1725
1680 1267
1461 915
779 1228
1568 985
1255 1769
17 521
350 943
214 450
852 667
1469 939
93 353
256 504
1698 792
20 1349
1410 157
1092 1592
803 1509
1157 939
1094 259
1131 1082
1513 588
1633 43
185 4
655 15
1435 1447
188 29
694 1381
730 1271
460 1487
1641 640
868 146
345 668
398 1291
549 1594
1433 921
1039 294
1798 296
617 923
1156 2
1177 1143
1149 1646
539 466
729 1234
261 430
1001 1747
1690 968
1089 1308
1163 1339
1320 1044
350 87
1668 89
1031 1387
360 254
1490 1569
750 1344
412 69
1395 263
239 647
1517 1622
1678 1190
888 677
502 110
885 546
1136 1033
595 1425
890 714
341 900
1116 1450
1275 990
1607 855
954 1039
669 1617
1501 1312
325 266
1273 1150
391 437
164 133
1138 1354
789 1148
284 1589
1537 400
1497 683
825 857
285 984
910 1234
1004 1139
867 1060
904 1625
1438 392
516 1642
569 921
297 907
824 305
156 894
544 372
739 516
45 832
466 859
1761 1164
361 68
1375 396
733 1080
1021 302
1626 11
168 438
373 361
949 812
1399 1780
1644 89
344 1465
1629 107
1670 153
482 186
142 1227
780 322
355 1467
965 357
721 258
1014 370
1598 1667
1128 338
209 1520
941 136
336 158
1197 987
445 795
315 811
1543 680
1467 994
1631 1342
71 1173
363 462
1614 406
177 470
1677 834
305 1600
606 914
412 1561
1217 158
567 9
386 245
369 1576
1350 1318
57 93
793 330
1053 1452
1327 1670
244 464
268 1715
1466 1129
1030 349
1366 922
1681 1542
1660 1787
1231 1592
124 1522
1433 1576
1558 674
1119 1230
797 80
760 461
595 857
1283 939
5 1473
392 1320
1797 206
639 1280
1215 1531
670 860
1220 394
735 368
555 1714
1414 413
864 169
1483 1740
1084 1171
1200 496
772 1580
1727 1044
577 453
1522 1011
1697 459
309 255
818 102
319 80
1625 1138
1478 409
1680 701
191 769
1295 915
1395 250
1288 1254
237 964
1453 478
1362 1747
1296 1787
1657 1267
1686 541
1795 148
290 894
956 1422
685 1626
464 457
970 1158
1085 1093
497 1513
688 1252
1001 622
1507 1508
1501 99
1541 1037
954 1545
1256 1259
673 124
1259 86
1776 56
592 1300
83 512
529 1527
69 1782
827 600
1554 1646
1501 1413
1639 1109
1565 1462
678 1650
592 245
1745 699
1293 1678
189 1073
1115 1141
1054 590
181 1217
989 1026
27 220
247 712
825 457
1794 1303
444 990
1373 317
111 986
911 939
1166 132
574 301
1580 1699
1120 1612
271 199
699 777
1398 1624
471 727
1588 10
1763 972
1405 1794
1204 1583
871 951
767 542
1449 1170
25 166
62 1399
272 1049
1798 1393
11 1760
1503 1389
528 584
583 1247
1772 1689
1212 1092
1678 517
995 232
1199 372
103 1418
1203 535
401 366
1790 1764
851 1558
744 104
527 402
1671 1021
92 1652
1557 1685
476 1127
788 396
216 697
803 911
1278 399
810 1002
617 1170
1059 335
570 641
1744 1289
123 461
621 399
982 1589
480 1344
666 576
1451 742
561 1306
120 235
1665 1560
269 1393
981 1751
649 1125
1027 1567
1682 35
704 1766
364 1415
861 397
510 1221
64 1065
339 151
805 741
628 1147
1057 1252
1024 315
1230 1133
77 184
446 683
1699 1298
661 787
1311 1445
652 1627
976 1728
961 952
1508 663
720 1342
62 836
1171 827
187 1277
299 754
855 326
1533 329
145 959
1105 46
397 795
476 1292
1554 1468
1118 1717
1334 1376
1214 67
1144 1218
1676 1339
142 1473
730 1214
379 941
1475 17
208 1202
1189 865
476 1028
1565 622
365 1309
243 412
1118 572
1303 313
1406 1155
129 1022
1225 439
921 528
1044 816
699 831
84 624
402 1088
1082 116
214 88
1215 224
106 1475
357 1258
1023 1667
1146 474
1131 968
491 109
1757 901
1296 1632
656 1011
572 161
1164 181
844 61
769 7
1638 994
785 490
951 1570
320 1392
1252 1130
1022 1199
652 495
861 1525
1480 298
290 1470
47 978
1097 658
14 1116
1441 1236
679 1003
1014 568
131 681
979 801
404 1126
92 93
585 1473
191 907
1292 1272
1793 921
930 1133
565 312
735 1458
875 811
822 694
904 971
208 357
1239 1271
1122 801
298 1082
520 1438
1770 1579
153 21
946 1209
1019 1378
1347 159
1637 1155
1336 1224
1303 730
989 1628
255 1139
697 1378
796 1169
98 449
850 1726
1450 953
1247 688
957 464
1420 1510
352 815
1344 1321
959 726
1516 1213
1253 569
1201 792
1557 498
901 967
1266 1057
964 1565
1023 307
1666 926
1403 1307
732 1117
1730 1397
139 871
457 1269
1025 371
632 742
1615 1153
1473 1445
183 1035
413 1171
576 1721
814 327
553 1719
104 1012
425 335
1455 423
1375 1599
1006 267
1445 1197
1641 696
213 1373
1233 386
137 246
1319 1750
268 252
308 1185
1544 1189
1054 843
35 1518
660 41
947 908
1518 70
1249 1285
1380 560
1628 750
322 1099
133 1392
1419 741
292 14
206 160
181 929
1371 774
391 297
993 92
522 16
406 1136
857 436
296 1145
537 22
1374 91
422 1669
1646 483
31 977
647 1035
1083 937
1377 1349
890 715
434 409
703 491
1076 1127
1305 144
447 806
1090 1686
375 244
609 1194
183 1380
900 1210
1582 1722
765 194
1091 551
690 444
1415 1629
1742 1332
872 1660
1188 1134
791 347
1605 1185
176 249
370 1351
589 412
1082 1021
1370 1401
1555 127
885 1476
1315 1534
1723 1743
669 196
1725 1170
573 295
294 1574
263 1070
667 990
264 1180
1596 881
1575 240
1312 182
1167 552
245 264
1358 12
705 1765
441 1117
1579 1647
1540 1715
150 1202
386 38
1627 1664
1344 945
598 581
292 126
495 74
1550 1449
991 585
656 428
259 116
884 909
1686 30
729 1236
1684 1360
968 1574
1486 1389
1016 1141
192 871
156 1694
1562 1326
1581 1760
1578 941
1033 1415
295 1146
1334 4
56 966
1330 18
1409 793
68 663
1736 1498
485 755
1183 619
520 808
1345 19
630 4
1056 637
718 57
1557 412
1055 566
318 714
205 1383
1495 998
897 802
286 1273
1448 1581
1336 547
1199 1325
890 363
597 1709
1291 1287
542 636
791 360
211 449
173 1371
1751 1302
1797 1696
348 1582
1748 1207
453 1111
167 1696
835 374
732 1563
673 1366
615 414
1476 401
1207 676
1094 1111
242 1674
487 1370
753 844
1370 703
1098 436
1179 1783
589 1755
1346 1209
1186 1180
641 84
937 387
29 834
815 955
399 147
755 859
1069 1264
1625 860
1713 745
1075 476
1598 1076
1451 1283
859 1396
467 869
584 486
1578 1696
185 1479
1166 769
39 1643
1778 770
1613 499
129 1008
1733 306
1551 578
24 1017
168 800
1647 832
1701 1461
423 1429
1582 133
1524 877
969 1594
204 276
761 72
432 1377
313 1216
8 1373
1427 1191
1799 552
829 459
1063 775
500 625
1393 553
116 592
1705 792
530 1342
976 1692
442 72
1210 1793
287 853
1078 247
733 1314
561 459
1346 985
1498 496
454 660
554 74
101 1312
536 541
621 258
1196 1039
1352 652
1052 764
368 321
924 657
1624 663
1416 910
578 882
538 82
212 815
1269 1633
1341 744
232 135
168 1696
626 1382
1047 664
60 77
359 1716
1573 1033
1788 439
1620 13
1394 1096
717 1079
685 839
892 1524
1384 616
1209 1429
889 597
422 4
1357 1769
1232 1257
1115 1513
865 624
611 713
277 1768
1438 1333
28 874
332 1485
815 809
1250 1169
1007 1171
677 1124
999 704
823 1174
1663 1484
425 1688
1478 1486
144 719
1144 1395
689 340
1388 705
566 1386
1188 5
1527 264
988 98
1358 722
1325 855
886 864
157 1633
961 1625
1721 1436
475 1606
1614 792
1061 1553
1348 52
488 116
55 1343
1359 456
944 841
1078 1254
880 364
1483 650
1439 414
886 1514
1490 1781
598 1171
1269 558
68 1299
220 231
53 1387
1342 644
756 1332
372 602
8 1536
311 671
1556 719
1750 332
1786 1716
1514 123
1767 159
1090 1680
984 686
676 1445
76 1425
1346 1608
1022 1527
1146 241
275 218
200 1302
1285 257
829 1614
261 713
1058 1531
54 1705
15 794
802 294
230 1414
1458 1023
4 462
546 650
445 555
1794 1430
709 892
160 1172
1564 1022
672 434
1082 1474
36 257
413 1742
1009 1224
69 689
21 1636
1628 548
480 22
1185 699
787 693
950 1235
599 136
1113 1129
206 396
507 632
1055 692
96 1249
1228 61
1230 1410
175 812
303 995
538 455
1219 1531
1360 1614
1569 779
54 799
1018 944
714 1798
926 1074
1207 1624
1183 1057
139 1629
1588 261
1320 566
84 639
790 1424
931 933
910 270
1208 437
158 1602
667 651
266 888
956 617
1739 150
1668 859
876 895
1329 177
836 133
862 1390
1052 1635
1584 1407
971 1199
173 742
259 751
1696 484
1168 924
1641 1190
594 624
1706 798
770 1340
201 602
1325 1088
1278 1053
1432 400
1308 345
1444 1273
458 1482
710 265
1641 1712
60 1666
1312 85
37 626
1500 1027
259 144
101 1110
1784 1200
149 1462
970 427
936 747
1484 379
767 1069
187 144
1417 1700
1020 593
575 1416
1746 354
289 1445
1091 1695
728 1431
1300 105
811 1459
33 1024
1100 615
353 1246
487 1588
771 1269
1664 1466
911 429
929 1039
232 114
90 1075
243 1796
1190 1109
760 952
1015 1136
664 767
1156 1241
915 162
10 451
820 1199
889 291
369 121
36 680
1603 1273
967 1555
301 1392
937 553
1754 801
661 114
1440 212
105 978
9 839
907 530
281 974
218 1539
617 1625
1380 717
441 1519
1627 482
67 443
700 1689
844 939
960 1296
22 244
989 1739
1243 438
1084 876
626 1074
223 222
197 1095
1229 704
1675 67
1108 1640
737 1469
943 1731
421 482
1075 809
390 1035
1155 115
774 580
258 1659
823 1426
1049 523
86 1416
1427 1195
43 1214
257 914
1615 1731
190 321
1344 483
433 633
1659 840
1690 530
736 1362
322 265
943 1169
469 1307
768 848
1301 1323
1685 1632
530 1746
1775 1701
538 705
1222 674
724 341
1607 1268
1785 97
1371 445
486 1491
226 505
610 479
1217 1721
1323 1261
460 85
1316 1408
1650 669
1354 743
1650 209
169 782
792 630
1009 1525
38 1597
1685 651
1213 460
137 789
1493 71
225 519
399 1417
1255 795
1610 1197
973 579
1176 499
700 837
1645 1382
970 1280
1762 505
1214 305
1316 948
1519 458
249 465
229 1294
1736 1687
1508 1022
590 216
1341 1068
501 1015
11 846
47 98
888 214
53 1524
382 1509
1075 659
1003 729
665 1197
1589 71
0 1498
296 167
172 323
961 386
1080 1395
1625 761
1104 5
228 126
816 165
1412 381
1412 312
333 946
1305 540
203 478
275 518
1000 688
260 1349
1466 1036
1658 404
216 1317
393 521
77 527
1633 919
1541 117
223 1095
1543 1401
221 807
457 1764
887 1585
604 1563
712 1124
1227 430
129 277
874 194
945 1143
310 1590
1664 1539
444 1161
667 613
764 1740
1295 1672
1594 87
450 1714
1057 1643
1128 1243
1298 1251
1494 1445
721 1265
114 340
234 943
992 1017
402 1406
1184 1650
23 345
1586 1604
1419 613
587 706
1334 1087
800 168
1774 440
693 377
859 982
672 1235
306 816
651 143
945 1761
89 1578
1109 1274
1405 233
1595 43
1242 1794
1712 1149
330 792
1267 318
80 1785
859 888
1538 564
132 517
618 1641
1378 1342
1066 905
1425 1117
227 1632
711 930
648 1687
919 1725
1178 1576
841 236
1215 1592
1134 1676
1212 1514
1116 699
232 9
1673 1500
389 1695
1046 594
1628 768
1755 1376
23 1156
618 1619
889 1437
396 338
709 891
1228 810
1644 903
1785 1435
163 1347
1604 744
415 719
363 1745
1168 1579
784 735
683 505
1008 727
397 1139
604 944
857 1741
147 967
1677 197
661 58
189 914
1707 561
1379 1363
1141 1174
858 1144
1328 1538
858 1476
352 991
280 534
369 452
746 113
1639 124
671 58
1083 329
942 206
528 645
819 484
26 373
1010 1364
1643 276
1599 48
37 448
1333 1539
732 425
821 984
1561 640
348 1164
958 658
385 1594
1520 1185
723 1262
822 1120
1231 348
230 530
743 318
1309 1065
896 1510
563 1220
611 513
622 88
898 382
451 862
112 1616
1758 488
1588 1570
770 1178
240 565
1052 626
1739 975
808 261
1134 549
884 1091
1422 719
1043 530
434 1741
702 751
1438 374
453 741
902 1743
105 186
1396 751
184 623
389 1155
1248 1675
1662 519
305 2
810 417
665 131
274 811
440 1327
291 1168
30 1133
1213 161
1737 1134
851 815
1610 519
241 904
241 1572
80 1082
948 25
321 1300
269 1665
759 1373
1470 515
725 1231
470 1519
1086 1663
766 1406
498 736
185 797
1214 883
1194 156
435 614
1542 1371
414 1773
771 573
13 1238
1757 1368
1708 1472
449 715
1072 1607
389 961
922 1358
1191 420
12 1151
1538 934
1489 1400
1779 1478
719 402
1021 1768
317 243
1546 1000
1096 490
455 1626
1117 697
502 1022
130 1215
1701 457
602 58
452 961
1622 1318
833 703
1258 794
1366 645
917 48
193 1380
1124 58
495 1272
1206 1363
892 715
1313 311
1234 129
190 346
574 673
1296 1782
690 792
1471 378
1051 597
1590 1134
23 1696
675 956
1421 160
380 1447
144 243
908 509
897 1242
1328 1441
236 1049
361 1402
1339 88
1171 1303
754 1599
1463 1234
1402 523
1670 364
1347 450
564 1045
925 966
107 172
495 227
498 920
1101 489
1665 302
1420 560
1128 1318
593 103
1088 684
1078 1609
924 733
414 466
1249 1351
424 348
99 439
1491 630
1315 551
291 862
428 1290
1442 534
597 106
545 1482
1549 15
1595 242
22 1721
277 1619
1738 374
1659 1548
1681 996
764 360
1443 59
142 1388
821 170
1233 172
628 1708
1509 1025
1545 1118
1568 971
271 1030
545 1249
1363 680
1370 1545
1444 1529
1675 718
985 1786
251 666
558 142
869 143
1277 29
1016 165
798 485
4 1532
784 407
1722 1493
221 1482
356 820
1092 711
1393 1660
1074 1375
960 999
117 262
978 1539
603 1315
1000 414
1288 1532
120 1069
1659 331
177 685
578 104
1635 2
547 774
35 708
795 116
3 118
440 815
1131 1629
1506 1026
222 1118
1224 235
991 153
775 1391
349 1503
465 299
1675 429
1259 693
34 525
182 406
1445 1278
36 1134
835 1432
851 663
1292 1492
1097 1259
450 1303
1266 516
1653 1156
11 1320
210 109
1555 371
1243 1489
686 475
1540 685
1441 1571
1062 1136
85 1095
1529 429
1073 456
1462 787
464 862
1251 610
383 924
470 1523
953 1155
776 824
1026 1436
161 32
1379 1212
1139 307
689 1306
126 486
1601 1418
1394 1245
483 927
299 842
477 223
834 1159
128 826
653 682
588 1294
233 1511
587 1492
1419 442
584 367
438 353
248 450
1639 287
1212 673
51 978
633 41
863 578
137 529
358 1254
602 1059
949 284
253 1096
606 1502
365 466
1311 461
674 1672
1226 858
734 825
419 1785
1754 779
1064 469
997 39
1040 1174
534 767
1120 95
1474 1024
614 46
569 1098
404 1581
574 361
1492 1523
849 824
1142 811
1278 332
773 553
1038 736
1239 1625
76 1298
700 704
1006 1348
76 110
1543 1425
1351 1179
282 1700
130 1396
1136 599
1340 697
1317 449
117 1128
1156 628
304 1727
396 1671
1041 1293
486 1553
758 26
917 1041
82 1616
1035 524
412 1597
1330 252
1553 1409
1370 277
870 1448
1548 828
370 47
1337 1369
818 327
679 994
1657 535
1025 651
1002 1063
718 809
551 410
74 1462
1387 797
202 192
1321 1366
963 1245
1754 719
1579 836
1592 1356
1764 763
1005 605
824 338
1180 1166
1122 1208
51 1027
1597 989
769 548
623 609
1476 1699
127 124
732 342
527 1188
391 1028
292 1447
264 1640
367 970
1789 236
117 1045
465 46
691 173
498 543
933 1228
901 1051
1434 1598
655 1194
229 844
331 252
1303 1185
1412 1355
1515 1215
1434 1124
1054 1351
1401 10
711 1742
1318 106
254 1412
179 1275
1027 133
433 1400
486 401
995 1454
524 1767
1287 274
650 1095
1308 477
444 886
32 1069
1191 521
599 201
236 680
438 540
121 218
167 1000
922 1194
1696 519
599 1238
1500 666
731 1592
641 920
669 1628
461 336
265 1499
1161 821
1528 1328
1345 759
96 30
334 748
1208 821
1231 1753
1506 40
1670 1414
492 312
205 536
930 857
415 298
639 1617
781 125
392 1458
1747 966
996 1354
1420 92
929 1594
25 1500
57 738
243 1267
1655 1790
1614 1578
901 965
1733 30
629 1294
840 475
496 1523
741 1361
138 1136
719 1279
819 0
984 1705
1217 52
71 704
152 880
713 199
443 149
516 63
1672 35
1495 5
693 203
1513 1372
668 908
889 163
668 1792
907 234
106 1537
353 69
1194 1315
311 746
1563 865
1012 971
48 1300
660 839
823 354
855 440
371 1316
309 1377
423 1794
962 880
1523 247
845 1211
613 783
1485 1788
1215 1501
362 1781
175 1172
46 896
98 1296
790 268
726 603
274 198
1008 838
225 189
752 1778
482 505
288 1585
1425 1326
944 222
818 856
1187 283
1399 428
1488 334
905 1667
482 1323
218 739
684 868
734 182
1120 530
1235 1100
283 1080
585 1375
354 1049
916 634
1045 1395
940 1126
462 1455
1516 878
1339 710
1161 1239
1539 1482
71 159
306 38
1786 782
687 812
1364 519
676 367
1258 888
1353 1344
245 206
1269 344
918 128
388 651
1000 68
1318 788
1160 139
1525 548
1238 1325
998 1033
1428 1101
742 198
1771 466
531 164
523 1526
1616 35
952 1420
1689 526
1651 949
1562 380
1626 1632
836 163
1716 90
546 380
73 702
1118 1053
583 510
648 12
1430 353
570 125
1727 1063
1340 1595
935 1326
354 72
141 59
368 1012
1250 696
1352 147
1522 1149
171 379
207 694
40 566
1140 1769
234 1110
337 1239
1144 1007
34 960
1786 331
1060 1122
1428 562
107 942
394 763
13 697
250 1177
934 988
630 405
909 748
1354 1490
1367 110
531 1125
1763 1356
1498 1420
1427 1630
1619 159
236 1068
562 1248
1631 782
1558 732
1095 1447
1585 1425
782 341
866 870
241 815
767 489
13 1443
310 1278
338 1683
1541 1397
1387 1228
1204 671
1181 710
60 574
974 841
6 708
104 1314
1058 1081
1042 332
1661 1517
1511 6
496 1770
475 595
21 1220
1095 1058
377 418
28 1226
405 1060
830 213
149 319
1103 1707
1634 781
1411 445
930 1038
1111 29
165 1452
1526 1323
1661 194
1005 1604
43 1662
251 1381
562 622
50 1170
763 1581
266 1407
314 1458
241 598
1324 1573
1532 1380
815 1292
406 1434
349 92
473 32
1594 1384
156 253
49 932
1660 1330
1798 966
116 1725
1779 996
135 1410
458 321
133 801
837 1041
1440 204
1339 1270
1169 1183
568 1342
1780 289
130 796
1345 1642
1086 651
99 218
1262 81
813 82
947 1050
518 211
1478 657
579 721
607 603
1349 343
1339 450
740 1145
1122 837
561 344
75 371
483 1095
474 1647
148 1638
994 1622
975 1039
596 1794
1467 746
1262 112
543 275
1709 1041
136 1312
1608 94
524 512
332 739
1143 1719
1181 973
79 1704
557 649
226 737
1391 45
1095 1798
1688 949
1532 1281
385 494
1260 1389
1528 1479
1300 400
1139 1643
1323 1634
384 735
978 1203
1251 488
865 1295
558 1748
583 307
172 115
975 1029
1390 799
930 544
251 617
1024 830
490 1791
644 493
1306 773
1678 240
1476 706
276 1139
608 536
1264 1029
1249 514
1004 99
1079 702
1178 195
1182 815
481 1583
1569 792
751 250
677 720
517 785
878 1707
830 1642
547 43
1784 1295
421 1182
150 1678
931 1217
1210 139
1633 27
102 573
420 902
1386 41
1301 331
986 1136
175 78
1648 1538
1186 1187
58 1590
1297 1616
617 163
1153 853
1385 33
170 1165
450 204
1153 1305
789 274
977 436
1186 876
1443 1611
1106 1
848 388
1129 1003
1682 1631
1718 864
906 755
746 738
679 1005
75 1348
1031 87
230 769
992 819
1487 505
441 1080
955 344
525 1634
1239 403
1331 519
786 111
1605 146
1747 1055
102 606
881 1033
1113 1448
858 46
0 283
1424 56
623 1046
532 1131
513 796
604 715
1114 881
292 434
1317 446
1291 1757
948 1710
807 735
1400 351
1127 409
272 1406
1371 907
155 375
1798 1524
1458 1479
1162 283
1332 446
1647 1078
957 1215
1521 145
1740 1205
603 718
1189 489
698 1532
1154 173
1741 756
1697 1517
809 949
963 1042
21 1409
895 1294
962 1398
434 946
429 475
1765 1154
1400 1723
1363 1642
548 1380
501 1153
1356 1362
1415 228
1652 1247
403 1589
871 1042
1564 954
497 857
870 1161
783 580
1449 450
1160 172
1685 1014
990 856
1417 181
327 40
1733 1008
601 261
6 937
1489 276
643 128
1590 702
287 1499
785 1409
1381 919
222 1570
45 1036
581 1746
400 790
513 731
1496 1509
916 1352
1462 1615
383 481
23 35
1521 964
1505 944
913 1025
1658 212
371 1487
108 600
1500 637
1255 463
1131 1378
1654 489
1067 150
1112 703
1091 469
1785 1572
557 695
540 944
170 684
967 1127
226 1642
176 477
340 889
1463 1605
180 317
1435 954
1674 1644
695 865
1472 332
1130 880
29 1167
1708 579
134 1550
1487 1480
1236 22
1760 1690
795 1363
328 1082
31 745
1760 1608
436 878
1234 977
1499 1372
1491 170
278 631
1548 622
1573 1228
1381 1332
188 1529
1538 1149
874 885
712 1678
1571 1222
1579 610
1644 1032
629 931
1257 403
893 1029
152 576
506 503
1073 1444
279 750
360 130
1193 527
1029 77
1718 181
686 581
432 1156
174 150
393 465
121 443
1735 1746
1631 608
537 112
1057 1426
1681 34
1321 551
1245 1641
1161 843
1117 1781
1714 1164
885 1096
940 737
1111 1611
636 399
1205 1031
605 1590
1051 477
1502 773
474 392
42 1172
1609 632
542 1523
1566 1009
94 410
1164 59
918 124
1601 1075
935 1037
1667 275
372 1290
1181 1501
1572 270
1726 1298
218 1481
635 1407
715 1343
756 455
290 164
1183 1745
1701 905
710 1078
1140 625
149 1288
1406 492
870 450
32 1549
1494 1005
305 1268
329 1330
1481 503
1790 449
804 843
1064 1696
162 1289
324 797
736 1126
1390 1420
385 334
675 1772
706 752
1766 1461
1656 1283
1390 534
1397 493
391 888
484 1019
1536 1245
853 480
124 890
915 901
874 1275
1546 647
1308 838
1448 447
407 510
766 1481
421 1506
1314 1426
1236 415
530 1255
1271 880
847 839
1512 1703
1355 1338
726 1560
204 1123
1244 428
1042 1758
1441 527
1201 410
1399 501
35 1172
534 976
67 1778
1145 340
451 261
1465 921
493 882
423 1177
1586 1634
1583 291
1389 126
426 1696
1092 1085
909 1696
738 274
403 319
509 913
752 1286
151 634
1530 281
409 1111
238 994
1180 170
95 550
1504 1601
1232 588
1226 1340
692 1114
547 1647
1698 1393
744 593
1629 1183
590 145
1049 1203
934 1039
1692 1072
1223 1049
582 860
681 1407
1347 1191
128 591
912 380
307 800
1628 1238
403 64
615 1543
1389 801
863 236
771 975
1328 801
863 1016
295 1794
379 1058
1774 1778
919 1342
978 1479
1602 1793
33 1558
1449 937
213 1050
1343 1191
799 1708
1194 1782
852 161
177 1033
1130 212
1772 115
1767 1069
1705 1732
1658 1072
840 972
1744 121
212 1146
401 1324
688 1450
1 300
738 1226
1016 809
1547 960
1173 958
1508 463
869 266
620 1367
529 460
1265 685
552 927
215 1216
321 1631
822 866
415 646
809 1364
82 1752
441 1667
386 1714
1791 1180
1446 1542
51 42
909 1396
1242 1698
1246 453
1728 100
355 908
644 1084
431 908
870 725
1048 1547
1168 249
784 154
1098 375
1138 399
297 797
1534 760
1271 704
351 602
298 313
757 1406
207 373
551 236
1685 376
26 266
1357 147
1335 175
572 1112
1225 317
828 320
489 1465
590 1441
191 1192
1705 572
718 834
1468 494
1784 817
1039 125
1636 245
1632 1370
806 170
494 582
506 1452
1202 1380
1351 460
1601 7
178 1453
1337 9
980 1492
996 1314
417 1220
591 774
343 1385
1777 1261
1637 797
1243 207
618 482
1789 332
1426 1454
969 157
637 1447
256 125
1386 1527
428 710
1657 1423
1307 607
1286 1322
314 1407
921 1762
1157 606
1431 116
509 1301
20 1351
1376 1088
687 689
1147 1592
261 398
976 1380
1517 1540
1703 196
1544 1303
1585 1214
1055 409
326 1480
422 1441
778 602
806 431
39 451
883 618
1256 1321
240 163
1298 1433
1207 1276
40 1213
799 1664
1332 1745
1663 864
1626 587
1475 1768
1190 1451
696 1405
1179 1646
1166 1195
1408 304
1145 557
937 712
380 1066
1664 903
1012 138
10 1539
17 740
579 241
1505 780
155 515
1175 1799
1264 1781
1022 169
1212 1032
1011 1311
1085 729
231 882
1223 34
1032 804
539 529
31 1008
1538 370
278 1057
355 460
291 452
1432 1361
504 849
373 1605
1463 1026
246 1136
1005 878
1596 1011
1589 75
300 96
1442 179
1773 1192
1235 747
1211 526
881 872
1567 697
1746 680
1057 1298
1724 1426
127 482
87 195
268 1584
146 347
378 1170
1574 787
1747 1779
249 566
291 1461
747 1630
1355 698
1218 18
1275 493
192 76
1062 127
97 608
1161 598
420 949
1020 1059
566 1658
349 409
612 1683
1224 586
1002 167
1620 1101
636 1638
712 221
392 1029
1205 873
1163 179
1527 23
1668 1706
122 1677
446 1564
1283 760
707 315
80 241
691 987
358 1796
1272 1683
336 764
150 315
320 192
1643 1763
279 676
1757 1374
541 1294
1371 965
1720 1270
995 1661
515 1586
1018 817
678 574
1266 93
194 1389
576 561
1571 892
948 377
876 1677
1030 1774
231 1377
1687 1429
638 1192
269 37
1007 1029
288 1287
980 546
1464 1008
1392 917
1203 1396
826 896
1740 993
1642 1417
1598 240
1021 970
857 348
129 825
289 506
189 1254
654 936
1482 928
1650 377
1456 497
1782 253
90 607
680 1392
1287 475
1481 1750
1361 1746
458 857
340 1012
1635 1403
708 880
1731 119
1375 1087
1517 1723
1711 1776
1457 1760
1018 446
341 1122
26 1572
1229 566
920 1763
1293 901
650 31
407 1254
388 260
1101 1629
674 1194
124 277
1165 1062
1049 391
409 872
865 780
270 1757
621 632
1765 1339
1167 224
1099 660
578 1070
680 434
777 558
1768 1569
1079 1325
812 735
1165 574
79 70
744 1789
1562 1470
791 1490
1010 898
49 1416
79 1424
115 903
971 1098
1619 1629
831 984
627 532
1316 691
139 283
334 1349
1104 1142
1494 869
1253 820
1743 1136
548 35
151 671
1550 1372
1511 1116
827 1649
395 637
720 864
231 1666
1766 1453
1031 307
1289 707
1599 372
1270 96
654 624
834 1522
1430 736
1359 1300
794 1283
1700 1353
906 1273
314 1758
66 1721
1214 996
159 1455
1712 1
898 301
827 1597
964 178
977 1607
1367 1721
1365 1598
602 1257
1056 808
198 1576
329 705
1081 77
1771 1459
1788 744
257 718
882 1039
1439 607
764 1024
593 509
36 93
966 1265
1773 642
1099 859
342 346
349 1122
938 1620
841 1047
1714 1169
1575 1505
1329 1022
77 880
900 1513
1159 1601
682 324
1009 1157
416 683
993 338
671 199
1470 1608
1148 1136
70 277
1609 188
539 1234
1507 177
1430 676
394 1264
1526 111
199 527
1350 770
406 1437
312 1275
154 190
5 1113
343 1779
643 866
93 1438
244 849
161 1476
511 1427
326 489
208 160
1386 195
1103 819
706 1419
395 896
439 222
1741 341
879 1434
545 1492
951 1556
0 186
110 601
220 1734
507 1775
1636 74
684 1129
345 753
882 811
1021 490
1263 805
1028 1756
662 1262
991 482
205 203
1015 896
1178 1364
982 1597
875 1269
955 752
510 232
1404 1267
211 185
1502 684
345 1232
136 65
198 245
979 210
410 540
1286 1628
1165 539
410 6
832 1357
203 1110
1630 808
1066 133
1742 567
1060 650
109 1353
332 79
1358 1487
163 906
563 1610
1608 1628
228 494
683 1095
192 1569
401 18
62 794
267 32
1684 978
1597 1568
433 1643
683 1748
833 1445
1290 1757
1533 670
699 100
663 6
1401 1081
111 821
1261 467
1322 1345
472 1202
862 83
1783 1677
864 1613
701 1634
852 392
1447 65
1640 1563
1033 273
954 1134
1309 455
946 1167
1413 863
1004 1590
1256 706
479 1435
287 916
1731 1427
1602 237
1226 1224
1568 533
57 148
28 571
927 1776
336 654
951 1294
34 543
488 500
1535 278
1778 764
1254 563
908 240
752 1057
1772 846
671 1465
303 1386
773 918
913 1780
1213 993
1191 712
1176 1192
631 1059
1216 1700
934 900
1138 332
437 1476
467 445
238 1768
220 1280
1626 548
815 812
1018 1397
1720 1212
1270 913
1126 1367
1701 991
652 431
649 501
1707 1164
720 1355
1460 1335
282 767
268 509
949 1392
1295 1598
109 1772
14 155
350 1788
1010 1750
132 1392
1535 269
1151 1153
837 404
316 1732
723 533
1589 1020
1016 242
457 703
437 1326
828 1716
1011 1614
1233 563
1077 1276
1518 998
677 1572
179 1336
1548 1255
713 1624
1481 624
619 455
15 1583
101 1000
1592 811
1341 72
755 1450
856 338
1355 796
33 43
1601 114
900 1008
512 343
550 312
967 105
1700 244
1014 1134
688 164
1504 1472
571 556
1304 247
1164 864
1456 277
554 136
274 780
1344 1194
831 1346
1026 838
1146 265
588 1621
1547 465
871 1628
1796 1314
1143 1184
339 1136
1521 231
1350 1044
165 484
411 876
346 529
1081 493
950 56
1404 1247
1703 1030
742 1403
1618 52
489 1624
987 480
609 1149
532 1097
132 769
620 33
540 26
1465 1112
1473 1309
245 1411
535 857
1002 920
1537 1270
625 682
1035 1775
1320 1255
5 1620
1749 1792
1343 852
313 295
324 1373
1726 1027
1720 1228
751 737
873 730
680 717
230 1308
1019 1034
1110 50
253 1001
1547 1448
1297 1697
749 1013
1141 621
1791 769
449 273
1140 1738
1038 1301
1224 1297
282 1571
141 1422
1127 854
110 1185
725 53
1325 796
947 97
1474 14
647 1636
1472 1559
255 1747
134 94
666 1553
1671 286
1703 963
88 863
429 920
1328 158
1076 1246
692 18
442 992
479 639
985 46
282 1702
1574 441
927 459
714 1678
1170 1134
163 858
371 163
1116 1425
781 1142
829 304
1575 800
1237 1167
1040 1481
30 1164
1580 769
1060 411
1783 137
1682 912
306 1408
1787 704
542 1497
1581 1020
1555 870
634 910
82 362
1648 542
829 1747
957 208
774 717
280 278
300 1604
1246 176
152 1217
134 772
1570 93
659 1574
620 1349
1351 464
504 780
846 53
278 824
1513 986
1520 1452
356 960
1560 1583
657 127
1125 1462
376 1235
1645 383
469 1752
1111 1714
1045 446
222 767
1612 66
1416 400
689 1640
879 748
1034 255
795 1667
917 515
1280 487
1473 324
1279 1636
1632 498
985 1414
1563 937
491 1647
125 1421
1372 1765
214 764
377 1643
1373 361
458 1405
946 878
1722 459
627 758
1148 703
741 557
1711 1451
437 466
1418 208
335 1390
1294 526
747 441
144 80
1071 1788
754 1793
1452 1668
16 322
817 444
1440 1125
490 640
1607 738
72 467
745 774
171 1051
1796 1135
1407 1511
1619 1044
914 22
541 599
262 606
1728 576
658 1720
78 19
1499 92
232 145
619 715
1176 110
459 974
647 1005
17 1417
217 1379
1771 1011
102 813
422 1633
1695 491
284 1700
260 988
862 535
873 450
648 957
1627 294
163 492
167 1362
1210 322
271 261
616 494
135 509
987 797
743 957
719 108
893 1797
798 192
1174 1743
632 490
1441 1605
367 782
1726 348
1060 359
1744 823
500 1742
327 1445
454 1338
1121 1696
573 1550
114 1439
1308 1059
340 330
1159 206
1591 359
1363 945
873 1193
381 1086
149 1564
1573 1474
1418 742
1013 1098
632 43
925 1280
209 108
233 494
637 1090
916 348
1506 50
910 941
939 1292
511 1689
902 1237
368 96
1382 1208
979 1757
947 1742
1305 859
696 908
696 82
633 631
347 543
1156 236
419 180
454 1674
235 172
1704 1543
1525 1520
122 1782
203 879
1300 739
1377 783
97 483
1477 1497
322 1676
1438 706
345 485
1632 1514
1653 411
1428 999
508 1132
872 1454
1080 1274
1731 1784
33 1154
959 1694
860 1142
1711 1250
1741 1483
1324 682
1479 1614
383 985
746 1704
1273 1735
536 658
1691 756
1471 1459
359 1346
1717 816
1373 1104
83 1186
1743 1532
443 1388
1001 759
426 860
586 1145
99 1644
1467 899
348 1588
745 869
1044 263
1032 1482
759 1648
146 128
303 248
1091 1794
640 872
1624 365
86 1106
16 1396
1667 1338
1760 1071
1600 185
1661 996
1148 1053
796 515
119 1271
805 1463
1728 99
1497 497
186 1595
1031 921
1469 1466
1050 112
1088 649
1299 14
1654 52
670 733
1148 24
813 1407
1404 1361
1725 1491
1189 982
1767 1563
186 742
231 520
1718 481
1783 666
1402 1481
1436 1609
869 1725
197 378
909 93
1482 1730
848 1389
488 419
1087 296
1047 833
323 1314
666 325
178 1712
1238 913
1291 1420
310 513
299 879
1528 310
1782 122
470 1064
435 662
304 1123
463 747
1073 1421
1633 1712
858 837
41 571
1639 1164
95 917
831 1096
1761 635
657 902
1547 717
1372 666
553 580
127 485
1759 1270
1177 224
1577 849
1276 243
1558 58
1789 1372
723 1546
762 1526
1539 85
1762 1023
1623 1170
877 1377
1000 568
1676 1535
293 199
905 556
98 531
1644 612
642 1796
1546 477
1309 375
41 1046
1277 1444
596 1176
1470 966
438 470
1531 61
436 262
1694 1418
1796 1426
757 317
22 600
94 257
148 1384
802 1653
866 1719
1537 1384
446 536
304 1678
1302 1224
1794 709
1043 636
1576 875
773 505
1209 786
468 1492
1374 480
160 646
354 961
110 592
278 1368
1179 1446
917 1601
1048 555
1065 1406
1696 792
856 483
580 1609
1127 325
265 1564
1218 355
295 1189
208 472
409 1400
664 1557
159 1233
1050 1326
421 1011
805 1102
201 1669
745 1635
249 1774
1556 1193
522 1687
447 1185
770 1301
384 1106
925 699
1485 1158
1732 1448
1029 889
1699 686
864 1418
1527 1049
1240 1309
1732 261
1369 1546
123 45
610 534
886 1793
717 870
1192 1151
162 1473
180 1412
574 1142
1322 1503
545 1406
792 196
502 99
59 438
242 294
710 9
838 552
1053 1702
1345 267
518 779
411 1048
845 1609
598 363
425 1281
1172 975
702 1676
999 1078
1655 927
1302 698
456 1223
181 60
462 1732
559 442
1553 340
587 963
650 1760
1449 78
215 1070
1455 361
1791 1034
1201 1024
1756 19
112 86
1239 1123
58 1708
655 966
1393 585
886 241
128 1077
1693 628
785 1590
1122 492
146 491
274 883
549 990
656 606
473 1270
1381 1437
199 1308
1041 201
576 1111
1326 1648
1086 1027
225 1578
1606 548
921 546
364 1766
634 31
1090 431
1063 1380
893 910
985 1399
1147 931
1187 304
932 608
384 1243
65 913
1107 968
1479 185
1497 1554
1342 1009
965 1023
87 734
1446 1204
1392 59
1717 353
1304 187
392 1575
309 1163
787 1176
341 1309
1364 270
741 1501
1488 119
1487 401
394 610
1719 148
627 1011
1781 549
1164 1672
1077 1709
550 564
717 732
836 902
112 1163
156 968
1087 1006
435 640
1026 407
281 1117
1258 1573
155 1079
1190 176
1174 1059
867 1427
748 311
409 670
24 1157
206 1733
1507 601
1229 1774
1310 581
1 1547
1259 1087
1295 1057
713 652
1464 709
142 1194
536 944
905 1215
1634 173
625 771
1439 422
1743 265
63 326
158 114
850 1494
1576 706
928 432
743 1138
768 1051
254 193
166 1446
1286 462
44 121
811 81
1492 341
948 1278
508 1291
1254 487
773 191
1017 1576
614 1011
1618 1284
549 171
770 1349
923 60
1787 1201
1178 464
159 1176
1273 1179
559 1382
1107 1372
1027 1177
1535 210
89 1718
242 1401
69 194
254 882
697 1545
701 610
1797 661
483 1645
709 777
757 1613
1762 994
1250 553
267 1181
653 1612
1704 1388
747 445
408 1382
11 550
742 1574
584 740
431 413
1143 236
951 1446
294 716
844 533
1293 402
2 1471
1457 1211
39 1287
396 1687
1792 1424
1200 1385
973 1796
708 1271
1342 204
1408 514
1791 1280
1528 821
1606 907
1483 1143
1792 523
911 628
934 457
414 1201
1284 905
597 1289
1056 1594
749 1071
338 1758
276 1117
1551 1378
1797 606
1209 420
842 433
1270 165
1417 863
262 469
891 1363
926 778
1124 609
1169 153
1723 1608
1038 1340
1799 646
1093 1034
1536 620
1630 1171
1612 409
1769 1005
1044 531
1636 306
729 556
429 277
56 531
1135 403
1513 177
988 754
1500 169
1105 160
1368 1573
1526 1275
873 412
326 1571
1777 533
513 1681
568 970
1705 1090
227 213
459 680
1173 139
816 879
216 1178
1474 630
1450 1229
1176 223
1173 1317
467 1494
842 1473
577 731
1139 1789
1743 1537
1613 1074
1484 466
258 1350
514 648
833 336
668 555
1560 1237
300 147
847 120
876 1564
750 1549
566 960
342 784
704 1584
687 1163
1533 711
717 1726
473 580
1196 1250
1752 1239
1361 1010
560 1168
1421 484
731 1421
672 1768
776 1038
1603 498
1096 1585
521 175
860 160
52 1049
1181 520
624 1725
1527 1334
1656 19
1682 440
754 663
1435 876
1713 1122
1740 1398
654 253
1114 1391
653 408
1062 232
1146 986
1154 285
944 774
1274 614
463 131
575 461
720 632
1637 540
1221 1326
809 1752
244 884
1074 1561
606 1117
1380 1159
1517 296
1635 101
1220 1501
658 1180
619 963
810 356
1510 1523
1759 282
257 571
420 548
708 1486
1688 782
1781 130
793 614
1708 1020
752 1012
1607 222
1326 1636
1304 862
469 616
188 1651
1642 1770
253 653
1244 38
1055 496
76 1703
505 1036
60 241
1406 616
1142 1567
1307 568
377 164
362 1331
867 178
1053 1208
491 312
562 200
1721 1709
1452 166
107 825
1278 816
1389 988
841 550
1638 1473
199 574
1348 1498
958 1489
1502 1510
938 564
247 952
867 873
893 1668
1061 245
1112 1225
1749 418
250 279
820 442
875 1550
974 1059
513 776
1237 772
307 181
468 1739
1460 1144
210 337
5 632
286 1280
733 1579
317 1201
1485 1045
758 961
1624 1050
1410 899
494 1427
429 413
144 1180
1539 602
939 1744
1496 1137
308 1052
543 889
1426 338
1347 841
514 352
1286 31
176 241
337 1447
724 1445
1716 726
920 1745
1559 407
806 1094
753 473
1761 539
1745 1231
1317 1298
311 1674
1551 587
53 1075
1673 478
895 85
554 301
297 513
288 1351
83 569
80 1565
474 420
737 1570
500 743
109 944
1550 986
1253 236
881 1377
1612 719
153 131
363 1397
1173 1796
462 11
775 973
1069 1243
923 874
7 1724
1751 86
1184 1382
1362 293
955 308
398 809
499 342
1594 725
1693 1106
1266 789
1490 1483
662 1656
1413 227
702 801
47 1275
1115 381
818 1587
595 1508
524 1114
233 198
182 430
138 782
1597 139
1732 359
1719 1243
1429 164
1447 528
681 856
20 1262
1248 1748
618 550
255 853
600 40
1171 161
1684 279
306 1052
125 178
351 1763
1605 327
1391 1443
706 147
982 1432
936 683
219 372
990 454
75 1320
758 1299
1311 204
1356 525
742 85
1373 1659
1265 1028
1697 753
387 407
663 950
1012 641
280 1483
739 1651
1720 1267
724 1691
239 1244
67 1195
938 412
832 1346
430 1610
1263 1797
1577 896
1440 847
1040 1027
1254 523
42 315
1596 834
1648 562
238 689
1352 347
1306 361
533 441
1512 738
1561 1510
1195 1008
1376 1102
1065 945
388 645
177 721
762 1495
613 327
1281 1019
357 864
807 941
1383 1762
899 416
398 155
1349 428
600 1457
447 1435
986 43
883 1401
1134 957
1211 1509
1330 467
296 137
1738 1293
651 665
254 491
15 856
1525 460
104 1703
1622 776
1453 63
1221 307
1587 750
588 980
1028 1642
975 117
1567 118
270 1107
1034 1783
681 339
378 885
580 81
1643 458
303 948
1143 700
516 104
465 150
1187 600
472 1210
1470 888
1683 98
1657 305
912 631
1125 1778
1274 1314
1599 909
756 60
1230 286
1448 408
519 1437
1019 970
1034 1737
1598 1508
68 111
91 1683
1252 1716
385 1372
1280 224
1751 1464
1272 547
1017 1209
108 1269
174 1544
1452 1387
654 967
940 1536
287 1216
715 1112
571 1466
832 1513
918 639
1706 179
372 1418
153 1567
971 1774
664 542
1715 623
780 609
766 695
455 341
1063 86
1759 1683
1703 737
772 665
200 266
180 1619
644 380
879 1511
814 1459
1375 262
1728 126
1160 1690
1101 1453
790 186
1029 105
918 1477
1540 405
1495 1040
797 892
1163 981
1510 1738
1006 1468
1542 1177
843 933
895 1601
1431 1148
843 1437
490 742
821 1047
987 991
726 605
1095 572
1431 580
535 1700
116 934
572 637
1482 785
1532 1423
896 1043
1136 107
589 332
1556 626
1071 238
374 1158
448 986
855 1348
534 493
174 1622
926 253
703 1227
518 1043
1511 1015
633 1283
432 103
61 1503
264 1154
277 1355
18 1620
1192 1527
342 1646
452 560
320 736
219 699
808 16
1748 1248
1445 1084
1409 1301
615 616
606 1416
1742 323
1058 211
81 476
347 632
1721 1069
243 69
636 1532
543 794
908 1744
798 829
1396 1462
782 1580
1436 600
748 1655
1456 913
891 1128
561 1498
899 1651
868 1790
1354 1605
140 661
1522 1205
1108 167
1761 146
39 714
1491 373
263 1407
499 370
1292 138
501 409
122 591
439 1214
1459 1265
370 1189
1003 882
1709 592
608 1691
253 1541
1756 1799
898 1617
1734 1539
1354 1237
85 757
1258 1735
471 1719
1294 765
1788 1032
1585 1305
1094 717
1084 1571
1753 1324
265 865
454 1662
698 1168
782 653
1745 270
613 1453
1361 1367
1283 1572
226 1128
1634 890
1180 1390
466 830
228 415
504 820
1700 1506
1123 769
74 354
525 1276
1566 1621
1552 1571
482 643
361 1260
837 1524
1533 834
1542 335
19 398
50 533
34 1280
157 1627
373 1273
1566 634
183 317
89 1693
877 572
783 84
1230 312
1437 122
839 858
1044 723
880 1270
1023 1692
341 106
1100 801
1771 292
1562 1276
1059 1251
1679 1360
1493 458
427 588
1152 1791
318 602
520 1515
419 125
1434 1130
624 1272
828 1337
826 359
67 775
490 1114
510 163
896 885
1505 1074
682 984
462 1642
1342 762
455 1232
1574 1219
1071 148
143 1713
1680 742
933 1781
840 357
1758 960
1037 1431
285 1422
1677 1559
1674 1735
970 1104
56 1070
802 1326
1617 628
552 1320
1080 1498
416 697
1514 1177
690 269
1730 426
1716 1107
1323 1456
927 975
579 1484
1724 27
322 330
781 641
671 943
1687 814
1410 793
570 204
1254 106
396 282
1503 548
992 760
189 963
1374 1079
276 287
32 1572
927 515
1459 1180
170 1058
1256 458
1119 1122
1407 246
427 1786
762 552
1125 1005
777 1369
589 220
273 1356
497 714
1083 1600
544 1678
874 335
594 609
548 69
1780 684
1070 1120
753 1254
1721 1085
533 1105
1245 411
1463 607
997 804
1514 895
45 602
678 48
1600 202
157 1051
484 1456
359 1564
175 743
560 163
1585 681
1750 298
246 90
1593 309
1246 79
416 1368
763 137
922 783
1307 1398
1656 845
1015 1207
1454 384
1669 1538
601 1649
1296 1395
383 796
4 215
1348 228
1001 1027
567 901
580 384
386 1356
1452 1571
1374 1784
214 171
636 1597
515 216
263 1008
302 1134
202 1773
1727 1629
1224 294
1368 492
722 285
89 411
1706 1648
351 1244
579 251
1723 384
445 641
174 1724
387 952
2 118
839 582
1152 1100
1600 507
999 1769
1534 1767
410 418
1485 266
499 310
1288 448
1524 1013
1310 571
1586 1653
1680 226
1729 658
328 941
595 46
182 1228
318 305
1668 746
803 1634
1074 924
1069 1073
1722 967
616 1665
786 1005
1539 1564
1085 979
448 1194
1020 405
914 362
315 1393
169 441
1184 163
1313 1360
996 207
1784 147
856 1369
1007 487
64 806
272 1261
1330 1614
260 959
1276 1511
273 1762
1331 481
1279 1429
1455 379
1169 1627
1191 1755
614 374
179 592
480 1738
1434 1405
686 540
1769 94
954 1314
1790 49
1287 1100
1691 586
1172 182
478 634
1270 1318
1748 909
761 1236
1289 715
523 1738
1351 1290
958 124
1444 832
240 556
735 1115
141 1093
90 1368
581 873
723 397
289 1607
761 1119
1629 139
1673 209
1766 1259
267 1539
746 1077
778 206
301 1158
186 1549
165 614
1576 864
1368 1528
61 1002
904 1656
1155 1431
965 1560
1201 648
974 1717
1431 1167
1128 18
1602 173
400 489
40 383
395 597
638 1567
112 1115
1609 819
711 718
82 1031
1200 917
1093 445
884 1300
763 736
597 199
705 784
1137 1606
1484 825
1367 415
352 664
1737 1489
830 666
105 220
1175 838
1446 472
4 1240
1782 1230
1175 31
440 77
932 220
1671 123
1477 1082
567 1076
875 1252
1478 963
1221 118
537 184
504 98
1596 638
625 600
633 1313
638 1140
169 967
928 276
1253 1071
237 1508
485 1123
941 232
281 594
244 1634
1557 83
294 1060
14 1284
1388 927
1457 414
1653 471
1442 858
1423 89
1257 310
367 257
913 107
779 406
1331 1774
1020 1479
46 856
114 1703
953 1245
307 319
1288 257
932 33
1647 1767
1227 734
1314 569
612 1046
43 724
1752 1590
415 1134
591 1586
1268 1648
854 884
217 287
1321 641
811 558
1469 1287
559 272
645 1540
883 1304
1477 1544
993 1264
768 208
1543 889
1352 948
1530 801
100 1607
224 610
761 1686
270 435
1713 809
1509 1652
1414 1239
1479 44
581 113
1049 1239
1058 54
73 1105
1301 1324
1496 1025
1461 629
1746 1057
289 1048
1261 1178
1036 729
544 841
1274 1009
1793 1690
912 219
1672 1209
679 818
1202 1458
1068 431
896 29
1363 1218
866 65
1766 1278
1722 1718
1742 1476
803 1091
804 1373
1492 1613
1108 1111
1615 1302
1649 27
286 1204
466 1522
1025 16
565 1042
405 1072
1698 629
1013 1183
624 1335
1439 295
798 1029
528 873
961 372
178 500
1778 106
265 314
492 656
1523 48
1568 739
1275 144
1213 1084
387 1744
549 12
1099 1371
1787 758
1032 1556
839 72
158 897
1284 781
28 657
1764 896
1768 1452
983 1303
797 375
221 426
521 590
1422 1537
894 208
1696 878
130 311
250 315
802 532
998 291
1522 1097
1540 992
1450 1647
1065 439
404 1280
262 254
1529 443
393 1775
466 1043
1167 103
37 77
499 37
1780 135
1769 800
808 1463
824 661
1443 1255
1707 226
1413 342
489 276
229 951
1504 458
491 9
913 1345
871 559
273 1489
16 768
1652 1341
1717 274
1414 1722
459 958
1630 722
420 962
1486 1613
931 617
1206 689
855 894
1359 1707
868 133
1025 128
765 148
1534 1233
1735 165
1387 755
935 1607
18 1707
736 759
1033 1130
625 1639
373 175
1552 925
18 1284
95 1665
830 386
582 1078
38 1024
969 564
1778 1367
1211 1319
1663 1201
1368 1317
1493 143
1523 1333
1141 101
1570 174
362 1797
1110 1508
1453 476
864 94
971 1221
910 1629
88 1432
1259 1016
859 1256
1046 1287
1512 196
1423 564
1732 735
1591 775
941 1491
1089 746
519 550
344 1301
1634 1727
460 747
179 530
965 344
1248 90
1012 1235
329 578
1362 1661
1730 1580
894 188
1759 1593
1429 1249
1172 1011
204 677
563 1620
1097 558
153 60
1563 896
166 984
1737 825
769 19
749 519
405 531
557 1346
777 267
1770 851
1237 1383
1569 342
551 705
1366 164
1282 1494
707 1728
623 1231
407 786
1223 377
1281 880
584 1110
1645 1718
209 1764
1643 424
434 574
1559 973
1006 43
237 275
1716 1185
70 445
1329 466
519 258
1317 1749
1758 1409
531 1536
54 275
1197 425
1061 427
979 8
903 562
94 729
1294 114
1597 35
1584 1297
219 1530
402 1595
61 249
224 734
147 532
1476 1565
1541 1103
659 201
104 882
1362 1432
1228 1658
1697 1
1195 1110
616 1348
1205 78
1665 427
610 301
1199 1336
591 1273
382 245
841 1544
807 926
750 1161
1297 1289
946 745
1505 1689
792 992
1715 1261
273 1076
1145 999
1403 244
515 1362
1182 948
512 1609
195 1330
113 435
1795 1531
1079 1531
198 1434
284 1444
1779 652
313 1753
102 284
1228 1390
1465 10
314 607
1285 8
1145 1302
1088 1084
135 517
1024 1673
1140 358
1043 1317
922 1165
374 1650
335 1218
1024 956
1346 1124
1117 21
69 1444
145 379
715 1259
924 404
81 351
1567 442
1332 1153
46 888
1738 249
1795 903
1714 1235
994 243
884 796
1274 244
1299 244
1240 106
496 1540
730 719
1394 1477
820 802
741 1415
1066 232
50 537
1247 1017
334 1608
1216 1171
861 8
1042 840
1100 1699
668 210
1409 638
1669 1655
1591 954
155 1384
690 1056
1410 184
359 1341
115 784
1385 196
1536 1198
1750 858
1666 1751
379 136
899 973
468 1562
167 1604
1620 489
667 467
1225 479
13 812
1029 1280
684 1139
123 1729
1760 847
196 475
331 51
1397 327
882 332
796 431
575 1632
1124 37
1676 592
1124 1744
1396 1162
1162 808
786 959
66 787
644 31
670 449
1717 1514
1154 416
220 609
1251 637
277 41
760 77
41 659
565 1080
568 916
777 1272
845 1172
1391 712
629 1602
329 1609
526 1210
321 9
916 1011
118 508
1236 1390
201 863
1126 373
1729 343
191 1256
1740 1735
991 1699
1699 1119
1377 185
42 1739
1203 808
1104 410
38 1011
1763 907
661 1380
990 1483
1185 553
1616 1705
1686 1167
647 1681
445 1081
207 28
1734 1291
194 1207
1451 730
193 526
1559 1571
1617 1733
1112 1221
1480 1112
237 1549
622 1660
451 670
709 390
1570 51
120 1252
1529 61
1715 911
1235 1447
1666 1647
507 936
1245 1704
700 319
331 744
612 520
304 114
328 795
631 297
1202 1441
1695 434
1121 663
1563 182
1112 201
1268 1767
1640 1026
1190 1377
1579 1085
762 455
1357 728
195 944
998 1559
1062 1789
1367 107
1442 904
685 672
56 877
484 879
727 1135
204 1613
1326 1520
1388 222
670 1692
920 1377
1242 68
1624 1046
1015 1223
877 1717
1755 1000
1581 494
205 986
1291 1281
1656 142
546 144
2 213
1221 1724
621 901
381 573
323 1702
997 411
1327 1209
295 841
1715 1593
410 1503
1297 1671
1306 1134
181 515
526 1064
1593 275
1323 1310
691 1582
594 331
248 967
1417 605
1141 3
1393 906
835 486
1087 1554
1574 1093
981 374
1640 1656
465 969
800 633
478 43
1250 543
1269 1126
1397 662
380 1614
1104 997
518 254
1516 776
897 455
1070 1698
1676 460
1486 1661
553 290
1693 1063
127 367
202 163
529 1092
148 1580
674 673
1618 1083
727 1617
591 454
1120 380
1480 1556
121 1329
755 261
1157 1213
1101 1530
1093 1791
1526 416
966 698
552 804
224 247
198 205
1271 1499
502 20
122 1044
780 153
78 1296
1678 292
509 533
869 1604
1459 940
1234 1722
160 1231
1509 1788
738 801
105 985
751 247
294 277
1724 1291
1451 1438
1118 130
1333 862
1423 721
212 689
1583 559
989 1646
506 1306
735 1276
715 1419
507 1668
1152 1315
101 405
812 1599
1772 435
1702 1127
1488 122
166 1317
1665 165
43 1192
116 1053
24 64
430 749
1570 78
1608 1466
1047 265
1642 467
517 1721
1564 347
1298 226
706 149
1556 781
1487 1243
915 1305
1144 1009
285 301
694 296
1051 958
302 1128
1535 335
811 1772
945 1666
939 1596
682 1478
940 210
975 887
1268 900
448 623
1548 949
1611 1409
567 657
517 1001
981 1188
184 439
722 326
283 1503
1691 971
852 585
1645 1349
1022 1606
1572 427
983 1289
776 794
318 1313
608 295
1415 1330
556 1477
1403 603
1194 935
1293 1713
1180 255
847 224
1627 158
1159 1551
1151 486
1466 1585
650 1747
596 1012
1005 537
496 766
586 540
114 662
1102 574
173 1033
1510 118
882 37
143 1698
1793 1670
1081 638
696 1264
485 327
275 283
1017 1057
25 790
212 1447
1524 801
590 827
248 1396
411 396
1102 401
1609 1390
1648 1054
228 1622
1310 1765
1037 321
1555 1637
426 1779
384 1344
1752 865
1752 491
1312 888
1646 482
1038 579
556 73
475 1246
1419 504
477 1645
960 1241
371 1222
21 520
659 276
375 511
1369 913
630 981
342 1600
382 1628
1429 1327
170 64
1158 434
281 239
1275 1743
1147 233
72 1173
1617 1403
1587 804
1158 1194
1430 1649
719 1186
682 572
27 707
1504 891
541 1064
1048 1452
1642 205
592 392
323 724
461 415
455 143
1126 323
1289 0
1646 808
1683 156
108 1397
894 509
1783 1025
1327 1788
1365 1602
826 535
78 738
1702 1483
1733 104
1395 1011
1078 1087
1503 1778
958 358
1506 1482
1730 1296
528 1762
411 638
301 1676
234 1616
1768 1747
370 681
108 1067
744 1071
111 23
378 982
1307 937
842 744
48 367
305 660
928 378
1652 455
1412 1529
783 778
1271 489
0 1281
394 1030
70 548
88 1391
1702 65
1572 679
1133 24
1046 730
552 1586
799 1464
649 408
1758 832
252 586
408 1031
1552 108
994 1747
624 1487
1383 1362
505 1486
1578 686
327 1051
1719 483
1459 109
1153 1182
103 1674
1284 1742
1384 832
631 1522
158 1396
1290 1295
1726 546
526 908
1382 1478
731 1300
533 1666
1136 1672
48 1459
816 404
1629 1376
1199 1371
1032 350
691 200
1727 179
1034 72
702 189
637 174
813 740
407 1224
242 822
183 1001
1537 366
1418 144
781 1787
9 527
801 1515
1106 1552
665 413
571 558
622 1407
197 44
698 1309
1065 1244
1481 257
100 768
1408 1484
801 601
610 27
876 1799
7 791
955 298
1519 1493
514 1677
1494 1027
433 445
52 1791
470 517
255 1373
640 1446
172 326
65 1250
83 908
1586 22
48 1618
1580 346
1763 345
854 644
821 1544
377 863
1435 202
73 1793
1436 1320
739 437
1072 4
747 1577
1227 1216
792 1753
1623 429
849 1356
1163 756
1468 723
1211 16
478 1264
3 1326
393 208
533 1265
1089 840
972 1608
527 739
1197 211
1170 844
512 1360
1610 1787
1411 34
695 1016
1756 1223
438 534
787 146
75 417
1309 1037
1378 968
846 1220
401 1533
962 1667
297 466
626 1721
565 1775
1358 1728
479 1062
1035 922
508 1797
63 198
452 443
676 1733
346 380
1019 61
1584 731
51 397
1595 642
1028 750
1349 1527
1725 246
536 975
145 1588
1252 1608
120 847
118 995
128 1673
1684 1288
1583 1190
1133 49
1153 1175
1424 1186
1646 1736
1129 391
1235 1093
365 682
1150 1312
1795 961
938 1675
138 551
1747 385
1077 1690
1070 436
526 202
908 545
780 1172
1182 809
325 1450
1663 1047
1587 757
449 166
1770 93
44 1259
1223 94
503 1503
1688 739
522 848
1273 32
1418 230
1093 197
1460 994
1115 853
808 1139
616 2
1336 640
193 801
293 1319
1318 551
485 79
1576 845
1151 660
984 1506
1679 1266
1004 1350
439 1325
1690 125
361 1159
1454 1423
1219 692
1408 786
160 311
418 1795
258 1213
478 1174
1698 1452
1458 1592
1567 452
2 76
1135 725
834 210
612 1410
1376 1128
853 752
1360 62
628 154
519 889
428 596
1090 421
675 426
1529 63
1126 351
140 1153
320 771
1289 842
1303 63
1755 1778
173 258
1650 818
1433 1585
436 23
379 1524
672 782
900 742
269 264
147 384
113 1560
964 1587
887 1362
203 397
446 1759
694 716
136 1120
494 888
628 214
1681 1369
9 784
1035 1113
817 514
1621 264
673 171
1468 302
1785 1644
150 1248
1130 167
962 230
1079 1200
637 598
9 749
850 53
223 1421
74 335
395 1369
603 958
1083 1604
218 958
968 53
162 1241
1155 989
475 236
1426 446
651 32
437 1024
1391 997
1710 1746
878 1332
52 378
58 1778
1280 1490
1679 1439
953 536
1446 237
472 920
1195 721
252 1117
778 803
1582 1391
492 938
390 1124
797 712
147 1694
819 1688
898 1642
635 974
424 972
564 1226
461 495
878 1606
351 747
611 195
398 899
113 1761
845 1730
1361 217
1427 1155
321 628
605 955
1216 650
666 279
283 1159
1709 814
202 1565
1364 516
1384 234
1132 1387
1132 1307
1595 499
1734 1059
449 23
609 727
472 1764
1753 503
1545 657
1553 1193
1353 226
1336 1332
366 1619
1121 534
993 1593
728 937
1493 1086
1151 911
1050 473
1023 1701
285 960
22 643
1356 87
178 1446
906 1128
755 487
1667 562
348 200
611 735
337 1461
921 766
783 1629
493 1235
1386 979
1197 1201
84 1369
1495 1090
603 569
1448 964
3 967
1137 1747
1396 1647
1553 1181
1047 41
79 798
1220 938
217 875
1154 1300
63 1678
835 616
299 1449
1369 250
1348 159
416 762
582 118
1260 1753
599 688
963 6
1014 824
418 387
1554 1031
1222 543
1462 1336
1257 625
604 204
1232 1627
645 376
213 6
1735 1313
1170 354
748 1306
795 1748
315 654
632 1738
573 1216
646 1305
887 400
588 1292
328 1496
1125 1103
414 1278
1075 1140
793 315
166 1719
440 189
162 165
1748 510
933 1310
1750 18
936 570
751 103
47 157
888 598
707 178
1503 636
739 1296
838 837
697 180
929 865
716 645
1225 437
1490 1223
788 696
1603 988
1677 441
87 1243
585 1603
172 505
1322 993
608 634
872 614
681 652
943 1452
8 1353
53 84
1525 1237
1105 980
977 310
135 1741
316 1362
1638 46
800 701
235 1493
300 480
1149 1561
730 1686
854 534
334 378
352 754
701 563
629 1720
1401 1165
1411 467
1611 496
564 552
1400 632
986 1667
527 977
1009 910
1455 663
324 121
1108 798
215 1268
1174 834
1401 1474
769 575
743 1637
72 612
86 763
326 605
360 1652
847 65
1050 1492
983 1552
1193 90
1292 124
1319 394
721 1099
1775 1109
293 1091
71 330
169 605
772 373
49 1036
548 590
555 1337
1380 1646
196 1667
535 1525
1198 114
634 850
134 552
919 1045
563 1351
973 889
937 1054
1251 599
1406 1123
1584 1418
1604 636
1294 823
517 1254
550 919
1282 1439
143 974
713 845
1497 610
1655 999
1674 979
196 380
1105 1571
430 340
863 1379
8 444
972 431
631 699
317 1380
382 379
726 56
1272 187
1445 1777
1532 1277
1102 1092
90 557
503 734
656 681
1188 1092
1290 1385
31 1330
1754 1291
423 927
801 1379
375 1264
427 45
1150 1228
279 110
581 792
161 900
575 1198
1392 1149
1162 742
1040 1008
912 1167
1793 1052
716 941
851 1599
972 280
186 1623
15 1613
280 1245
658 1074
50 186
1511 1644
372 1576
389 1669
1246 1050
714 217
693 972
543 669
1405 919
118 955
239 512
892 1576
1114 680
1566 817
765 1190
662 1044
1549 1586
1158 508
430 1628
1551 1033
1068 1092
164 990
1048 1648
511 1682
151 532
154 1053
775 1592
164 1685
1331 1054
1673 104
308 863
532 484
1179 1263
1621 382
1365 541
1462 76
405 117
635 1449
1592 1341
1316 192
1070 870
902 1250
939 999
906 1519
540 478
1398 1351
1578 900
674 1587
1068 1621
452 1516
55 267
1130 685
190 1555
1385 1778
1749 1799
673 1136
27 241
12 1549
1376 1531
643 1381
1059 1263
758 502
16 1470
1360 928
1094 1495
1007 446
877 252
339 534
577 542
1454 182
1218 1678
601 1654
707 63
1186 647
62 1535
380 1723
487 1746
210 1431
1502 282
887 832
1775 925
1604 1015
456 1111
806 1473
1613 169
1422 1402
103 728
594 421
333 978
537 1455
1769 1360
1602 1203
1617 517
957 1709
1123 771
1550 305
1304 1512
1464 560
1205 1610
1241 1528
1416 41
1746 1711
1255 451
895 1366
1159 639
1662 49
1219 1238
302 1543
623 616
12 311
1321 321
559 1334
1690 1760
187 374
686 1056
1327 124
1764 850
988 1698
697 814
1267 1634
91 822
1711 22
1305 1171
1655 159
256 1439
20 915
562 1654
200 1388
171 1383
296 487
136 231
542 1465
531 1289
346 893
551 1298
1378 367
1651 518
1536 932
692 721
1546 972
459 139
1349 118
1233 1129
669 1793
532 1258
1314 908
725 1626
503 395
1137 982
1753 978
1109 273
1216 591
894 236
266 605
1616 691
37 1437
121 6
862 692
1689 1167
923 950
776 1760
397 1182
759 56
1739 497
511 1428
771 969
1461 1508
1042 1378
1702 274
685 917
1260 1247
824 833
620 74
161 1645
257 824
576 1153
952 366
375 934
639 1040
1172 143
1096 1086
413 1680
1469 790
113 1371
107 647
307 910
151 88
260 1014
1773 1214
29 753
705 1698
448 1064
408 577
506 727
801 1433
596 557
1324 121
907 32
914 703
785 1022
925 1683
464 1295
1314 1228
1010 189
479 73
133 486
687 1637
860 1261
442 105
474 1518
703 1425
891 1736
942 1032
1694 1173
1762 1143
1662 795
1249 30
1421 1274
1765 1597
19 345
826 191
929 971
148 1327
883 125
10 47
1560 933
1002 1795
729 570
1407 201
106 1695
418 1651
1756 1780
1779 1408
1113 1508
1085 1037
464 550
78 634
1196 1192
827 1401
1229 1449
680 836
1099 447
1403 559
1724 575
131 1254
27 204
935 1169
1788 827
1781 883
1319 1261
1169 868
365 1246
1654 1708
1299 937
968 1373
283 424
126 1712
1545 1481
998 256
1132 69
695 849
313 6
547 971
1599 332
1739 1361
1379 382
772 139
1030 705
790 1503
7 1740
1142 1
820 1048
558 571
1564 371
976 1221
1217 1374
663 1464
1353 1260
1398 1425
1102 194
271 1775
1475 1476
1338 352
381 87
366 83
267 1396
1610 410
7 734
333 237
1719 852
138 1540
443 520
1280 65
1776 580
399 637
1664 421
1428 370
1489 1581
1501 610
981 872
431 1374
1583 1664
266 1391
878 453
641 1026
199 79
534 121
210 85
645 456
1515 564
568 1054
1011 1699
1299 1070
190 1239
1378 293
1061 68
1198 338
555 575
1100 480
655 888
1185 778
964 594
235 954
1382 1562
1389 1603
1549 1374
1082 1709
891 747
1620 687
759 1176
70 752
1302 330
1704 1287
694 849
376 1670
1531 516
721 1038
1175 270
849 75
1695 1326
1492 965
302 266
1632 571
1210 882
1621 896
270 44
1036 1151
817 1421
804 926
1311 646
1660 724
704 970
1744 692
325 1667
605 1073
760 700
564 683
1353 1034
642 701
774 1749
486 1270
1174 484
276 1315
1355 1629
1372 11
640 1697
724 446
1631 696
1030 44
1651 400
157 456
1457 1290
1390 600
1312 728
982 1364
1135 1396
529 1773
1693 809
578 1604
736 1389
480 981
54 1595
560 1039
899 1204
1257 1548
368 369
1593 57
842 1217
1360 645
32 619
994 911
133 262
933 152
1069 653
1407 206
1447 1524
1514 1384
952 1523
634 882
794 372
598 1162
1669 1561
357 894
825 72
879 741
756 1520
1067 1514
471 1339
1133 973
1636 1641
1262 132
364 310
645 940
1207 1113
111 1267
236 901
1111 852
1486 527
850 836
1723 938
789 650
17 1390
1338 1129
796 1127
118 963
523 1339
1622 1627
1774 577
522 324
614 352
688 641
1623 308
1774 1762
1315 886
814 593
1683 26
996 1345
1483 410
1202 268
1267 1294
468 1078
1409 991
609 1769
535 1676
1008 1668
247 205
240 1315
714 1110
553 988
145 1594
1318 255
1454 1548
1300 1590
436 1793
1138 1389
945 477
1437 301
1315 262
247 718
1027 888
1385 395
1786 1114
1691 981
45 1211
330 646
1158 303
648 1063
1713 1310
1689 937
807 310
712 1445
44 638
262 1292
252 1603
1285 1130
1542 863
1471 292
221 1463
1188 1255
140 185
310 532
525 450
1036 1316
343 26
1521 1137
1471 1115
1264 1170
19 760
406 884
890 339
602 496
988 1523
1013 930
44 40
1402 1316
716 247
298 802
1683 744
926 1591
861 880
92 630
109 364
194 1603
66 745
956 741
710 1197
1475 653
1544 1026
843 974
46 760
740 473
1615 242
1284 1715
408 135
263 673
897 1554
311 1189
1319 1722
338 419
1177 1542
1238 1479
1437 749
1072 1610
1658 969
903 772
1177 993
460 1582
997 70
1708 1630
1674 1796
569 7
1261 947
872 1741
323 1720
813 931
1277 1282
678 1450
788 294
1426 1377
24 799
1243 225
880 1302
737 1794
1142 463
331 1687
143 1259
1619 360
476 607
1133 99
1310 1309
308 930
787 1278
1531 1170
453 698
1219 651
1479 1531
1 1142
980 726
987 6
185 1414
825 1088
1700 1158
1606 931
1552 124
1545 826
659 1353
52 247
1659 1667
662 784
35 939
1364 162
1263 952
77 1060
1782 1542
866 590
980 684
235 439
1508 16
1637 942
911 1698
1283 1535
1329 931
716 753
1523 1559
1080 582
66 1008
209 156
1026 184
587 319
1306 1032
1337 698
764 652
1753 171
1694 562
968 1219
85 261
457 487
695 1141
1103 1102
1011 611
1198 47
960 832
215 1609
390 741
593 1319
119 433
97 1681
737 1183
832 77
59 1754
1282 92
846 937
978 600
1298 12
319 1757
1279 701
1736 1184
956 392
1359 459
38 541
256 1672
1383 642
1107 774
1432 491
171 1042
1043 321
727 1387
1028 402
556 665
995 1269
1192 468
546 1435
1757 1009
18 1445
1155 518
983 623
354 985
1087 951
347 1708
966 235
942 340
779 769
514 955
427 742
1067 1673
233 648
810 1694
1165 908
64 1487
651 417
627 131
573 1667
722 1612
483 528
1654 81
1265 216
309 143
95 1
463 86
1086 258
749 1351
451 540
1121 1216
1119 1038
88 851
1137 1453
1749 779
1264 919
607 1642
753 858
1064 1013
1694 68
1063 1733
932 1038
272 46
1335 659
1053 1503
607 652
481 375
1149 103
55 1650
1587 927
834 429
914 1239
503 1133
1477 888
1666 395
902 1091
748 77
765 28
1423 1521
992 1796
49 958
838 938
473 1353
1411 1674
1166 468
