800
119 215
490 532
711 173
750 692
501 82
110 370
403 725
49 244
169 638
350 130
485 272
155 515
365 177
543 149
635 276
493 59
665 325
265 241
600 188
588 179
251 226
489 706
457 207
124 248
497 691
74 515
26 555
473 644
148 665
622 460
671 599
705 224
356 376
564 442
405 698
655 72
233 308
181 731
406 279
224 524
350 759
32 119
683 750
114 602
177 162
140 5
605 488
413 611
726 721
229 273
394 43
375 299
277 51
189 321
439 259
363 387
562 66
798 785
526 694
335 630
370 75
295 464
150 210
12 106
139 506
748 640
655 204
208 109
177 324
181 27
149 173
369 282
256 375
740 163
524 269
231 20
563 608
247 732
710 797
698 129
490 797
433 245
131 711
594 786
43 547
651 278
106 790
58 402
485 239
260 774
527 686
691 106
184 371
749 356
408 400
708 485
547 112
174 528
784 425
377 364
706 450
394 148
54 662
793 571
554 196
779 773
392 701
271 84
95 385
719 361
66 690
203 204
453 747
262 730
790 294
247 613
758 32
405 577
252 307
748 741
73 225
307 617
56 136
711 298
216 149
746 42
581 697
472 591
115 238
508 634
419 360
316 709
507 56
447 441
72 592
199 29
220 236
37 335
658 757
424 681
347 531
61 632
576 152
72 310
626 325
302 496
116 277
2 528
319 97
140 522
724 635
326 741
305 246
354 107
21 363
208 481
540 206
243 102
798 239
104 177
299 261
403 235
14 765
336 737
754 782
607 304
577 753
694 554
385 393
31 529
622 125
176 393
628 279
680 387
3 356
139 329
153 524
627 301
485 730
308 254
523 452
278 796
310 771
676 94
780 560
103 142
268 558
334 269
699 176
321 50
678 8
594 227
185 622
601 420
538 147
501 584
433 582
149 166
540 224
574 570
589 183
711 58
251 315
672 99
481 557
341 474
518 304
309 329
430 176
347 648
45 648
175 575
774 173
443 429
788 376
549 609
607 437
244 104
263 395
101 78
17 693
57 19
709 596
141 292
635 749
306 169
708 686
485 168
13 280
405 227
229 83
276 733
57 298
483 267
488 595
180 94
506 770
605 459
31 662
310 560
105 288
440 89
672 544
101 626
285 263
731 519
482 384
513 272
320 579
170 675
340 395
375 301
768 132
591 298
457 477
456 62
16 180
592 272
565 162
598 782
366 340
529 152
21 616
589 439
154 586
498 368
134 138
642 331
211 182
222 488
667 178
297 715
543 19
145 177
308 197
749 652
129 786
353 74
502 450
623 196
20 465
560 740
652 654
14 404
116 765
208 724
555 583
288 260
399 471
205 267
52 585
205 729
384 381
43 634
196 671
769 50
720 445
59 699
666 696
519 747
332 422
276 342
88 797
577 12
356 52
633 661
386 700
735 360
755 590
387 9
337 636
611 299
734 472
235 696
446 6
715 619
333 245
89 775
732 725
77 104
271 579
332 769
355 154
344 776
686 749
623 413
670 142
753 145
181 561
354 49
501 460
215 201
430 108
215 200
435 659
252 174
505 669
244 791
383 147
206 9
694 241
39 171
496 543
220 204
720 581
270 408
555 511
628 246
159 442
125 523
242 519
224 735
776 434
596 310
306 751
36 407
562 508
756 106
659 506
109 78
216 98
703 363
388 168
230 692
191 677
15 635
441 74
239 649
220 274
528 759
127 652
680 704
478 494
716 412
475 639
199 216
598 28
277 661
214 185
580 143
564 235
69 161
90 253
635 253
460 301
575 342
726 766
789 580
193 589
663 393
749 207
616 84
770 732
583 83
540 565
97 657
305 177
701 579
362 407
783 308
245 707
550 307
712 640
323 47
585 17
32 633
219 686
168 227
249 629
629 148
639 402
548 769
158 537
48 619
130 483
664 439
407 145
434 484
42 122
425 128
465 394
718 386
398 452
767 121
445 115
56 249
211 320
579 103
641 251
126 254
660 149
691 333
209 444
774 797
413 381
296 109
582 491
432 157
717 425
55 59
547 168
502 664
353 13
97 58
588 331
772 593
122 372
655 432
690 338
122 181
73 725
782 550
58 135
278 427
36 152
196 177
395 774
227 176
611 565
714 247
167 364
435 394
379 118
674 439
794 681
418 674
777 98
384 131
594 164
282 206
200 250
717 210
672 745
517 93
59 121
60 795
73 481
582 517
398 522
23 702
490 448
534 462
46 332
326 175
24 85
466 333
444 647
452 92
632 216
107 367
630 251
739 318
606 399
293 442
49 351
381 448
457 33
121 700
712 496
633 253
65 420
458 52
530 198
463 296
412 14
382 106
475 75
784 76
272 320
8 176
312 526
116 746
434 656
81 88
590 685
691 439
257 526
330 327
90 138
3 169
134 475
487 647
9 158
51 194
447 110
770 534
152 430
384 64
221 573
663 766
28 399
162 598
614 793
668 238
550 518
634 388
350 333
667 612
650 500
170 695
62 491
608 518
763 287
295 420
346 360
456 198
726 649
711 705
225 179
228 237
69 690
248 479
377 198
500 436
121 761
627 242
604 305
511 273
237 731
752 156
731 299
466 334
240 763
6 62
204 150
523 38
52 421
643 306
139 328
30 725
366 132
193 454
29 304
618 484
471 206
742 13
71 349
451 505
349 156
592 381
599 366
291 600
137 468
22 44
226 40
758 68
193 4
559 573
795 461
615 637
522 46
259 674
406 340
237 140
160 576
646 610
490 224
447 740
747 335
311 373
773 304
242 753
705 525
82 128
746 54
88 377
173 189
626 141
283 322
468 443
104 208
71 482
357 513
569 701
519 247
175 587
486 753
495 557
35 533
255 434
411 629
136 767
650 339
77 149
675 409
735 751
315 232
755 154
640 75
149 622
668 538
480 731
797 435
61 716
425 375
246 21
511 619
414 758
92 155
606 14
757 614
214 764
243 140
475 117
396 234
509 142
766 729
322 422
67 534
55 346
241 201
309 81
738 501
719 703
524 123
661 163
203 14
108 481
237 721
246 173
713 315
374 246
161 104
37 518
426 657
143 449
264 341
278 397
255 153
582 496
562 30
477 62
40 303
393 83
561 323
260 351
110 726
753 548
639 233
155 210
570 358
289 437
311 342
397 545
36 9
769 241
396 355
153 502
686 167
417 107
626 649
779 596
400 371
769 722
299 598
661 289
633 57
109 325
420 796
660 717
364 558
322 453
516 272
704 413
450 617
273 46
574 152
341 616
732 756
554 692
70 492
324 734
624 293
651 270
274 317
560 636
675 414
4 585
173 370
786 525
47 43
182 667
590 408
239 634
565 649
522 449
1 616
84 302
553 86
80 370
255 137
744 529
481 156
122 763
269 88
73 181
410 416
684 760
445 732
680 419
329 173
291 757
192 557
367 426
86 751
63 78
238 662
438 684
114 325
559 417
512 312
748 399
327 234
138 210
141 389
645 173
102 762
289 554
188 576
727 730
130 438
724 589
735 410
715 209
236 218
280 419
781 262
216 452
371 150
497 88
372 668
182 795
713 619
497 531
772 214
5 108
250 227
452 575
583 776
357 304
597 165
564 469
330 192
119 197
796 64
455 733
395 664
273 227
39 120
533 515
325 671
666 125
433 48
614 520
653 254
560 309
628 394
624 173
316 530
604 701
448 561
175 483
248 385
17 521
489 85
636 456
607 11
681 166
362 452
126 559
356 609
771 403
553 44
676 705
284 269
202 4
328 575
52 175
416 260
415 388
512 524
516 310
483 562
157 294
793 214
455 681
622 644
78 31
54 594
133 150
279 418
48 306
13 608
235 292
144 337
696 324
40 603
530 795
443 572
334 668
279 714
436 160
334 670
695 766
160 1
799 749
422 186
41 196
634 495
402 413
84 690
133 19
1 24
155 23
116 520
609 255
168 251
793 408
501 363
436 527
117 186
459 773
182 787
644 600
114 222
579 269
266 685
146 164
313 205
117 628
747 652
706 325
383 539
671 720
777 321
151 487
429 0
365 528
51 443
201 361
27 60
76 787
200 770
599 462
544 546
34 591
239 735
760 194
685 6
591 231
366 498
737 51
558 313
522 762
721 551
44 182
650 242
742 210
673 655
48 162
787 164
352 579
51 697
545 239
520 338
53 308
142 308
571 795
637 311
676 446
324 361
712 325
10 445
392 757
267 339
750 749
390 13
495 551
548 774
614 486
721 650
792 639
678 253
207 765
367 582
113 36
35 515
657 709
92 233
399 521
547 722
225 795
625 199
269 111
410 305
470 525
665 112
398 737
172 289
553 750
233 46
152 322
105 646
230 118
320 741
12 369
29 419
608 188
10 160
307 709
195 94
471 210
486 480
697 269
438 153
484 454
571 88
615 171
0 240
509 562
509 344
428 255
464 560
273 412
343 708
22 465
307 302
63 84
606 522
557 530
80 57
658 459
382 556
572 680
700 430
518 49
108 443
696 566
687 148
187 15
516 248
647 279
579 572
629 241
297 253
117 648
213 385
670 448
612 123
658 457
37 481
610 47
469 764
435 601
338 64
555 166
157 212
720 463
761 238
591 161
282 310
549 88
773 244
446 16
128 465
218 368
400 83
303 518
210 343
639 271
685 309
105 166
422 499
655 620
542 620
714 11
545 199
172 617
783 409
496 566
635 472
366 363
597 581
217 245
716 108
401 439
309 676
476 751
70 645
755 658
167 373
409 415
596 537
395 80
206 47
137 68
136 794
249 582
704 107
365 126
320 753
210 766
196 132
48 131
53 184
487 228
25 257
361 453
606 392
291 484
791 461
772 759
293 253
430 488
130 359
629 632
452 298
339 429
454 446
275 33
556 17
414 121
472 637
518 749
186 458
737 336
424 675
672 665
43 520
784 248
205 6
522 212
109 593
56 432
107 123
176 67
439 720
216 404
314 297
302 142
633 614
64 200
605 143
750 609
710 639
670 473
794 79
162 182
599 266
5 664
342 796
461 348
759 373
631 522
242 707
708 416
453 505
100 186
64 588
417 315
596 778
504 42
412 383
551 756
332 368
413 63
679 308
559 370
42 167
695 246
166 433
110 430
425 7
314 770
76 243
56 189
368 777
3 545
50 618
25 477
686 23
728 531
772 492
345 564
53 528
223 184
313 487
764 24
171 314
525 556
142 765
449 749
595 562
787 676
333 116
12 565
407 544
197 452
432 251
164 306
573 551
65 194
644 504
495 40
46 630
218 537
391 230
381 33
173 685
240 703
272 386
225 265
556 336
766 386
113 728
59 672
709 708
418 259
208 245
545 429
99 240
386 175
87 215
336 746
381 430
243 773
104 553
252 406
55 744
279 521
132 229
268 404
87 149
620 777
787 285
343 194
305 748
663 797
102 637
178 432
774 418
693 680
460 83
330 270
303 64
763 211
234 389
401 54
270 764
577 394
578 793
207 403
754 436
277 531
703 573
496 418
294 524
702 732
627 338
620 564
539 746
443 347
584 50
115 294
381 766
218 217
585 479
417 745
662 361
68 20
79 555
642 411
198 136
120 401
524 354
143 352
6 678
689 438
700 374
382 684
22 577
685 356
315 123
371 790
466 660
437 198
575 294
170 491
329 794
616 302
738 639
569 59
769 728
320 288
90 194
525 459
62 98
328 105
174 481
621 773
739 452
693 383
131 104
730 571
669 772
194 794
204 548
681 526
535 746
652 27
45 291
13 626
644 777
161 487
527 254
439 79
409 284
207 319
561 131
403 313
143 188
364 784
436 789
467 300
455 39
427 5
19 135
576 47
557 504
45 421
331 412
102 621
375 791
24 610
558 527
789 307
460 736
784 563
464 228
174 295
248 187
294 656
187 278
467 287
209 352
603 14
698 6
90 216
657 315
344 618
484 159
121 707
165 649
200 581
657 72
508 689
744 116
297 258
135 617
123 219
650 595
64 47
701 189
751 501
733 717
368 403
644 384
317 618
164 762
600 263
372 730
762 344
172 515
525 376
591 477
738 689
595 693
514 163
710 291
118 23
673 17
144 310
729 576
178 131
690 179
224 567
160 35
363 500
459 764
298 222
603 63
677 167
286 444
790 796
311 154
637 698
735 232
785 466
201 798
493 528
318 537
202 541
97 546
548 291
441 736
379 370
65 496
765 326
128 772
374 91
659 251
415 357
723 200
675 374
782 582
640 418
227 702
183 413
317 718
543 282
699 268
440 590
610 120
726 277
656 387
651 137
74 180
106 223
60 128
192 306
767 724
135 255
136 548
479 547
474 713
264 410
147 575
168 36
435 69
94 517
713 641
306 36
214 785
21 709
105 440
721 154
310 575
572 19
44 554
211 748
552 424
274 736
101 545
452 540
321 216
292 544
583 314
30 675
44 656
119 428
393 391
241 745
740 401
539 8
589 490
442 666
707 27
351 567
210 512
393 311
199 154
349 578
25 513
754 128
331 626
425 347
281 555
473 314
477 77
608 257
345 712
736 499
18 780
348 723
257 92
506 563
261 313
293 432
212 724
653 397
526 716
692 3
82 502
465 790
112 82
108 150
274 584
78 517
236 558
281 695
129 141
370 692
612 744
707 487
295 310
363 27
314 644
5 124
399 668
678 115
557 613
684 525
286 357
509 717
741 239
38 244
416 422
336 721
538 42
778 687
337 93
373 356
541 26
535 343
192 365
9 130
538 793
185 184
537 3
62 246
396 416
764 559
344 756
718 615
166 337
786 1
299 228
514 622
128 435
718 659
753 333
139 411
632 536
153 281
532 650
677 130
26 207
252 167
169 100
573 410
300 408
356 235
796 147
544 427
357 179
164 772
298 735
99 107
693 268
638 764
567 490
652 592
616 649
7 92
181 105
739 629
580 529
280 122
389 18
129 532
227 662
429 785
719 348
533 471
797 296
292 358
36 99
243 23
111 106
211 687
528 130
792 568
722 413
392 625
5 596
114 88
754 84
578 81
567 613
643 447
747 34
215 746
260 246
201 276
453 448
778 649
513 511
411 519
794 318
744 93
75 237
570 287
776 728
253 269
707 681
737 668
618 470
512 465
799 182
133 215
24 23
74 296
273 749
103 50
256 35
1 323
91 116
745 138
472 584
380 616
663 125
118 543
37 264
19 587
137 524
542 215
344 502
759 774
416 432
20 282
609 254
334 119
349 678
147 444
145 723
556 630
753 229
323 589
542 535
682 320
150 624
662 485
304 479
367 418
684 259
771 151
96 774
767 43
270 0
343 537
420 585
35 39
616 766
222 679
104 286
750 443
459 783
493 229
192 760
464 227
23 487
368 472
4 212
380 131
581 314
664 468
765 205
308 415
50 436
42 602
728 611
437 197
673 745
151 566
742 165
682 751
576 572
28 436
392 484
489 325
687 762
132 82
625 645
157 299
554 767
638 325
768 408
773 393
537 413
496 438
158 495
774 378
358 706
469 630
256 220
524 353
500 484
83 309
239 659
339 216
434 571
53 699
420 725
668 95
643 740
373 538
637 90
586 522
251 575
259 351
537 320
518 380
99 125
498 556
519 432
762 727
182 573
584 786
236 530
733 658
697 183
611 171
611 786
265 648
165 291
541 443
449 742
791 208
724 291
342 710
516 687
505 86
39 112
533 739
795 397
391 49
233 573
797 233
755 505
504 43
359 141
507 322
675 577
54 142
95 62
86 194
668 501
285 511
448 749
143 525
645 50
179 505
602 615
402 600
126 142
710 752
292 754
700 625
19 323
301 755
446 551
688 652
572 676
88 92
198 640
38 644
534 73
459 523
367 156
539 794
386 765
491 521
584 652
387 735
351 110
610 264
157 292
195 144
456 620
78 737
178 73
525 179
515 260
307 436
412 584
146 365
241 766
262 104
783 421
107 323
667 217
458 337
112 795
282 244
441 776
482 607
185 591
732 43
677 172
493 89
476 442
688 630
617 678
474 590
352 585
689 561
734 460
624 114
383 25
470 125
573 72
323 477
693 776
624 203
156 148
155 580
70 380
723 111
399 627
709 577
315 595
206 242
127 615
427 89
142 266
595 540
227 692
7 690
212 652
771 460
359 797
510 620
186 314
261 348
564 116
422 43
738 724
69 338
499 605
593 358
221 301
679 214
705 529
380 367
191 577
418 438
371 79
421 303
314 179
149 726
408 220
717 7
714 75
415 339
499 523
727 478
166 690
604 58
641 17
575 587
563 354
433 795
683 661
364 316
145 212
234 408
636 569
593 78
502 549
488 158
245 464
656 778
448 211
704 640
287 120
72 759
203 428
267 225
283 741
549 30
133 127
467 150
701 200
736 273
437 771
190 692
134 736
763 435
154 17
246 274
487 685
465 781
498 416
306 639
317 707
619 222
300 602
601 389
781 548
409 58
66 48
34 733
78 299
702 78
763 139
362 671
432 372
601 771
124 233
118 364
30 603
761 531
560 245
515 19
40 640
213 492
491 603
431 236
369 225
106 261
793 586
748 413
32 501
599 732
461 41
353 44
796 404
226 736
240 609
148 609
759 137
579 297
120 1
137 402
631 560
86 61
554 530
424 583
389 523
569 607
401 100
740 220
423 581
75 146
166 449
603 3
84 519
745 611
478 193
617 294
191 458
689 664
706 161
138 714
390 744
9 363
242 743
140 215
343 181
531 309
462 3
177 484
287 416
33 135
740 757
567 182
404 697
88 307
687 473
353 656
205 4
244 220
758 784
278 699
265 229
463 111
447 510
87 525
305 672
11 335
112 216
423 335
510 465
503 393
309 754
63 31
120 665
340 460
799 70
511 102
664 733
357 362
156 309
47 411
11 340
716 708
679 362
708 460
569 440
76 775
781 4
378 274
276 743
28 601
80 164
230 258
559 176
692 395
570 766
759 162
376 169
68 21
712 675
639 313
699 259
319 746
271 677
487 207
331 643
558 714
262 378
15 577
4 154
14 441
788 426
156 64
702 687
751 218
503 396
355 156
450 587
676 350
536 674
49 716
318 447
125 667
179 177
574 731
94 602
172 757
253 278
582 596
543 421
376 511
685 660
556 493
358 213
775 539
709 252
245 240
502 194
764 99
296 537
604 493
8 721
311 593
237 270
713 216
546 679
568 307
526 574
609 420
193 544
66 613
248 391
626 625
588 47
431 298
431 691
391 501
359 379
777 512
77 469
510 172
695 418
317 285
478 365
546 691
222 794
333 248
479 181
785 16
414 217
586 217
33 261
640 108
8 13
247 774
233 787
111 21
79 526
142 699
84 697
573 43
294 734
126 708
219 720
789 59
261 653
696 542
783 697
531 534
373 739
526 497
445 604
602 729
150 194
619 225
75 591
613 635
93 615
440 537
442 374
596 710
20 162
282 539
461 601
369 740
449 501
454 725
259 465
27 114
151 321
536 363
652 364
184 677
776 242
398 555
249 732
164 158
378 416
752 365
61 470
163 506
438 295
686 635
217 68
612 438
646 708
538 41
214 682
601 80
499 207
562 571
236 306
689 278
448 662
207 437
530 506
423 92
263 104
250 441
159 687
285 768
98 203
275 734
87 515
337 440
400 386
312 428
649 119
798 114
401 350
7 177
797 578
82 476
768 491
495 775
154 757
16 537
213 738
558 540
266 210
561 367
204 253
0 667
520 228
277 791
13 754
379 705
733 345
295 744
198 432
256 349
15 331
302 751
762 64
15 114
749 424
581 217
790 783
259 92
60 483
297 285
163 109
346 191
426 797
115 284
263 146
747 410
649 538
303 533
328 151
674 705
698 558
760 497
3 653
347 9
95 740
699 758
795 114
175 39
91 443
327 219
662 764
756 502
361 227
446 50
81 23
405 398
431 663
176 87
576 492
96 353
402 432
121 21
623 501
702 82
151 144
566 584
123 673
75 479
451 794
246 319
492 784
138 766
770 734
9 16
225 101
476 393
397 347
765 366
52 326
654 631
285 225
400 599
419 71
331 349
654 794
444 168
119 510
766 466
426 710
469 381
451 38
634 482
454 271
720 342
770 85
54 472
450 217
486 399
89 463
745 142
782 364
144 715
534 207
41 5
796 241
329 614
449 659
527 365
421 80
730 538
96 487
217 43
226 209
372 626
465 297
470 467
379 95
146 397
352 211
347 46
98 674
115 346
85 17
597 395
521 97
385 753
27 88
58 391
352 122
220 734
404 265
240 433
551 225
739 706
147 765
338 356
26 765
786 412
722 34
284 528
756 764
235 677
779 142
140 218
467 203
197 126
293 469
798 501
68 104
513 96
41 474
743 554
642 500
72 735
632 705
565 502
411 64
636 172
46 366
190 88
659 132
743 111
785 693
189 728
290 236
458 640
408 728
782 578
287 501
234 351
621 545
794 458
268 319
470 89
515 661
198 697
775 519
552 285
766 635
727 185
266 299
780 395
260 241
654 98
593 634
110 463
744 287
98 17
725 3
71 710
171 769
690 94
40 518
466 588
688 202
288 375
641 186
188 212
187 308
127 236
602 52
731 604
125 268
671 602
730 80
394 61
419 222
223 563
250 664
657 150
792 26
112 387
238 153
322 225
254 127
271 468
777 108
788 245
351 267
536 52
374 348
275 369
337 195
83 421
156 76
194 424
557 157
551 670
85 474
58 172
120 275
687 271
376 710
135 555
93 79
441 328
125 312
757 155
294 57
529 478
787 246
221 383
2 64
561 533
583 640
152 248
697 738
504 586
94 32
359 277
283 466
328 56
85 722
253 56
377 523
41 203
683 789
541 753
18 625
358 164
648 274
316 711
288 267
327 559
682 103
761 518
471 58
528 172
767 236
746 75
280 602
504 460
323 447
342 237
428 229
106 271
383 795
395 368
443 545
153 507
683 580
494 207
308 687
499 432
795 344
202 353
621 745
288 666
594 729
163 90
310 684
715 545
416 597
722 54
592 688
698 310
346 758
741 614
674 555
528 790
131 170
197 201
258 521
2 425
322 374
703 541
432 637
200 555
474 487
101 344
68 780
505 310
230 180
420 219
521 361
673 133
2 193
321 603
146 479
427 410
134 514
18 770
653 232
486 280
408 149
267 224
194 518
618 535
318 10
646 382
33 611
183 412
413 301
176 452
38 197
429 348
50 476
473 96
571 578
397 128
268 591
327 535
232 141
492 65
587 54
292 250
160 583
340 403
262 618
571 225
179 412
779 556
234 470
244 19
669 735
488 419
472 559
632 248
80 94
167 584
186 663
301 522
607 602
276 88
548 312
723 773
39 603
691 215
745 657
690 281
100 792
158 753
360 257
664 549
437 730
46 235
656 370
74 589
232 773
595 473
33 483
410 701
439 290
494 424
544 606
128 245
85 376
341 131
269 293
480 593
722 72
618 429
0 220
231 48
258 232
45 550
345 497
393 486
202 537
529 117
760 129
637 537
375 328
209 604
540 645
235 317
298 390
789 662
617 328
206 494
792 42
141 769
614 317
28 309
628 666
11 324
60 576
415 449
407 243
546 515
484 786
92 208
497 213
203 277
4 8
325 744
171 608
598 784
666 269
716 510
43 255
679 282
118 190
365 768
402 31
380 180
507 84
93 603
461 603
223 122
648 305
26 167
397 485
180 698
500 331
734 682
578 179
67 22
283 625
563 205
238 618
71 402
684 505
587 670
678 312
590 302
258 221
692 552
620 355
298 177
326 184
141 799
523 392
165 566
638 330
113 405
350 255
527 316
95 249
552 582
354 106
92 429
280 378
780 180
775 306
731 438
272 574
63 272
159 163
148 398
714 14
371 181
89 664
532 190
213 725
463 557
361 245
600 724
535 424
494 436
585 237
388 404
396 485
642 66
737 206
62 117
553 525
55 760
210 697
592 280
42 550
481 340
436 555
257 598
723 464
532 147
224 587
179 384
481 106
229 316
231 335
290 209
47 344
671 43
550 291
552 253
316 457
23 503
159 781
503 214
312 442
336 381
186 674
228 401
406 210
799 346
508 259
462 723
79 550
423 397
147 237
226 298
135 533
640 42
177 26
346 478
791 197
1 514
231 404
318 622
610 379
201 605
484 744
7 191
730 43
389 70
707 528
587 333
391 513
77 440
719 72
482 376
254 190
93 672
89 483
304 357
21 482
10 692
178 276
567 10
602 610
386 483
625 65
360 253
44 683
741 262
70 486
566 198
462 672
619 682
170 403
529 244
229 196
188 575
302 284
355 432
580 228
533 184
451 399
6 269
454 702
608 199
752 533
22 656
741 252
11 83
404 176
471 792
290 263
508 708
536 479
100 269
99 113
648 706
661 258
86 259
354 279
34 278
458 421
589 764
403 196
468 122
476 558
771 339
339 373
30 224
421 656
35 71
660 436
98 302
615 672
148 554
488 577
191 456
477 603
492 361
64 429
717 387
539 269
638 305
32 95
694 187
325 102
456 397
631 403
660 760
786 273
479 301
523 687
326 782
715 502
374 389
651 105
477 71
665 408
612 122
241 663
14 550
299 608
19 342
511 292
593 710
584 304
255 233
388 413
688 183
378 387
162 606
778 17
641 463
565 176
319 737
261 11
257 203
492 667
266 326
636 538
145 440
574 547
171 641
682 414
163 535
190 109
566 783
758 62
541 510
627 615
165 233
659 780
480 335
752 574
265 536
251 103
218 347
340 530
609 483
512 595
464 105
107 434
6 272
760 32
127 178
122 585
301 68
450 204
180 23
279 161
700 424
10 152
59 400
369 215
348 246
174 752
209 438
736 316
188 177
31 205
588 589
662 187
185 296
132 686
269 780
546 539
387 538
124 84
773 258
669 384
615 307
132 581
681 376
378 386
161 742
547 22
586 738
66 612
103 244
169 141
555 107
424 19
319 734
83 405
27 59
428 72
154 467
330 787
23 95
390 634
520 771
29 436
426 524
222 154
387 664
162 623
551 470
300 331
117 114
648 504
781 465
180 132
768 275
666 192
339 374
434 268
535 196
76 256
47 750
16 333
50 486
61 303
728 394
412 244
123 158
111 127
16 181
290 170
123 82
756 736
598 651
468 687
189 225
113 54
500 214
570 734
91 46
382 779
355 656
427 263
284 419
578 97
790 566
440 730
704 430
597 573
577 31
630 678
503 589
111 574
727 31
81 382
542 299
620 423
281 71
168 797
232 61
586 373
136 131
304 784
580 369
703 641
743 179
329 305
370 421
368 442
17 69
406 782
94 61
389 59
445 372
348 493
361 98
247 560
647 480
665 664
520 558
619 183
287 557
407 505
215 494
167 67
645 43
613 318
296 749
521 719
238 436
514 577
622 345
725 304
360 466
228 689
372 509
83 219
587 704
695 153
498 371
534 101
284 45
422 392
549 111
545 485
732 93
131 410
264 409
444 375
325 146
746 556
480 659
173 58
681 7
623 398
232 388
348 53
697 53
67 279
250 205
249 762
505 98
483 606
734 253
385 793
649 635
482 616
762 336
513 253
315 679
388 529
694 429
219 468
629 499
621 778
24 672
57 659
358 797
646 114
67 283
442 755
532 408
25 34
124 344
761 460
705 159
409 179
150 424
613 134
65 132
442 545
494 783
474 573
590 595
630 186
743 633
438 650
751 699
341 142
303 173
776 256
394 714
267 704
187 403
634 583
444 129
152 486
649 264
195 553
421 126
419 208
300 544
736 110
81 17
103 35
617 237
603 547
373 526
457 460
275 409
514 82
204 58
506 389
272 360
430 121
404 472
197 433
475 363
360 342
453 415
658 731
49 727
254 64
701 761
189 658
575 168
351 116
169 623
661 523
212 82
521 404
345 161
289 775
757 783
195 749
34 135
212 540
335 532
8 502
199 372
51 730
377 441
183 202
473 725
82 294
184 778
184 218
264 114
724 70
491 273
428 79
462 459
429 642
729 516
613 374
370 610
581 600
654 272
645 405
376 680
788 655
563 532
531 208
696 439
384 530
643 504
301 12
680 154
304 578
785 387
751 658
245 756
364 204
321 507
669 728
491 403
418 404
455 757
791 11
333 367
507 455
362 214
96 559
324 364
130 639
286 625
568 63
289 509
69 258
274 698
775 673
568 739
780 323
338 465
674 488
253 274
692 513
656 418
479 255
313 572
544 290
263 317
335 549
190 575
385 351
519 778
605 436
109 505
517 390
286 295
733 677
517 477
158 2
20 305
647 540
57 188
530 52
531 657
223 582
757 751
725 89
91 57
585 190
506 103
778 733
765 293
463 642
194 63
349 155
517 129
742 354
324 95
313 641
335 19
129 558
417 324
221 187
670 230
647 185
630 3
729 377
219 196
411 197
550 157
568 120
29 646
258 235
79 414
483 345
31 422
764 362
342 494
161 458
12 304
721 34
332 462
489 368
17 394
254 787
390 77
729 670
460 398
18 163
196 450
270 787
217 481
144 571
600 789
228 242
102 603
0 465
728 295
108 304
183 541
100 330
537 157
718 369
291 412
478 89
363 591
468 200
566 352
138 600
572 269
510 696
706 348
631 141
296 261
410 758
625 713
667 503
653 282
97 316
469 195
338 231
281 365
677 419
515 551
38 417
414 30
725 22
312 66
